171.statevalue,Alabaam,Alabama
14719.statevalue,owa,Iowa
24327.county,McLedo,McLeod
49258.county,Swsiher,Swisher
41791.statevalue,Sout Carolina,South Carolina
29954.statevalue,Nebraka,Nebraska
49662.county,Whaton,Wharton
9688.county,Wilox,Wilcox
16994.county,Mitchlel,Mitchell
16634.county,Hodgemna,Hodgeman
37724.statevalue,Ohgio,Ohio
15134.statevalue,owa,Iowa
29270.county,Prak,Park
2976.statevalue,Akransas,Arkansas
19525.county,Perry***,Perry
584.statevalue,Albama,Alabama
6253.county,Jefqferson,Jefferson
18269.statevalue,Kentucy,Kentucky
36064.county,Gorant,Grant
43517.county,rTipp,Tripp
47661.statevalue,Teaxs,Texas
47343.statevalue,Txas,Texas
19591.county,Roertson,Robertson
8685.county,iMller,Miller
16181.statevalue,Kafnsas,Kansas
14449.county,Chicckasaw,Chickasaw
21507.statevalue,Mrayland,Maryland
35449.county,Sokes,Stokes
46167.county,omanche,Comanche
29804.county,BoxButte,Box Butte
25869.county,Leflobre,Leflore
12794.statevalue,Indiaan,Indiana
3006.county,Pulsaki,Pulaski
44522.county,Lwis,Lewis
1201.statevalue,Alzabama,Alabama
21067.statevalue,Loisiana,Louisiana
20765.statevalue,vLouisiana,Louisiana
22697.statevalue,Micigan,Michigan
50204.statevalue,tah,Utah
2810.statevalue,Arkanssa,Arkansas
42974.statevalue,SouthD akota,South Dakota
18368.statevalue,Kesntucky,Kentucky
22377.statevalue,Michiggan,Michigan
20374.statevalue,Luoisiana,Louisiana
26653.statevalue,Misosuri,Missouri
5130.county,Mrgan,Morgan
54693.statevalue,West Virginifa,West Virginia
20045.statevalue,Louisiaan,Louisiana
29810.county,Bboyd,Boyd
39013.statevalue,Okrlahoma,Oklahoma
34291.county,Cohwan,Chowan
56155.statevalue,bWyoming,Wyoming
3664.county,ariposa,Mariposa
9832.statevalue,Idahto,Idaho
36761.county,Athesn,Athens
32552.county,ora,Mora
50403.statevalue,Utha,Utah
1561.county,Skagway Hoonah Anmgoon,Skagway Hoonah Angoon
20159.county,ameron,Cameron
47902.county,Le,Lee
23341.statevalue,Michigazn,Michigan
45536.statevalue,exas,Texas
38744.statevalue,kOlahoma,Oklahoma
37460.statevalue,cOhio,Ohio
19904.statevalue,Kwentucky,Kentucky
44743.county,oMontgomery,Montgomery
49427.county,Tirnity,Trinity
41682.county,Bambyerg,Bamberg
37999.county,Serneca,Seneca
50164.statevalue,Uath,Utah
24869.county,Stearsn,Stearns
29947.statevalue,Nbraska,Nebraska
10697.statevalue,Illniois,Illinois
28294.statevalue,Missori,Missouri
26838.statevalue,vMissouri,Missouri
46930.county,Grsay,Gray
34242.statevalue,North Craolina,North Carolina
28942.county,Flatheda,Flathead
43178.statevalue,South Dakta,South Dakota
6928.statevalue,eorgia,Georgia
13821.statevalue,Indiaa,Indiana
28894.statevalue,Montna,Montana
45142.statevalue,Tenessee,Tennessee
39904.statevalue,Oergon,Oregon
1346.county,Fairbanks Nort hStar,Fairbanks North Star
38111.statevalue,Ohoi,Ohio
12024.statevalue,Ilinois,Illinois
40544.county,Ccentre,Centre
48133.county,Madipson,Madison
36575.statevalue,Norh Dakota,North Dakota
39980.county,Lke,Lake
45411.county,rcher,Archer
33839.county,Warern,Warren
9367.county,Toomsb,Toombs
6537.county,Orcange,Orange
52094.county,uRssell,Russell
37961.statevalue,Ohoi,Ohio
3343.statevalue,Claifornia,California
23406.statevalue,Micrhigan,Michigan
46318.county,allam,Dallam
16405.statevalue,zKansas,Kansas
16158.county,Cloumd,Cloud
39907.statevalue,Oregotn,Oregon
9815.statevalue,mHawaii,Hawaii
37286.county,Harrisoon,Harrison
20944.statevalue,Loiusiana,Louisiana
43109.statevalue,South Dakta,South Dakota
12548.county,oone,Boone
33830.county,Warrn,Warren
35221.statevalue,Norht Carolina,North Carolina
37343.statevalue,hio,Ohio
7643.county,Dawsno,Dawson
8335.county,Jefferson***,Jefferson
12376.statevalue,Illinoijs,Illinois
17480.statevalue,Kanssa,Kansas
5827.statevalue,Flrida,Florida
18852.county,Knot,Knott
8557.statevalue,Gejorgia,Georgia
36433.statevalue,Normth Dakota,North Dakota
55050.county,unn,Dunn
31103.county,Scott sBluff,Scotts Bluff
24401.statevalue,Minanesota,Minnesota
16274.county,Donpihan,Doniphan
14975.county,oIwa,Iowa
48942.statevalue,Texags,Texas
49896.statevalue,Tuexas,Texas
7177.statevalue,Georga,Georgia
15044.statevalue,Iowta,Iowa
19729.county,Tyalor,Taylor
15686.statevalue,Inowa,Iowa
40762.county,fFayette,Fayette
43860.county,Claqy,Clay
26279.county,Simpsno,Simpson
272.county,Ctoffee,Coffee
3238.county,Whtie,White
56379.statevalue,yWoming,Wyoming
30507.statevalue,Nebrasa,Nebraska
3026.statevalue,Arkasas,Arkansas
21149.statevalue,Maeine,Maine
50524.county,Franlin,Franklin
52369.county,Yrk,York
38641.county,Delawaer,Delaware
37195.statevalue,Oyhio,Ohio
40509.county,iCameron,Cameron
31813.county,Straffzord,Strafford
55576.county,Ozaukee***,Ozaukee
3221.county,Washingtno,Washington
29566.statevalue,oMntana,Montana
5315.county,Sraguache,Saguache
16410.county,ord,Ford
37680.statevalue,Ohoi,Ohio
30228.county,ranklin,Franklin
13907.county,Unino,Union
24927.statevalue,rMinnesota,Minnesota
34822.statevalue,orth Carolina,North Carolina
53389.statevalue,Washinton,Washington
5459.county,Yma,Yuma
20513.statevalue,Lokuisiana,Louisiana
16499.county,Granot,Grant
8056.statevalue,eorgia,Georgia
41145.county,Morntour,Montour
4657.county,Doquglas,Douglas
53822.statevalue,Wesdt Virginia,West Virginia
33049.statevalue,New oYork,New York
39084.statevalue,Okahoma,Oklahoma
37157.county,zGallia,Gallia
22882.county,Lenoawee,Lenawee
50761.county,Appomavttox,Appomattox
30048.statevalue,ebraska,Nebraska
44251.county,Hardni,Hardin
8995.statevalue,Georga,Georgia
33357.county,kNew York,New York
50848.county,eBdford,Bedford
51069.county,Crig,Craig
45226.county,Wahsington,Washington
37813.county,Pauldinyg,Paulding
43163.county,Lncoln,Lincoln
39308.statevalue,Oklahoa,Oklahoma
7774.statevalue,Georlgia,Georgia
4393.county,Bcaa,Baca
40652.statevalue,Pennsyrlvania,Pennsylvania
33935.statevalue,Nort hCarolina,North Carolina
44538.county,Linclon,Lincoln
9161.county,Salding,Spalding
27651.statevalue,Missuori,Missouri
6189.county,Hillsbrough,Hillsborough
4822.statevalue,Cloorado,Colorado
18801.county,Jessamuine,Jessamine
28767.statevalue,iMontana,Montana
4554.county,ostilla,Costilla
7697.county,Dodeg,Dodge
11674.statevalue,Ililnois,Illinois
6729.statevalue,lForida,Florida
14784.statevalue,Iwa,Iowa
40159.statevalue,Orebgon,Oregon
29305.county,Phillips***,Phillips
11476.county,Knocx,Knox
18386.statevalue,Kentcky,Kentucky
52771.county,Marinsville City,Martinsville City
28981.county,lacier,Glacier
26722.county,Btes,Bates
34200.county,Camedn,Camden
22794.statevalue,Michigna,Michigan
3832.statevalue,Califiornia,California
10200.county,Frankliyn,Franklin
47269.statevalue,exas,Texas
13281.statevalue,Indana,Indiana
17286.county,Reon,Reno
54568.county,Summesrs,Summers
55485.county,Milawukee,Milwaukee
10740.county,alhoun,Calhoun
31280.statevalue,Ngebraska,Nebraska
18452.county,Fultno,Fulton
33002.county,Columbai,Columbia
26747.county,Bentn,Benton
30552.statevalue,Nebrska,Nebraska
34086.county,Bladne,Bladen
33359.county,New cYork,New York
1738.county,Grham,Graham
3315.county,Amadr,Amador
13167.county,Jennicngs,Jennings
53665.statevalue,Washihngton,Washington
26808.statevalue,Miwssouri,Missouri
19324.statevalue,Ketnucky,Kentucky
17071.statevalue,hKansas,Kansas
14866.county,Hartdin,Hardin
52275.statevalue,Virgiina,Virginia
29290.county,Petorleum,Petroleum
50762.county,Apopmattox,Appomattox
9339.county,Tohmas,Thomas
26476.county,Wiarren,Warren
31422.statevalue,evada,Nevada
50571.statevalue,Verqmont,Vermont
46777.county,Freestnoe,Freestone
25928.county,Madisoin,Madison
32009.statevalue,New Jesey,New Jersey
48518.statevalue,Texs,Texas
32022.county,uHnterdon,Hunterdon
38771.statevalue,nOklahoma,Oklahoma
43435.county,Sink,Spink
17872.statevalue,Kentqucky,Kentucky
50079.statevalue,Uttah,Utah
31436.statevalue,Nevaad,Nevada
631.county,ackson,Jackson
30891.county,Perwkins,Perkins
639.county,Jacksotn,Jackson
21685.county,Queen Annse,Queen Annes
42242.county,Newmberry,Newberry
11311.statevalue,Ililnois,Illinois
17031.statevalue,ansas,Kansas
56246.statevalue,Wyoing,Wyoming
13592.county,Pogrter,Porter
6476.statevalue,Floria,Florida
21014.county,Wbester,Webster
878.statevalue,Albama,Alabama
46350.statevalue,Teyxas,Texas
39721.county,Claztsop,Clatsop
846.statevalue,Alabamba,Alabama
11657.statevalue,Illinois***,Illinois
43969.statevalue,Tennesese,Tennessee
47735.county,Kible,Kimble
17241.county,ottawatomie,Pottawatomie
55808.statevalue,Wicsonsin,Wisconsin
53337.county,Jfeferson,Jefferson
10396.county,Linocln,Lincoln
37415.statevalue,hOio,Ohio
75.county,Blnount,Blount
47707.statevalue,Txas,Texas
6209.statevalue,lorida,Florida
3972.county,San Joaquni,San Joaquin
12358.county,hite,White
9389.statevalue,eGorgia,Georgia
22492.county,Emmeqt,Emmet
47998.statevalue,Txeas,Texas
22742.statevalue,Micfhigan,Michigan
49317.statevalue,Txeas,Texas
14430.statevalue,Ioaw,Iowa
2581.statevalue,rAkansas,Arkansas
55998.county,aupaca,Waupaca
2105.statevalue,Arkansmas,Arkansas
48086.county,cCulloch,McCulloch
25767.statevalue,Missisippi,Mississippi
19832.statevalue,entucky,Kentucky
16376.county,Ellsworht,Ellsworth
766.county,Llowndes,Lowndes
44742.statevalue,Tennessnee,Tennessee
3811.statevalue,Califonrnia,California
25604.statevalue,Missisisppi,Mississippi
27104.statevalue,Missouri***,Missouri
26734.statevalue,iMssouri,Missouri
25578.statevalue,Missrissippi,Mississippi
41443.county,Wayen,Wayne
7264.county,Candelr,Candler
54348.statevalue,West Virginita,West Virginia
44690.county,Maunry,Maury
16269.county,Dickinszon,Dickinson
34613.statevalue,North Caroliona,North Carolina
13127.county,ay,Jay
11654.county,acon,Macon
10162.county,Cuter,Custer
12469.county,Adasm,Adams
53371.county,itsap,Kitsap
22987.county,Marquetet,Marquette
23049.county,Menomiee,Menominee
50336.county,Uath,Utah
1269.county,eBthel,Bethel
15524.statevalue,Iwoa,Iowa
12282.county,aWbash,Wabash
21240.county,incoln,Lincoln
18239.county,Cay,Clay
20709.statevalue,Lousiiana,Louisiana
38434.statevalue,Osklahoma,Oklahoma
27943.statevalue,Missrouri,Missouri
27106.county,Crawfrd,Crawford
24603.county,ine,Pine
42393.statevalue,Souh Carolina,South Carolina
24699.statevalue,innesota,Minnesota
44214.statevalue,Tenessee,Tennessee
45627.statevalue,Texs,Texas
52926.county,Roanoek City,Roanoke City
24979.statevalue,Minwnesota,Minnesota
25760.statevalue,Misgsissippi,Mississippi
24298.statevalue,Minesota,Minnesota
55530.statevalue,Wixsconsin,Wisconsin
6967.statevalue,Georngia,Georgia
18570.county,Gren,Green
24065.statevalue,Minesota,Minnesota
12325.county,Wsahington,Washington
53160.county,Clfark,Clark
49538.statevalue,Txeas,Texas
48633.statevalue,Texsa,Texas
54257.statevalue,West Virgina,West Virginia
17576.statevalue,Kanseas,Kansas
10997.statevalue,llinois,Illinois
44776.county,Mworgan,Morgan
2763.county,Misisssippi,Mississippi
3142.statevalue,Arkanssa,Arkansas
15535.statevalue,oIwa,Iowa
23332.county,Presque Isile,Presque Isle
43761.statevalue,Tennessee***,Tennessee
36421.statevalue,North Daokta,North Dakota
4913.county,Kit Crason,Kit Carson
5290.county,Rio Graunde,Rio Grande
41765.statevalue,South Carloina,South Carolina
50230.statevalue,Uth,Utah
19661.statevalue,jKentucky,Kentucky
39253.county,Oklahomqa,Oklahoma
16492.county,Gratn,Grant
22412.statevalue,Michigna,Michigan
52175.statevalue,Virinia,Virginia
14054.county,Wayen,Wayne
28346.statevalue,Missouir,Missouri
39990.statevalue,Oregn,Oregon
42362.statevalue,South Carolinsa,South Carolina
46524.county,aEstland,Eastland
21206.county,Kinox,Knox
39219.county,Nwoata,Nowata
35574.statevalue,Nortah Carolina,North Carolina
42992.county,Hguhes,Hughes
36798.statevalue,qOhio,Ohio
4759.county,Gilin,Gilpin
52143.statevalue,irginia,Virginia
43793.county,aCrter,Carter
32633.statevalue,New Meximco,New Mexico
34784.statevalue,Nrth Carolina,North Carolina
7201.county,Butts***,Butts
34492.statevalue,North Caorlina,North Carolina
38332.county,Bever,Beaver
43797.county,Chfeatham,Cheatham
29445.county,Roosekvelt,Roosevelt
52770.county,gMartinsville City,Martinsville City
32588.county,hQuay,Quay
32605.county,Rio Ariba,Rio Arriba
32390.statevalue,Nwe Mexico,New Mexico
24047.statevalue,Minneosta,Minnesota
14091.county,Wite,White
43359.county,qPerkins,Perkins
29060.statevalue,Montna,Montana
54168.county,Lgoan,Logan
12895.statevalue,Indana,Indiana
47186.county,Haskel,Haskell
50407.statevalue,Uah,Utah
45639.statevalue,eTxas,Texas
15980.statevalue,Kansxas,Kansas
15383.statevalue,Ioaw,Iowa
43162.county,Linconl,Lincoln
33605.county,Rockand,Rockland
49772.statevalue,Texsa,Texas
9497.county,iUpson,Upson
29.statevalue,Alabaam,Alabama
44514.statevalue,Tennesee,Tennessee
45.statevalue,Alaabma,Alabama
28225.statevalue,Missouir,Missouri
33144.county,Genegsee,Genesee
16490.statevalue,aKnsas,Kansas
39325.statevalue,Olkahoma,Oklahoma
50013.statevalue,Utbah,Utah
24719.statevalue,Minneota,Minnesota
38450.county,Cherokee***,Cherokee
1775.statevalue,rAizona,Arizona
35272.statevalue,North Carolinla,North Carolina
52577.county,Falls Cuhurch City,Falls Church City
11466.statevalue,Illinoids,Illinois
55445.county,Mraquette,Marquette
8666.county,Meriwethr,Meriwether
28084.county,Patte,Platte
30417.statevalue,Nebrasksa,Nebraska
9994.statevalue,yIdaho,Idaho
3885.county,Scramento,Sacramento
35869.statevalue,North Dakotea,North Dakota
54814.county,Bayflield,Bayfield
2402.statevalue,Artkansas,Arkansas
21958.county,Hapmshire,Hampshire
40465.statevalue,Pennslvania,Pennsylvania
20249.county,Eat Baton Rouge,East Baton Rouge
40258.county,Wsahington,Washington
5477.county,Faizrfield,Fairfield
34830.county,Jakson,Jackson
40318.county,dams,Adams
3882.county,Sacrazmento,Sacramento
34239.statevalue,North Cearolina,North Carolina
34858.statevalue,NorthCarolina,North Carolina
26780.statevalue,issouri,Missouri
36326.statevalue,North Dmakota,North Dakota
12110.statevalue,Illinosi,Illinois
37096.statevalue,Oho,Ohio
44094.county,Gbison,Gibson
8618.statevalue,Georgai,Georgia
37692.statevalue,hio,Ohio
44133.county,rGainger,Grainger
18822.county,Jonhson,Johnson
7120.statevalue,Geoorgia,Georgia
7238.county,Caomden,Camden
1841.county,Pma,Pima
37822.statevalue,Ojhio,Ohio
24471.statevalue,eMinnesota,Minnesota
3026.county,St Francsi,St Francis
12148.statevalue,Ibllinois,Illinois
45870.county,ameron,Cameron
54667.statevalue,Wes tVirginia,West Virginia
25330.county,Clakre,Clarke
42857.statevalue,Southp Dakota,South Dakota
30705.statevalue,Nebrasak,Nebraska
47842.statevalue,Tyexas,Texas
33176.statevalue,Neuw York,New York
32020.county,Huntedon,Hunterdon
29187.statevalue,Motnana,Montana
39354.county,Pittbsurg,Pittsburg
19367.statevalue,Keuntucky,Kentucky
23483.county,Tuscloa,Tuscola
40858.statevalue,Pennsylvaniua,Pennsylvania
55973.statevalue,Wiscnosin,Wisconsin
10062.county,Cmas,Camas
35371.statevalue,North Carolinha,North Carolina
11124.statevalue,Ilinois,Illinois
9967.statevalue,daho,Idaho
415.statevalue,Alabaxma,Alabama
56286.statevalue,Woyming,Wyoming
49888.statevalue,Teaxs,Texas
55742.county,usk,Rusk
35047.statevalue,orth Carolina,North Carolina
14130.county,Adgair,Adair
48263.statevalue,eTxas,Texas
1443.statevalue,Alasa,Alaska
29140.statevalue,Montaan,Montana
55125.county,Forset,Forest
1158.county,Wshington,Washington
19667.county,Sctt,Scott
45369.county,nAgelina,Angelina
38641.statevalue,Oklahoam,Oklahoma
8117.statevalue,Georzgia,Georgia
45557.county,Beue,Bee
34398.statevalue,North Caorlina,North Carolina
24291.statevalue,Minnesoat,Minnesota
11506.county,LaSalle,La Salle
2946.statevalue,rAkansas,Arkansas
8984.county,Punam,Putnam
49156.county,Somervlel,Somervell
79.county,Bount,Blount
7285.statevalue,Gerogia,Georgia
28157.county,Rals,Ralls
15302.county,Monna,Monona
21719.county,omerset,Somerset
26618.county,Adapir,Adair
6024.statevalue,lForida,Florida
198.county,Chlton,Chilton
36005.county,Fostecr,Foster
23607.statevalue,Minesota,Minnesota
7075.county,Bbb,Bibb
13529.county,wOen,Owen
51332.statevalue,Voirginia,Virginia
28627.statevalue,Mihssouri,Missouri
18102.county,Callowaey,Calloway
15990.county,Bourwbon,Bourbon
51051.statevalue,Virignia,Virginia
19297.county,etcalfe,Metcalfe
4110.statevalue,Californai,California
37601.statevalue,hio,Ohio
50904.statevalue,Virgdinia,Virginia
51292.county,Gies,Giles
52265.statevalue,Virginwia,Virginia
42861.statevalue,South akota,South Dakota
23467.statevalue,Michiagn,Michigan
28402.county,Sctot,Scott
45406.statevalue,eTxas,Texas
32155.county,Soemrset,Somerset
10749.county,Carroll***,Carroll
4411.county,Bnt,Bent
38918.statevalue,klahoma,Oklahoma
12097.county,Salien,Saline
32813.statevalue,New Mexco,New Mexico
56066.county,Ablany,Albany
13749.county,Sfcott,Scott
28930.statevalue,Maontana,Montana
13584.county,ike,Pike
37107.county,Fayetite,Fayette
649.statevalue,Aplabama,Alabama
44787.statevalue,Tennesskee,Tennessee
20574.county,Natchtoches,Natchitoches
42155.statevalue,South Cabrolina,South Carolina
27895.county,New qMadrid,New Madrid
22593.statevalue,Michgan,Michigan
1053.statevalue,Alabamia,Alabama
40542.county,Cetre,Centre
56261.statevalue,Wymoing,Wyoming
25536.county,Hancok,Hancock
25765.statevalue,Mississippi***,Mississippi
11959.statevalue,Illinodis,Illinois
54968.county,rCawford,Crawford
27356.county,Hnry,Henry
15654.statevalue,owa,Iowa
4048.county,Santa Clarra,Santa Clara
54412.county,Pendbleton,Pendleton
14033.county,ashington,Washington
2228.statevalue,Arkanss,Arkansas
25849.county,ee,Lee
9614.county,Webstre,Webster
38264.county,Wyandt,Wyandot
30546.county,Jefferosn,Jefferson
17734.county,Wison,Wilson
12341.statevalue,Ililnois,Illinois
11489.statevalue,Illinofis,Illinois
33489.statevalue,New Ysork,New York
46023.county,Clya,Clay
38022.statevalue,hio,Ohio
6411.county,Mairon,Marion
11582.county,Lgan,Logan
36531.statevalue,Nortvh Dakota,North Dakota
36262.county,Mortzon,Morton
9674.county,lWhitfield,Whitfield
29024.statevalue,ontana,Montana
31090.county,Soctts Bluff,Scotts Bluff
43752.county,Cannon***,Cannon
8500.statevalue,Georgina,Georgia
28709.county,Big Hron,Big Horn
20215.statevalue,Lousiiana,Louisiana
53549.county,ierce,Pierce
17866.statevalue,Kentucyk,Kentucky
37875.county,Portsage,Portage
17258.county,Prtat,Pratt
31500.county,Ladner,Lander
30094.statevalue,eNbraska,Nebraska
35856.statevalue,North Dkaota,North Dakota
47375.statevalue,Tepxas,Texas
10084.statevalue,daho,Idaho
13974.county,abash,Wabash
45827.county,Caldweull,Caldwell
12912.statevalue,Indiaan,Indiana
39486.county,Sequoyha,Sequoyah
41707.statevalue,Soputh Carolina,South Carolina
9142.county,Seimnole,Seminole
1610.county,Wade Hapton,Wade Hampton
19608.county,Rockcaslte,Rockcastle
48543.county,kOchiltree,Ochiltree
31755.county,Hilwlsborough,Hillsborough
46740.county,Frt Bend,Fort Bend
3843.statevalue,Cyalifornia,California
31356.county,Yonrk,York
661.statevalue,nAlabama,Alabama
35699.statevalue,North Carloina,North Carolina
44529.county,ewis,Lewis
23436.statevalue,Michnigan,Michigan
15360.county,Mupscatine,Muscatine
29838.statevalue,ebraska,Nebraska
28192.statevalue,Missorui,Missouri
26619.county,Adkair,Adair
55248.statevalue,Wiscoqnsin,Wisconsin
16867.statevalue,Kiansas,Kansas
4054.county,Santa Crzu,Santa Cruz
32764.county,Torraance,Torrance
49655.statevalue,Teaxs,Texas
34223.county,Cawsell,Caswell
20917.statevalue,Loisiana,Louisiana
49155.statevalue,Tbexas,Texas
53206.county,Cwolitz,Cowlitz
54249.statevalue,Wes Virginia,West Virginia
7712.county,Dooyl,Dooly
10590.statevalue,daho,Idaho
46040.county,Cohran,Cochran
8268.county,Iyrwin,Irwin
26379.county,Tipph,Tippah
5879.county,Comllier,Collier
16096.statevalue,ansas,Kansas
3985.statevalue,Ccalifornia,California
21637.statevalue,Maroyland,Maryland
44530.county,Leiws,Lewis
29259.statevalue,mMontana,Montana
26451.county,fWalthall,Walthall
31465.statevalue,evada,Nevada
812.statevalue,labama,Alabama
47435.county,rIion,Irion
7993.county,Glasscock,Glascock
54123.county,Kanwaha,Kanawha
12812.county,Elkart,Elkhart
35326.county,oRbeson,Robeson
25365.statevalue,Misisssippi,Mississippi
42555.county,Bunffalo,Buffalo
34052.statevalue,Norh Carolina,North Carolina
48394.statevalue,exas,Texas
52672.statevalue,Virginai,Virginia
46763.statevalue,exas,Texas
31582.statevalue,Neada,Nevada
50670.county,indsor,Windsor
55396.statevalue,Wismconsin,Wisconsin
40815.statevalue,ennsylvania,Pennsylvania
42423.statevalue,South Cadrolina,South Carolina
20241.statevalue,Loisiana,Louisiana
10744.statevalue,Ilblinois,Illinois
44453.statevalue,aTennessee,Tennessee
1899.county,Yvaapai,Yavapai
21732.statevalue,aryland,Maryland
44694.county,Mary,Maury
25497.statevalue,Mississpipi,Mississippi
56216.statevalue,Wyomicng,Wyoming
17206.county,Panee,Pawnee
50755.statevalue,Virginiya,Virginia
1621.statevalue,lAaska,Alaska
38521.statevalue,Oklahoama,Oklahoma
15463.statevalue,Ioa,Iowa
30950.county,Plate,Platte
47063.county,Haimlton,Hamilton
42222.county,Marlvboro,Marlboro
53884.county,Calhun,Calhoun
28256.statevalue,Misouri,Missouri
19093.county,cCracken,McCracken
32294.statevalue,New Mxico,New Mexico
48535.county,Ohciltree,Ochiltree
16278.statevalue,Kanass,Kansas
18496.statevalue,entucky,Kentucky
50733.statevalue,Virgiina,Virginia
16139.statevalue,Kasnas,Kansas
997.county,Ranolph,Randolph
25445.statevalue,Misisssippi,Mississippi
36459.county,Satrgent,Sargent
35896.statevalue,North Daokta,North Dakota
1301.statevalue,laska,Alaska
26131.county,sPerry,Perry
14040.county,Washintgon,Washington
30128.statevalue,Nerbaska,Nebraska
30216.statevalue,Nebiraska,Nebraska
13872.statevalue,Inidana,Indiana
29579.county,Toolze,Toole
13883.statevalue,Indiaa,Indiana
14039.county,Wahington,Washington
22471.county,aEton,Eaton
47234.statevalue,Tbexas,Texas
1022.county,Russel,Russell
50676.statevalue,irginia,Virginia
34335.county,Ceveland,Cleveland
46570.statevalue,exas,Texas
22460.county,Dickisnon,Dickinson
24303.county,Lyno,Lyon
3288.statevalue,Califorgnia,California
35728.statevalue,North Caurolina,North Carolina
37064.county,Ere,Erie
10916.statevalue,Illrinois,Illinois
47252.county,Hiadlgo,Hidalgo
34102.county,runswick,Brunswick
45343.statevalue,Teas,Texas
296.county,Coblert,Colbert
4345.statevalue,oClorado,Colorado
13916.county,Vaderburgh,Vanderburgh
10205.statevalue,Idaoh,Idaho
31539.statevalue,eNvada,Nevada
48783.statevalue,Texsa,Texas
12423.county,Winrnebago,Winnebago
26550.county,Wikinson,Wilkinson
42928.statevalue,outh Dakota,South Dakota
15367.county,Musctaine,Muscatine
24894.county,Steekle,Steele
793.statevalue,lAabama,Alabama
31021.statevalue,Nebrasvka,Nebraska
29967.county,Chercry,Cherry
41082.county,Mifflin***,Mifflin
46087.statevalue,Texsa,Texas
42064.statevalue,Sotuh Carolina,South Carolina
55331.statevalue,Wsconsin,Wisconsin
23954.county,Faribarult,Faribault
9376.county,Tooumbs,Toombs
27669.county,Mcdonuald,Mcdonald
18602.statevalue,Kntucky,Kentucky
17643.statevalue,ansas,Kansas
31617.county,ashoe,Washoe
47415.county,Hutchinon,Hutchinson
32692.statevalue,New Mexioc,New Mexico
2597.statevalue,Akansas,Arkansas
29626.statevalue,Montna,Montana
50639.county,Windam,Windham
26361.county,Tae,Tate
5767.statevalue,Folrida,Florida
27264.statevalue,Missouir,Missouri
26407.county,Tqunica,Tunica
3571.statevalue,Cailfornia,California
32061.county,Momouth,Monmouth
36931.statevalue,Ohsio,Ohio
38523.statevalue,Oklhaoma,Oklahoma
37274.county,Hardiin,Hardin
44225.county,ancock,Hancock
53112.county,Benotn,Benton
45433.statevalue,Texsa,Texas
32981.statevalue,New ork,New York
28655.county,right,Wright
6710.statevalue,lorida,Florida
27795.statevalue,issouri,Missouri
3386.county,Conta Costa,Contra Costa
9764.statevalue,aHwaii,Hawaii
42814.county,dEmunds,Edmunds
4623.county,Denvemr,Denver
8835.county,Ocnoee,Oconee
4764.statevalue,Colorao,Colorado
35539.county,nion,Union
22283.county,Brnch,Branch
37443.county,ake,Lake
46512.county,Dvual,Duval
17219.county,Phillcips,Phillips
22103.statevalue,Michgan,Michigan
51014.statevalue,iVrginia,Virginia
22223.statevalue,Michian,Michigan
12995.statevalue,nIdiana,Indiana
5619.county,ent,Kent
7010.county,sBarrow,Barrow
2268.county,ross,Cross
48537.county,Ochlitree,Ochiltree
42075.county,Jaspre,Jasper
29735.statevalue,eNbraska,Nebraska
16870.statevalue,mKansas,Kansas
31571.statevalue,evada,Nevada
9179.county,Stepthens,Stephens
2602.county,Lawence,Lawrence
29508.county,Sivler Bow,Silver Bow
30720.statevalue,zNebraska,Nebraska
3545.statevalue,Californa,California
25227.statevalue,Mwississippi,Mississippi
48397.county,wMoore,Moore
32435.county,Harxding,Harding
22686.statevalue,Mchigan,Michigan
34074.statevalue,Northw Carolina,North Carolina
47888.county,aLvaca,Lavaca
42692.statevalue,South Daktoa,South Dakota
26874.county,Camedn,Camden
27752.county,Mraion,Marion
30511.county,Hsoward,Howard
42132.county,Laruens,Laurens
36831.statevalue,Onhio,Ohio
27155.statevalue,Missouir,Missouri
32536.county,Mkinley,Mckinley
46428.statevalue,Texs,Texas
45349.statevalue,Txeas,Texas
39721.statevalue,Oergon,Oregon
51857.statevalue,Virginnia,Virginia
4223.county,rinity,Trinity
28502.statevalue,Misouri,Missouri
4765.county,Giplin,Gilpin
29977.statevalue,eNbraska,Nebraska
30054.county,Custr,Custer
578.county,aHle,Hale
42538.statevalue,South Daknota,South Dakota
41121.statevalue,Pennsylvanai,Pennsylvania
23627.county,Bletrami,Beltrami
54812.statevalue,Wiscosnin,Wisconsin
29642.county,Whatland,Wheatland
39108.statevalue,Oklahomga,Oklahoma
45518.statevalue,Tjexas,Texas
47934.statevalue,Texavs,Texas
34869.county,eLe,Lee
16222.statevalue,ansas,Kansas
8384.statevalue,Geortgia,Georgia
44617.statevalue,Tennsesee,Tennessee
18270.county,Clinon,Clinton
52356.county,Wthe,Wythe
16245.county,ecatur,Decatur
45216.statevalue,ennessee,Tennessee
8719.county,Monoe,Monroe
20748.county,S Charles,St Charles
22809.county,Keweenw,Keweenaw
46054.statevalue,Txas,Texas
30240.statevalue,Nebragska,Nebraska
36031.county,oGlden Valley,Golden Valley
25048.statevalue,Minnesoat,Minnesota
30503.county,Hookr,Hooker
32267.statevalue,New Mexcio,New Mexico
29334.statevalue,Motnana,Montana
9129.county,Seminolae,Seminole
6037.statevalue,Florihda,Florida
11015.statevalue,Illinios,Illinois
35521.statevalue,Notrh Carolina,North Carolina
37160.statevalue,Ohioo,Ohio
45257.statevalue,Tennessee***,Tennessee
25571.county,xHinds,Hinds
41744.county,Calhun,Calhoun
27027.statevalue,Missouri***,Missouri
51551.statevalue,Virgniia,Virginia
23467.county,Sdhiawassee,Shiawassee
48387.county,Moocre,Moore
812.county,Marejngo,Marengo
31812.county,Strajfford,Strafford
20894.statevalue,Louisioana,Louisiana
39328.statevalue,Oklfahoma,Oklahoma
42222.statevalue,South Caroina,South Carolina
28493.statevalue,Missoui,Missouri
34337.county,lCeveland,Cleveland
154.statevalue,Alrabama,Alabama
47877.statevalue,Texs,Texas
44595.county,McNaiiry,McNairy
44770.county,Modrgan,Morgan
7419.county,Cay,Clay
53290.county,Gratn,Grant
32236.statevalue,New Meixco,New Mexico
4965.statevalue,Colroado,Colorado
47171.statevalue,exas,Texas
24885.statevalue,Minnesota***,Minnesota
10992.statevalue,Ilinois,Illinois
948.statevalue,lAabama,Alabama
34222.county,Cafswell,Caswell
37786.county,ttawa,Ottawa
40680.statevalue,Pennsylania,Pennsylvania
29489.county,Shermidan,Sheridan
20629.statevalue,Loluisiana,Louisiana
35633.county,Waatuga,Watauga
16882.statevalue,bKansas,Kansas
15145.statevalue,Ioaw,Iowa
50784.statevalue,Viryginia,Virginia
41009.statevalue,ennsylvania,Pennsylvania
8884.statevalue,Georiga,Georgia
44618.county,Maocn,Macon
15731.statevalue,Ioaw,Iowa
14189.county,uAdubon,Audubon
12599.county,uCarroll,Carroll
21952.county,Hapshire,Hampshire
55634.county,Pok,Polk
2715.statevalue,Arkanosas,Arkansas
3938.statevalue,Californai,California
15835.county,wWinneshiek,Winneshiek
11577.statevalue,Illinis,Illinois
11513.statevalue,Illniois,Illinois
35221.county,erquimans,Perquimans
30282.county,Gavge,Gage
56076.county,Bi Horn,Big Horn
46939.statevalue,Texsa,Texas
40355.statevalue,lPennsylvania,Pennsylvania
12987.statevalue,Indana,Indiana
47255.county,Hdalgo,Hidalgo
27568.statevalue,Missoutri,Missouri
6393.statevalue,Falorida,Florida
29268.statevalue,Mhontana,Montana
45824.county,Cldwell,Caldwell
1420.county,Kodak Island,Kodiak Island
19547.statevalue,Kentuciky,Kentucky
20983.county,Vexrnon,Vernon
46322.county,Dllam,Dallam
11134.statevalue,llinois,Illinois
37943.statevalue,Ohoi,Ohio
40504.county,Camerno,Cameron
21355.county,aWshington,Washington
32958.statevalue,eNw York,New York
4415.statevalue,Coloraod,Colorado
26818.county,Btuler,Butler
48545.county,Ochilttree,Ochiltree
52062.statevalue,Virignia,Virginia
35446.county,tSokes,Stokes
19953.county,cAadia,Acadia
34023.statevalue,Northo Carolina,North Carolina
20568.statevalue,Lousiana,Louisiana
46592.statevalue,Tenxas,Texas
31923.statevalue,Nzew Jersey,New Jersey
18998.statevalue,Kentucyk,Kentucky
34178.county,Caldwejll,Caldwell
12981.county,Hanncock,Hancock
49390.county,zTom Green,Tom Green
15506.county,Pottawttamie,Pottawattamie
11910.statevalue,Illniois,Illinois
35291.county,Randohlph,Randolph
18936.county,Lawrenec,Lawrence
55953.county,Washintgon,Washington
44398.statevalue,Tennessfee,Tennessee
13454.county,eNwton,Newton
13408.statevalue,Indipana,Indiana
627.statevalue,Albama,Alabama
33785.statevalue,New Yok,New York
16608.county,Harvy,Harvey
9305.county,Telfaicr,Telfair
33692.county,Scuyler,Schuyler
22470.statevalue,Michigkan,Michigan
31746.statevalue,New Hamphsire,New Hampshire
25812.statevalue,Mississyippi,Mississippi
53859.statevalue,Wes Virginia,West Virginia
15117.county,Lee***,Lee
14117.statevalue,rIowa,Iowa
22156.county,Anrim,Antrim
37494.statevalue,hOio,Ohio
46192.county,Coke,Cooke
20075.county,xBossier,Bossier
51767.statevalue,Virignia,Virginia
28123.county,Pulsaki,Pulaski
10126.statevalue,Idhao,Idaho
45373.county,Angeina,Angelina
23328.statevalue,Michigarn,Michigan
39117.statevalue,Oklbahoma,Oklahoma
18706.statevalue,Kentcky,Kentucky
40956.county,Lawernce,Lawrence
20387.county,Jackosn,Jackson
27193.county,Dnt,Dent
3471.county,Glrenn,Glenn
32684.statevalue,New jMexico,New Mexico
40587.statevalue,Pennsylvnia,Pennsylvania
36599.county,raill,Traill
8463.statevalue,qGeorgia,Georgia
7858.county,vans,Evans
19850.county,Wshington,Washington
56316.statevalue,Wyomng,Wyoming
45999.statevalue,Teaxs,Texas
21858.county,Bristlo,Bristol
23354.county,Roscommn,Roscommon
16663.county,Jakson,Jackson
29022.county,Grantie,Granite
36208.statevalue,North Dakta,North Dakota
10770.county,sCass,Cass
56309.statevalue,Wyomming,Wyoming
10552.statevalue,Idhao,Idaho
5051.statevalue,Coloorado,Colorado
26268.county,Simpsmon,Simpson
30877.county,Pawpnee,Pawnee
52923.county,Roantoke City,Roanoke City
23934.statevalue,Miynnesota,Minnesota
55329.statevalue,isconsin,Wisconsin
21148.county,Cumaberland,Cumberland
33707.county,Senzeca,Seneca
55881.statevalue,Wisocnsin,Wisconsin
30319.statevalue,eNbraska,Nebraska
24212.statevalue,pMinnesota,Minnesota
45772.statevalue,Teexas,Texas
2964.statevalue,Akransas,Arkansas
31230.statevalue,Nebrasak,Nebraska
48123.county,McMulen,McMullen
39565.county,Wagonre,Wagoner
45578.county,eBxar,Bexar
16615.county,Haskell***,Haskell
14164.statevalue,oIwa,Iowa
13163.county,Jenonings,Jennings
23086.county,Missaeukee,Missaukee
42167.county,Lexingtokn,Lexington
22871.statevalue,Michign,Michigan
43183.county,MCook,McCook
46074.county,Cooleman,Coleman
29591.county,Tooel,Toole
23690.county,Bvrown,Brown
42325.statevalue,Suth Carolina,South Carolina
25826.county,Lawnrence,Lawrence
55247.county,Jeffekrson,Jefferson
24543.statevalue,Minnesoat,Minnesota
23823.statevalue,Minnsota,Minnesota
20485.statevalue,Louisina,Louisiana
9599.statevalue,Georgai,Georgia
42142.statevalue,SouthC arolina,South Carolina
15655.statevalue,Iomwa,Iowa
1887.statevalue,Ariozna,Arizona
15351.statevalue,gIowa,Iowa
18329.county,Emdonson,Edmonson
43637.statevalue,Tennssee,Tennessee
50387.statevalue,Uath,Utah
28090.statevalue,zMissouri,Missouri
10036.statevalue,Idho,Idaho
5325.county,aguache,Saguache
12533.statevalue,Idniana,Indiana
13903.statevalue,sIndiana,Indiana
47769.statevalue,Txeas,Texas
3587.statevalue,Califronia,California
54819.statevalue,Wisconisn,Wisconsin
20153.statevalue,Louisiarna,Louisiana
41381.county,nUion,Union
55341.county,Lafayete,Lafayette
21992.statevalue,Maqssachusetts,Massachusetts
7885.county,Fayetet,Fayette
13344.county,Marshasll,Marshall
27822.statevalue,Missouir,Missouri
2977.county,Priarie,Prairie
32233.statevalue,New Mexioc,New Mexico
9313.county,Trrell,Terrell
50041.county,Garfiepld,Garfield
46172.county,Concoh,Concho
49148.statevalue,Texs,Texas
30474.statevalue,ebraska,Nebraska
24265.statevalue,innesota,Minnesota
37439.county,Knnox,Knox
26150.county,Pikqe,Pike
24537.statevalue,Mainnesota,Minnesota
21793.county,orcester,Worcester
46386.county,Deaf Smiht,Deaf Smith
29492.statevalue,Motnana,Montana
51313.statevalue,Viginia,Virginia
32351.statevalue,New Mbexico,New Mexico
35974.statevalue,Nort hDakota,North Dakota
32917.county,Cyuga,Cayuga
4002.statevalue,Caliofrnia,California
38542.statevalue,Oklaoma,Oklahoma
10594.statevalue,Igdaho,Idaho
45165.statevalue,Tenessee,Tennessee
30071.statevalue,Nebratska,Nebraska
29122.county,Lewi and Clark,Lewis and Clark
19234.county,Masoyn,Mason
10193.county,Frankhlin,Franklin
35250.statevalue,bNorth Carolina,North Carolina
48285.statevalue,Texs,Texas
876.statevalue,Alabma,Alabama
32996.statevalue,ew York,New York
927.statevalue,Alabmaa,Alabama
6179.statevalue,Floriad,Florida
53878.county,gCalhoun,Calhoun
54918.statevalue,Wiscosin,Wisconsin
13792.county,nStarke,Starke
56127.county,Conerse,Converse
33438.statevalue,NewY ork,New York
13752.statevalue,Idiana,Indiana
20812.county,St Ladnry,St Landry
23342.statevalue,Micihgan,Michigan
20587.county,rleans,Orleans
10556.county,Tetn,Teton
12840.statevalue,Indiaan,Indiana
26757.county,Bollinzger,Bollinger
3872.county,Sacrxamento,Sacramento
52299.statevalue,Virgnia,Virginia
16557.statevalue,Kansats,Kansas
26122.statevalue,Misnsissippi,Mississippi
52940.county,Salme City,Salem City
55801.county,Shawao,Shawano
55306.county,Kewaunee***,Kewaunee
43278.county,Minber,Miner
20564.county,Nacthitoches,Natchitoches
41320.county,uSllivan,Sullivan
30049.county,Custre,Custer
48069.statevalue,Texsa,Texas
11355.statevalue,Illiois,Illinois
47417.county,tHutchinson,Hutchinson
28368.county,chuyler,Schuyler
3758.statevalue,Californai,California
33550.county,Quemens,Queens
49845.county,Yonug,Young
54501.county,Raleigdh,Raleigh
14365.statevalue,owa,Iowa
43757.county,Canon,Cannon
27002.county,aClark,Clark
36885.county,lark,Clark
15843.county,Wooodbury,Woodbury
6028.statevalue,lForida,Florida
54863.county,uffalo,Buffalo
24598.statevalue,Minnestoa,Minnesota
12918.county,ibson,Gibson
48271.county,Menaard,Menard
10193.statevalue,daho,Idaho
499.statevalue,lAabama,Alabama
37857.county,Pnike,Pike
18806.county,Jessamizne,Jessamine
50016.county,Duchese,Duchesne
24629.county,oPlk,Polk
38805.statevalue,Oklhoma,Oklahoma
15893.statevalue,Iwoa,Iowa
36355.statevalue,Nrth Dakota,North Dakota
2936.statevalue,Arkasas,Arkansas
22656.statevalue,oMichigan,Michigan
28654.county,Wkright,Wright
39528.county,Texdas,Texas
15517.county,Powieshiek,Poweshiek
33591.statevalue,Nwe York,New York
54518.county,Randoplh,Randolph
16628.county,Haskll,Haskell
31620.statevalue,Nevadea,Nevada
18448.statevalue,Kentukcy,Kentucky
24095.county,hIsanti,Isanti
56031.statevalue,iWsconsin,Wisconsin
46549.county,dwards,Edwards
17188.statevalue,Ktansas,Kansas
48580.county,Oange,Orange
43852.statevalue,Tnnessee,Tennessee
36384.statevalue,Noqrth Dakota,North Dakota
48973.statevalue,Texs,Texas
49472.statevalue,Texs,Texas
20858.statevalue,Louiisana,Louisiana
9136.county,Semionle,Seminole
51405.county,Halifxa,Halifax
52887.county,Rdford,Radford
21964.county,iMddlesex,Middlesex
8255.statevalue,Georgai,Georgia
43209.county,McPhedrson,McPherson
46825.statevalue,Texs,Texas
46841.statevalue,oTexas,Texas
1815.county,Mohavpe,Mohave
46064.county,oleman,Coleman
10538.county,hSoshone,Shoshone
31190.county,Stantzon,Stanton
10078.county,Canoyn,Canyon
21811.statevalue,Marlyland,Maryland
3366.county,Calaeras,Calaveras
22385.statevalue,iMchigan,Michigan
41907.county,Dorchpester,Dorchester
12046.county,Richand,Richland
10743.statevalue,llinois,Illinois
7776.county,Earlsy,Early
13707.county,hRush,Rush
14166.county,Allamakehe,Allamakee
15638.county,tory,Story
49051.statevalue,lTexas,Texas
37271.statevalue,Ohoi,Ohio
7224.statevalue,Georiga,Georgia
43189.statevalue,oSuth Dakota,South Dakota
43288.statevalue,South Dwakota,South Dakota
50115.statevalue,tUah,Utah
12223.county,azewell,Tazewell
56065.statevalue,yoming,Wyoming
37470.county,Lawraence,Lawrence
27126.statevalue,Missori,Missouri
2132.statevalue,Arkanass,Arkansas
35008.county,Meckleniburg,Mecklenburg
42105.county,ancaster,Lancaster
40489.statevalue,Pennsylvaia,Pennsylvania
28104.statevalue,Misouri,Missouri
35269.statevalue,NorthC arolina,North Carolina
19385.statevalue,Kntucky,Kentucky
51211.statevalue,Virginxia,Virginia
47427.county,Hutchnson,Hutchinson
25738.county,Jonse,Jones
17764.statevalue,Knsas,Kansas
2900.statevalue,Arkanas,Arkansas
29488.statevalue,Motana,Montana
47331.statevalue,Teas,Texas
5386.statevalue,Coloraod,Colorado
55533.statevalue,Wisconin,Wisconsin
35505.county,Transylvannia,Transylvania
9970.county,Biose,Boise
21056.statevalue,Louisianwa,Louisiana
55578.statevalue,Wsiconsin,Wisconsin
54718.county,Wtirt,Wirt
29547.statevalue,Montaa,Montana
29873.statevalue,Nberaska,Nebraska
11458.county,Kendabll,Kendall
50682.county,Acomack,Accomack
19157.statevalue,eKntucky,Kentucky
41798.county,Chestre,Chester
51247.statevalue,zVirginia,Virginia
55393.statevalue,Wiscosnin,Wisconsin
17610.county,Sumnekr,Sumner
22980.statevalue,Micphigan,Michigan
12413.county,Wiliamson,Williamson
23380.statevalue,Micigan,Michigan
40000.statevalue,Oreqgon,Oregon
35753.statevalue,kNorth Dakota,North Dakota
10751.statevalue,Illinosi,Illinois
37983.county,cioto,Scioto
3892.county,San Benigto,San Benito
18460.statevalue,Kenturcky,Kentucky
50399.county,wWayne,Wayne
35860.statevalue,North Daktoa,North Dakota
17250.county,ratt,Pratt
12287.county,Wabahs,Wabash
22206.statevalue,Michgian,Michigan
44993.statevalue,Tennesee,Tennessee
4006.county,an Mateo,San Mateo
12086.county,St Claixr,St Clair
272.statevalue,Aabama,Alabama
19391.county,Neson,Nelson
13304.statevalue,Indinaa,Indiana
8125.statevalue,hGeorgia,Georgia
35463.county,Surrhy,Surry
1919.statevalue,rAizona,Arizona
41742.county,Brkeley,Berkeley
34686.county,Halfax,Halifax
49169.county,Starr***,Starr
31619.statevalue,Nevdaa,Nevada
52300.county,Washingteon,Washington
38465.county,Cherokbee,Cherokee
40265.county,Washingtvon,Washington
10616.county,Washingon,Washington
52602.statevalue,Virginima,Virginia
46055.county,Ckoe,Coke
14375.county,Casqs,Cass
7887.county,Faette,Fayette
33468.county,Orleasn,Orleans
10478.county,Owyzhee,Owyhee
16034.county,Butlre,Butler
13058.county,Hwoard,Howard
46881.statevalue,Teaxs,Texas
32876.county,Brooume,Broome
39656.county,iBaker,Baker
28188.statevalue,Mbissouri,Missouri
53266.statevalue,Washngton,Washington
36529.county,tark,Stark
14993.county,Jacksno,Jackson
17988.county,sBracken,Bracken
37289.county,Harriosn,Harrison
48146.statevalue,Tehxas,Texas
21082.statevalue,Louisiaa,Louisiana
32330.county,De Basca,De Baca
24866.statevalue,Minneosta,Minnesota
13153.statevalue,Indana,Indiana
6479.county,oMnroe,Monroe
178.county,Cheroee,Cherokee
54451.statevalue,West Virgibnia,West Virginia
17226.county,Phililps,Phillips
42214.statevalue,Suth Carolina,South Carolina
20442.statevalue,ouisiana,Louisiana
8173.statevalue,Geoargia,Georgia
23056.county,eMnominee,Menominee
38009.statevalue,Ozhio,Ohio
16556.county,vGreenwood,Greenwood
53692.statevalue,Washingon,Washington
12699.statevalue,Indriana,Indiana
4105.county,iskiyou,Siskiyou
44990.county,Seqatchie,Sequatchie
48754.statevalue,Texkas,Texas
44431.county,Jolhnson,Johnson
42168.statevalue,South Carolian,South Carolina
20006.county,Asumption,Assumption
10724.statevalue,Illinis,Illinois
28876.county,Der Lodge,Deer Lodge
8801.statevalue,yGeorgia,Georgia
42520.county,rBown,Brown
20341.statevalue,Louisieana,Louisiana
2079.county,Clhicot,Chicot
50527.county,Garnd Isle,Grand Isle
52208.statevalue,Viginia,Virginia
21805.county,Baltbimore City,Baltimore City
29578.county,oTole,Toole
19881.county,Wmebster,Webster
54661.statevalue,West irginia,West Virginia
50897.statevalue,Virginuia,Virginia
27719.statevalue,Missorui,Missouri
42237.county,Newbrry,Newberry
887.statevalue,Aabama,Alabama
41887.county,Dilln,Dillon
37038.statevalue,Orhio,Ohio
39870.county,rGant,Grant
22571.county,rand Traverse,Grand Traverse
36278.county,Mountrial,Mountrail
31840.statevalue,ew Hampshire,New Hampshire
17180.statevalue,Kanas,Kansas
42980.statevalue,eSouth Dakota,South Dakota
11923.county,Perrcy,Perry
6639.statevalue,Floridza,Florida
56148.statevalue,zWyoming,Wyoming
24407.county,Meeker***,Meeker
50018.county,Duchene,Duchesne
5700.statevalue,Florhida,Florida
41074.statevalue,Peonnsylvania,Pennsylvania
34044.statevalue,North Caroilna,North Carolina
50141.county,Millard***,Millard
25228.county,Bolivr,Bolivar
15470.county,Pocvahontas,Pocahontas
14076.statevalue,Ixndiana,Indiana
13273.statevalue,Idniana,Indiana
23130.county,Monctalm,Montcalm
52201.county,Stafforkd,Stafford
45402.county,Archre,Archer
33478.statevalue,NewYork,New York
26970.statevalue,Missorui,Missouri
8520.county,Lnog,Long
32811.county,Valenia,Valencia
47505.county,Jfef Davis,Jeff Davis
13.county,Autagua,Autauga
23388.county,St oClair,St Clair
16574.statevalue,Knsas,Kansas
47564.county,im Wells,Jim Wells
42193.county,arion,Marion
48321.statevalue,Texsa,Texas
25796.statevalue,Misissippi,Mississippi
44484.statevalue,ennessee,Tennessee
32129.statevalue,New Jersye,New Jersey
53242.statevalue,Washinton,Washington
37120.county,Franlkin,Franklin
24369.statevalue,Mlinnesota,Minnesota
29146.county,Lincdoln,Lincoln
52576.statevalue,Virgiina,Virginia
33149.statevalue,New ork,New York
3751.county,Montereey,Monterey
5376.statevalue,Colaorado,Colorado
27045.county,Clintno,Clinton
48429.county,Mzotley,Motley
35278.county,Pok,Polk
52478.county,Colonial Heights iCty,Colonial Heights City
49801.county,Wisne,Wise
44605.statevalue,ennessee,Tennessee
54527.county,itchie,Ritchie
32322.county,qCurry,Curry
47549.county,Jism Hogg,Jim Hogg
653.county,Jeferson,Jefferson
45405.statevalue,Teas,Texas
611.statevalue,Alabuama,Alabama
33915.statevalue,Nuew York,New York
6501.statevalue,Flroida,Florida
39318.statevalue,Olkahoma,Oklahoma
47136.county,Haris,Harris
23423.county,oSanilac,Sanilac
31964.statevalue,New Jersy,New Jersey
42842.county,aulk,Faulk
1969.statevalue,Ajrkansas,Arkansas
23326.county,hOttawa,Ottawa
29613.county,Valey,Valley
53131.county,Chemlan,Chelan
54259.county,Mercr,Mercer
50330.county,Utwah,Utah
24444.county,eMorrison,Morrison
27419.statevalue,Mssouri,Missouri
34779.county,Hyed,Hyde
13923.statevalue,Inadiana,Indiana
12237.statevalue,Illinios,Illinois
16741.county,oKingman,Kingman
28598.county,Wapyne,Wayne
17260.statevalue,ansas,Kansas
4278.county,Venmtura,Ventura
9804.county,sKauai,Kauai
54940.county,Columebia,Columbia
42187.county,McComick,McCormick
31909.county,Cmaden,Camden
53839.statevalue,West irginia,West Virginia
34722.county,Haywod,Haywood
55386.county,Linconl,Lincoln
48438.statevalue,exas,Texas
6362.county,Libery,Liberty
2209.statevalue,Arkanass,Arkansas
41858.county,Colleton***,Colleton
18727.statevalue,Knetucky,Kentucky
32824.county,Aglbany,Albany
43365.county,Ptter,Potter
2261.county,rCoss,Cross
49006.statevalue,exas,Texas
24513.county,Noles,Nobles
52187.county,Spotsylvanpia,Spotsylvania
806.statevalue,Alarbama,Alabama
34783.county,Hyed,Hyde
23760.county,Cass***,Cass
34910.statevalue,Norh Carolina,North Carolina
35179.statevalue,Ngorth Carolina,North Carolina
50643.statevalue,Vemont,Vermont
10655.county,Alexadner,Alexander
7502.county,Coffewe,Coffee
46935.county,ray,Gray
41885.statevalue,South Caroldina,South Carolina
261.statevalue,Alaama,Alabama
13980.county,abash,Wabash
18414.county,leming,Fleming
22621.statevalue,iMichigan,Michigan
4479.county,Chaffee***,Chaffee
7165.statevalue,eGorgia,Georgia
46966.county,Gegg,Gregg
17870.statevalue,Kenhtucky,Kentucky
20606.statevalue,Louisina,Louisiana
144.statevalue,Axlabama,Alabama
22653.county,Inghasm,Ingham
27136.statevalue,Missouri***,Missouri
42099.county,Kersahw,Kershaw
33220.statevalue,NewYork,New York
3269.county,Yel,Yell
8483.county,iLberty,Liberty
30413.statevalue,Nepbraska,Nebraska
37525.statevalue,Ohoi,Ohio
8656.county,Mrion,Marion
42431.statevalue,South Dakta,South Dakota
23656.county,Bi Stone,Big Stone
27468.statevalue,Missorui,Missouri
13430.county,Morgcan,Morgan
56099.county,Capmbell,Campbell
39712.county,latsop,Clatsop
14913.county,Howarrd,Howard
48831.county,Reecves,Reeves
2750.statevalue,Arkansaas,Arkansas
3119.statevalue,Arkanas,Arkansas
12688.county,Crawofrd,Crawford
55945.statevalue,Wisnconsin,Wisconsin
26429.county,kUnion,Union
42139.statevalue,hSouth Carolina,South Carolina
12170.county,Sxhelby,Shelby
53209.county,ouglas,Douglas
46918.county,Gonwzales,Gonzales
36387.statevalue,North Daokta,North Dakota
28887.statevalue,Montnaa,Montana
42657.statevalue,South Dakolta,South Dakota
15753.statevalue,owa,Iowa
45299.statevalue,Tennesse,Tennessee
43252.statevalue,South Dakta,South Dakota
67.statevalue,Alabamza,Alabama
48232.statevalue,Teaxs,Texas
39276.county,Okmulee,Okmulgee
17182.statevalue,Kanas,Kansas
51480.county,Hihland,Highland
27809.county,Mississipi,Mississippi
17912.statevalue,Kentuqcky,Kentucky
542.county,Genemva,Geneva
48191.statevalue,Texsa,Texas
24371.county,Mrashall,Marshall
4742.statevalue,Clorado,Colorado
13247.county,Lagrainge,Lagrange
30739.statevalue,Nberaska,Nebraska
36113.county,Kidder***,Kidder
45922.statevalue,Texsa,Texas
44536.statevalue,Tenessee,Tennessee
25379.county,Cahoma,Coahoma
16142.county,Cnlay,Clay
24819.county,Soctt,Scott
9381.county,Tons,Towns
8510.county,Lqincoln,Lincoln
19444.statevalue,Kentcky,Kentucky
20968.county,Vermliion,Vermilion
26631.county,Apndrew,Andrew
5015.county,Loagan,Logan
34837.statevalue,Nort Carolina,North Carolina
36966.statevalue,Ohoi,Ohio
44801.county,Obin,Obion
7263.county,andler,Candler
35263.county,olk,Polk
11386.statevalue,Illnois,Illinois
37548.statevalue,pOhio,Ohio
9260.statevalue,Georgai,Georgia
38090.county,Tuscaraws,Tuscarawas
31240.county,rThurston,Thurston
40865.statevalue,Pennsylvaia,Pennsylvania
11530.county,Loawrence,Lawrence
2254.statevalue,Arkahnsas,Arkansas
38642.county,Delawae,Delaware
49046.statevalue,Texsa,Texas
14779.statevalue,Iwoa,Iowa
25465.county,Frankilin,Franklin
41146.county,ontour,Montour
29869.county,Butr,Burt
31210.statevalue,Nebarska,Nebraska
50851.statevalue,Virgcinia,Virginia
50714.statevalue,Vizrginia,Virginia
4668.statevalue,Coloraddo,Colorado
6648.statevalue,Floricda,Florida
23459.statevalue,Micehigan,Michigan
21787.statevalue,Mrayland,Maryland
26347.statevalue,Misisssippi,Mississippi
19736.statevalue,Kentukcy,Kentucky
7673.statevalue,Gesorgia,Georgia
26182.county,Preuntiss,Prentiss
55992.county,Waupacja,Waupaca
43928.statevalue,Tennessepe,Tennessee
22466.statevalue,Micmhigan,Michigan
48611.county,yPanola,Panola
16720.county,Johsnon,Johnson
40414.statevalue,Pennsylvana,Pennsylvania
38889.county,Jhnston,Johnston
5882.statevalue,Florijda,Florida
5774.statevalue,Folrida,Florida
55889.statevalue,Wicsonsin,Wisconsin
1793.county,fMaricopa,Maricopa
22371.county,Chippelwa,Chippewa
32125.statevalue,ew Jersey,New Jersey
25500.statevalue,Misissippi,Mississippi
3281.county,Alamead,Alameda
35613.statevalue,North Caroina,North Carolina
56185.statevalue,Wyomjing,Wyoming
30501.county,iHooker,Hooker
11372.statevalue,Iollinois,Illinois
14411.county,Cecrro Gordo,Cerro Gordo
43130.county,pLawrence,Lawrence
2468.statevalue,Arkanssa,Arkansas
36873.county,Champagin,Champaign
42133.county,Laures,Laurens
23419.county,Sanilca,Sanilac
14987.statevalue,owa,Iowa
45153.statevalue,Tnenessee,Tennessee
9639.statevalue,Georga,Georgia
19144.statevalue,Kentzucky,Kentucky
48095.county,McuClloch,McCulloch
49083.county,Shackeflord,Shackelford
32768.statevalue,New Mexio,New Mexico
40289.statevalue,Oregno,Oregon
13031.county,Hnedricks,Hendricks
41998.statevalue,South Carolna,South Carolina
39982.county,ake,Lake
56378.statevalue,Wyomign,Wyoming
12515.county,enton,Benton
32367.statevalue,Naew Mexico,New Mexico
56176.statevalue,Wyotming,Wyoming
54770.county,Aams,Adams
55327.statevalue,Wisconsni,Wisconsin
16728.statevalue,Knsas,Kansas
27565.statevalue,Missoukri,Missouri
1786.statevalue,Arizna,Arizona
29057.statevalue,Monatna,Montana
27600.statevalue,Msisouri,Missouri
40977.statevalue,Pennsylvzania,Pennsylvania
2040.statevalue,Arkasnas,Arkansas
55707.statevalue,Wisoconsin,Wisconsin
34739.county,Hnderson,Henderson
11810.statevalue,llinois,Illinois
33260.statevalue,New mYork,New York
21526.statevalue,Mrayland,Maryland
10482.county,Owyhe,Owyhee
11467.statevalue,lIlinois,Illinois
7717.statevalue,Greorgia,Georgia
13932.statevalue,ndiana,Indiana
55871.county,Trempealaeu,Trempealeau
2577.statevalue,Arkanssa,Arkansas
22127.county,Alpean,Alpena
49177.statevalue,exas,Texas
55091.statevalue,Wicsonsin,Wisconsin
11175.statevalue,llinois,Illinois
36341.county,Pebmina,Pembina
5396.county,ummit,Summit
29651.county,Wiaux,Wibaux
46286.statevalue,Texs,Texas
30997.statevalue,Nebrasak,Nebraska
38606.statevalue,Oklhaoma,Oklahoma
6160.county,lHighlands,Highlands
32422.statevalue,New Mexcio,New Mexico
1706.statevalue,Arizoan,Arizona
891.county,Mnroe,Monroe
24364.county,Marhall,Marshall
49906.statevalue,tah,Utah
32013.statevalue,New Jersye,New Jersey
51359.county,sGreene,Greene
34194.statevalue,Norht Carolina,North Carolina
47936.statevalue,Texsa,Texas
49098.county,Sheulby,Shelby
35425.county,Stvanly,Stanly
41506.statevalue,Pennsylvaina,Pennsylvania
36915.county,Cleromnt,Clermont
3174.statevalue,Arkasas,Arkansas
43687.county,Blonut,Blount
25312.county,Claibrne,Claiborne
45056.county,tewart,Stewart
17515.county,hSerman,Sherman
42041.statevalue,Shouth Carolina,South Carolina
56351.statevalue,Wyowming,Wyoming
53745.statevalue,Washingtno,Washington
56416.county,iUnta,Uinta
39361.county,Pittbsurg,Pittsburg
20487.statevalue,Lnouisiana,Louisiana
50083.statevalue,Uah,Utah
9368.county,Toonmbs,Toombs
17081.county,emaha,Nemaha
37012.statevalue,Oiho,Ohio
23250.county,Ontnoagon,Ontonagon
32011.county,Huntedon,Hunterdon
265.statevalue,Alabaam,Alabama
30207.county,Fillmqore,Fillmore
20280.statevalue,Luisiana,Louisiana
35790.county,Bililngs,Billings
34245.statevalue,Nort Carolina,North Carolina
36719.statevalue,Oiho,Ohio
22149.county,Atrim,Antrim
29821.statevalue,Nebraksa,Nebraska
48081.statevalue,Teas,Texas
50251.statevalue,Uah,Utah
37661.county,jMiami,Miami
23925.county,Doeuglas,Douglas
48494.county,Nlan,Nolan
54589.county,Taylonr,Taylor
52122.statevalue,iVrginia,Virginia
40920.statevalue,Pennsylavnia,Pennsylvania
1781.county,L Paz,La Paz
8121.county,Halgl,Hall
51771.county,Ne Kent,New Kent
15965.county,Barbver,Barber
22156.statevalue,Michigpan,Michigan
52814.statevalue,Viorginia,Virginia
3682.county,Mnedocino,Mendocino
6255.county,Jeffersno,Jefferson
54612.county,Tcuker,Tucker
32149.statevalue,NewJ ersey,New Jersey
46635.county,Flals,Falls
48828.county,Revees,Reeves
44756.statevalue,Tpennessee,Tennessee
29885.statevalue,Nebrasdka,Nebraska
54580.statevalue,West Virinia,West Virginia
51495.statevalue,Vicrginia,Virginia
25473.statevalue,Missisippi,Mississippi
13254.county,kLake,Lake
17565.statevalue,Kasas,Kansas
22243.statevalue,Michyigan,Michigan
35435.statevalue,North Carlina,North Carolina
24857.county,Sbley,Sibley
25384.statevalue,Mississipip,Mississippi
28904.statevalue,Motana,Montana
23625.county,eltrami,Beltrami
5401.county,Tleler,Teller
39644.statevalue,Oklahomqa,Oklahoma
10691.statevalue,Illiois,Illinois
22787.statevalue,Michgian,Michigan
25382.county,Copaih,Copiah
22367.county,Chsippewa,Chippewa
34459.statevalue,Nort hCarolina,North Carolina
17201.county,Pwanee,Pawnee
29421.county,ichland,Richland
37361.statevalue,hio,Ohio
8597.statevalue,Georgai,Georgia
11576.county,Logean,Logan
24236.county,ake,Lake
15432.statevalue,Ioaw,Iowa
42284.county,Pickenzs,Pickens
2733.statevalue,Aransas,Arkansas
16496.county,Gratn,Grant
52338.county,Wvise,Wise
20743.county,S tCharles,St Charles
25158.county,Alcormn,Alcorn
11052.county,Edwardxs,Edwards
50243.county,Sanupete,Sanpete
25635.statevalue,Migssissippi,Mississippi
20871.statevalue,Louiiana,Louisiana
24844.statevalue,Mninesota,Minnesota
37427.statevalue,nOhio,Ohio
13980.statevalue,Indiansa,Indiana
2665.county,ogan,Logan
22905.county,ivingston,Livingston
43574.county,Walwrth,Walworth
48616.county,Pnola,Panola
51192.county,Fiarfax,Fairfax
21540.county,Dorchesetr,Dorchester
31600.county,Stohrey,Storey
30154.county,odge,Dodge
4352.statevalue,Colrado,Colorado
5048.county,Minearl,Mineral
36162.county,Loan,Logan
23447.statevalue,Mchigan,Michigan
48266.county,Mnard,Menard
23007.county,Msaon,Mason
11872.county,Moultrei,Moultrie
30237.statevalue,Nebrasnka,Nebraska
48836.statevalue,Tiexas,Texas
51660.statevalue,Virgina,Virginia
8864.county,Pauldinig,Paulding
12409.county,Williamsn,Williamson
33570.county,Rensselaer***,Rensselaer
35354.county,Rowazn,Rowan
37249.county,Hancokc,Hancock
27166.statevalue,Missoulri,Missouri
34034.statevalue,North Carloina,North Carolina
32625.county,Roosevelwt,Roosevelt
54030.statevalue,est Virginia,West Virginia
51756.county,Nelsopn,Nelson
20806.county,St John The Baptst,St John The Baptist
10371.statevalue,Idho,Idaho
27061.county,oCle,Cole
12243.county,Uniotn,Union
44230.statevalue,Tennesstee,Tennessee
26037.county,Neton,Newton
35979.county,Edcdy,Eddy
32778.county,Torance,Torrance
51963.county,Prince Gorge,Prince George
74.statevalue,labama,Alabama
2839.statevalue,Arkasas,Arkansas
51320.statevalue,Vrginia,Virginia
27654.statevalue,Missoui,Missouri
32636.statevalue,ew Mexico,New Mexico
19734.statevalue,eKntucky,Kentucky
9611.statevalue,Gkeorgia,Georgia
49918.county,Bx Elder,Box Elder
25901.statevalue,Mississpipi,Mississippi
31108.county,Seard,Seward
39508.county,Stephnes,Stephens
3395.statevalue,Caifornia,California
25675.statevalue,Missigssippi,Mississippi
18575.county,Greemn,Green
2538.county,Jacksgon,Jackson
53090.county,Asotn,Asotin
17294.statevalue,Knasas,Kansas
42205.statevalue,South Carolian,South Carolina
53737.county,Wihtman,Whitman
14911.county,Howrad,Howard
46432.statevalue,Tdexas,Texas
22917.county,uce,Luce
1142.statevalue,Alaama,Alabama
3397.statevalue,Califrnia,California
56230.statevalue,Wyodming,Wyoming
37196.statevalue,hio,Ohio
6723.county,Sarastoa,Sarasota
9079.county,Rocdkale,Rockdale
40852.county,Hjuntingdon,Huntingdon
34876.county,eLe,Lee
26687.statevalue,Missouir,Missouri
21144.county,Cubmerland,Cumberland
1905.county,Yavapia,Yavapai
21700.statevalue,Mayrland,Maryland
18684.county,Hrt,Hart
25325.county,Claibore,Claiborne
23079.county,Missajukee,Missaukee
3695.county,Mercde,Merced
3301.county,Alpnie,Alpine
55864.county,Trmpealeau,Trempealeau
38528.statevalue,Olahoma,Oklahoma
25829.statevalue,Mississipi,Mississippi
14021.statevalue,Indiaan,Indiana
15503.statevalue,Iowda,Iowa
10138.statevalue,Idao,Idaho
18297.county,Cubmerland,Cumberland
49690.statevalue,exas,Texas
48134.county,Madisvon,Madison
34979.county,Matin,Martin
18155.county,Carorll,Carroll
3004.county,Pulgaski,Pulaski
26123.county,ePrry,Perry
16055.statevalue,ansas,Kansas
18466.statevalue,eKntucky,Kentucky
15746.county,hWarren,Warren
30731.county,McPheron,McPherson
35865.statevalue,North Dkota,North Dakota
48580.statevalue,Teas,Texas
27655.statevalue,Msisouri,Missouri
20138.county,Caldwell***,Caldwell
36412.county,Renvlile,Renville
19183.county,Marin,Marion
45234.statevalue,ennessee,Tennessee
27773.statevalue,Missoutri,Missouri
19846.county,Washnigton,Washington
16818.county,Leavmenworth,Leavenworth
46916.county,Gonzpales,Gonzales
25520.statevalue,Msisissippi,Mississippi
52400.county,Bristoli City,Bristol City
342.county,Cosa,Coosa
28143.statevalue,iMssouri,Missouri
46769.county,Freestonwe,Freestone
41210.county,Philadelphai,Philadelphia
17422.county,Salien,Saline
55504.county,Monnroe,Monroe
38610.county,tCreek,Creek
33282.county,Livington,Livingston
10942.statevalue,Illinos,Illinois
12168.county,Scott***,Scott
16179.county,Coffely,Coffey
31775.statevalue,New Htampshire,New Hampshire
19821.statevalue,Kentucyk,Kentucky
12793.county,Duobis,Dubois
16468.county,Govbe,Gove
43043.statevalue,Stouth Dakota,South Dakota
23940.county,ouglas,Douglas
25690.county,Jeffersdon,Jefferson
36074.county,Griggs***,Griggs
44254.statevalue,Tennesse,Tennessee
12765.county,Delwaare,Delaware
35426.statevalue,Nort Carolina,North Carolina
25185.county,Attadla,Attala
24481.statevalue,Minnesota***,Minnesota
33165.statevalue,New Yrk,New York
55856.county,Treempealeau,Trempealeau
22418.statevalue,Michigna,Michigan
44224.county,Hanccok,Hancock
39017.county,ogan,Logan
56286.county,Natwrona,Natrona
39888.county,Harnexy,Harney
2640.statevalue,Akansas,Arkansas
9706.county,Wilkse,Wilkes
47277.county,ill,Hill
43432.county,Shannion,Shannon
41895.county,Diloln,Dillon
15044.county,Johlnson,Johnson
12465.county,Adasm,Adams
22405.county,Clinyton,Clinton
24312.county,Lyn,Lyon
26814.county,uBtler,Butler
11851.statevalue,Illniois,Illinois
5279.statevalue,Colordo,Colorado
13794.county,Stazrke,Starke
11957.county,Piek,Pike
39505.statevalue,Oklaohma,Oklahoma
50210.county,SaltL ake,Salt Lake
28934.county,Flatheda,Flathead
5206.county,Pitvkin,Pitkin
14195.statevalue,Iwa,Iowa
20172.statevalue,Louisiaa,Louisiana
36586.county,Towenr,Towner
10258.statevalue,Idao,Idaho
17407.statevalue,Kgansas,Kansas
25486.county,Georeg,George
2782.statevalue,Arkanssa,Arkansas
3122.statevalue,Arkaqnsas,Arkansas
9548.statevalue,Gorgia,Georgia
55841.county,Taylro,Taylor
54040.county,Harody,Hardy
42760.statevalue,South Dakoat,South Dakota
52717.statevalue,Virgnia,Virginia
470.statevalue,Aabama,Alabama
55528.statevalue,xWisconsin,Wisconsin
697.county,aLuderdale,Lauderdale
36359.statevalue,North Dakiota,North Dakota
14724.county,Floayd,Floyd
55470.statevalue,Wisceonsin,Wisconsin
55990.statevalue,Wyisconsin,Wisconsin
46915.statevalue,Texbas,Texas
8812.statevalue,Geobrgia,Georgia
52767.statevalue,Vizrginia,Virginia
26264.county,Simpsobn,Simpson
11247.county,Harkdin,Hardin
51612.statevalue,Virgvinia,Virginia
9602.statevalue,Geogria,Georgia
19609.statevalue,Kentucyk,Kentucky
55348.statevalue,fWisconsin,Wisconsin
34616.statevalue,North Carolna,North Carolina
33633.statevalue,New Yokr,New York
4792.statevalue,Colroado,Colorado
29905.county,ass,Cass
18227.county,lCark,Clark
22263.statevalue,Michigna,Michigan
35349.statevalue,North arolina,North Carolina
10636.statevalue,Illinios,Illinois
40760.statevalue,Pensylvania,Pennsylvania
11614.county,MHcenry,McHenry
27278.county,Gebntry,Gentry
6609.statevalue,lorida,Florida
9692.statevalue,Geborgia,Georgia
40143.statevalue,Ozregon,Oregon
1183.county,Wiclox,Wilcox
49131.county,cSmith,Smith
49272.statevalue,eTxas,Texas
19235.county,Msaon,Mason
19443.statevalue,Kentucy,Kentucky
5679.statevalue,District of olumbia,District of Columbia
28262.county,St mClair,St Clair
37848.county,Pickawya,Pickaway
41116.statevalue,Peonnsylvania,Pennsylvania
17809.statevalue,Kentucyk,Kentucky
1342.county,Fairbanks North Sftar,Fairbanks North Star
25498.statevalue,Mississipi,Mississippi
38828.county,Hughefs,Hughes
76.statevalue,Alaama,Alabama
25109.statevalue,innesota,Minnesota
982.statevalue,Albaama,Alabama
29192.statevalue,ontana,Montana
47665.county,Keneyd,Kenedy
55845.county,Tapylor,Taylor
18641.statevalue,Kentcky,Kentucky
19900.statevalue,Kenutcky,Kentucky
9257.statevalue,Georgai,Georgia
2558.county,Johsnon,Johnson
21778.county,Wiwcomico,Wicomico
34274.statevalue,North Carolia,North Carolina
31595.county,torey,Storey
41919.statevalue,Souht Carolina,South Carolina
22843.statevalue,gMichigan,Michigan
52531.county,Emporita City,Emporia City
12770.statevalue,Idniana,Indiana
28473.county,cStone,Stone
18634.statevalue,Krentucky,Kentucky
10159.statevalue,Iadho,Idaho
36070.statevalue,North Daokta,North Dakota
9175.county,Stephesn,Stephens
28286.statevalue,Misdsouri,Missouri
54610.county,Tucmker,Tucker
29478.statevalue,Motnana,Montana
40717.statevalue,Pennksylvania,Pennsylvania
7822.statevalue,Georia,Georgia
33474.county,Oreans,Orleans
22672.county,Ioina,Ionia
51831.county,Nottowazy,Nottoway
6232.statevalue,Floirda,Florida
41045.statevalue,Pennsylvaia,Pennsylvania
56326.county,pPlatte,Platte
46054.county,Coe,Coke
27149.statevalue,Missouri***,Missouri
34947.county,Maon,Macon
7806.statevalue,Geoxrgia,Georgia
36590.statevalue,North Daktoa,North Dakota
32386.statevalue,New Mexcio,New Mexico
1858.statevalue,rAizona,Arizona
21865.county,lBristol,Bristol
37653.statevalue,hOio,Ohio
85.county,Blounet,Blount
46255.statevalue,Teaxas,Texas
4046.statevalue,Califronia,California
29428.county,Richand,Richland
1681.statevalue,Arizoan,Arizona
14108.county,Whitlxey,Whitley
47636.county,Kaufmqan,Kaufman
24260.statevalue,Minnestoa,Minnesota
29033.county,Grlanite,Granite
36167.county,McHsenry,McHenry
44574.statevalue,Tennssee,Tennessee
18308.statevalue,Kentcuky,Kentucky
34171.statevalue,North jCarolina,North Carolina
53976.county,Gratn,Grant
418.county,Dalglas,Dallas
40190.statevalue,rOegon,Oregon
42730.county,avison,Davison
1448.county,Matanusa Susitna,Matanuska Susitna
2035.statevalue,Arkoansas,Arkansas
20401.county,Jeffeerson,Jefferson
54506.county,andolph,Randolph
11258.statevalue,Ilinois,Illinois
35714.county,Yancye,Yancey
13904.statevalue,Inidana,Indiana
53026.county,Waynesboro Ciyt,Waynesboro City
51377.county,reensville,Greensville
11545.county,eLe,Lee
47566.county,Jim Wlels,Jim Wells
29261.statevalue,Monatna,Montana
26399.statevalue,Mississipip,Mississippi
42642.county,Cflark,Clark
8711.county,Mitchlel,Mitchell
18125.statevalue,Knetucky,Kentucky
28060.statevalue,Micssouri,Missouri
1590.statevalue,Alaka,Alaska
51744.statevalue,Virgiina,Virginia
532.county,Franlin,Franklin
50411.county,Weebr,Weber
321.county,Conech,Conecuh
49929.county,ox Elder,Box Elder
32496.statevalue,New Mecxico,New Mexico
35834.statevalue,orth Dakota,North Dakota
35141.county,Ornage,Orange
42346.county,Spartanbrug,Spartanburg
35407.county,Soctland,Scotland
47878.statevalue,eTxas,Texas
18462.county,Flton,Fulton
37797.county,Ottwaa,Ottawa
37140.statevalue,Ohoi,Ohio
31468.statevalue,Nevmada,Nevada
27024.county,lay,Clay
17945.county,jBourbon,Bourbon
27512.statevalue,Missoguri,Missouri
51003.statevalue,Virginpia,Virginia
44285.county,Haylwood,Haywood
55511.county,Mnroe,Monroe
17820.statevalue,Kenntucky,Kentucky
2041.county,Calghoun,Calhoun
33444.county,Otario,Ontario
8144.county,Hancokc,Hancock
34201.county,Carterte,Carteret
25559.statevalue,Mississipi,Mississippi
54873.county,Brunett,Burnett
30677.statevalue,Nebraskfa,Nebraska
326.county,oosa,Coosa
55846.county,Taylr,Taylor
7974.statevalue,Georgiga,Georgia
9370.statevalue,Goergia,Georgia
30581.statevalue,Nebraskva,Nebraska
48820.statevalue,Texs,Texas
51974.statevalue,gVirginia,Virginia
2725.county,aMrion,Marion
40838.statevalue,Peonnsylvania,Pennsylvania
44800.statevalue,Tennessee***,Tennessee
6361.county,Libderty,Liberty
20157.statevalue,Louisiaan,Louisiana
6761.statevalue,lForida,Florida
16172.county,Coffejy,Coffey
33738.county,Sufflok,Suffolk
20963.statevalue,Louisiaan,Louisiana
50295.county,Toele,Tooele
24530.statevalue,Minneswota,Minnesota
19408.statevalue,Kentucrky,Kentucky
24100.county,tIsanti,Isanti
25370.county,Caohoma,Coahoma
45864.statevalue,eTxas,Texas
44284.statevalue,Tennesnsee,Tennessee
10853.county,lay,Clay
18354.county,Ellitot,Elliott
51380.county,Greenvsille,Greensville
54478.county,Ptnam,Putnam
19917.county,Wlfe,Wolfe
21443.county,Calveret,Calvert
46845.county,Garaz,Garza
9362.county,Toohmbs,Toombs
47426.county,Huthinson,Hutchinson
36699.statevalue,Oio,Ohio
24322.statevalue,Minnesoat,Minnesota
53116.statevalue,Washisngton,Washington
52205.statevalue,Virginiua,Virginia
48390.county,oore,Moore
17886.statevalue,Kntucky,Kentucky
16051.statevalue,ansas,Kansas
23949.county,Faribaut,Faribault
33207.statevalue,New Yok,New York
11141.statevalue,Illnois,Illinois
45054.county,Smityh,Smith
27556.statevalue,Missoui,Missouri
41406.county,Wraren,Warren
1463.statevalue,Atlaska,Alaska
47826.county,Lmar,Lamar
53346.county,Jefferwson,Jefferson
19978.statevalue,Louisiaan,Louisiana
47389.statevalue,Teaxs,Texas
32954.statevalue,NewYork,New York
46363.county,Dwson,Dawson
9216.county,Sumtr,Sumter
34063.county,Bertbie,Bertie
23705.statevalue,Minnesoat,Minnesota
48211.statevalue,Texsa,Texas
40499.statevalue,Pennyslvania,Pennsylvania
12525.county,Bentno,Benton
55216.county,Irn,Iron
4847.statevalue,Colorao,Colorado
24728.county,Renvilel,Renville
37545.county,iLucas,Lucas
17415.county,aSline,Saline
55710.county,Riclhand,Richland
3163.county,Stonhe,Stone
37217.county,Gueransey,Guernsey
20604.statevalue,Lkouisiana,Louisiana
12605.statevalue,Indiaa,Indiana
48547.county,Oldjham,Oldham
13490.statevalue,nIdiana,Indiana
36737.county,shland,Ashland
9411.county,Treulen,Treutlen
47517.statevalue,Teas,Texas
44439.statevalue,Tennessee***,Tennessee
12652.statevalue,Idniana,Indiana
2422.county,Gerene,Greene
28113.statevalue,Missuori,Missouri
13544.statevalue,Indiaan,Indiana
50177.county,Piuet,Piute
50326.statevalue,Utagh,Utah
2541.statevalue,rkansas,Arkansas
37682.county,Monore,Monroe
32492.county,Lo sAlamos,Los Alamos
39222.county,Niowata,Nowata
9652.county,Whtie,White
35798.county,Billigs,Billings
4662.county,Dougls,Douglas
51770.statevalue,Vxirginia,Virginia
15976.county,Baron,Barton
25357.statevalue,Mississipip,Mississippi
34129.county,Brke,Burke
14214.statevalue,owa,Iowa
13859.county,Sitzerland,Switzerland
1041.statevalue,Alabnama,Alabama
8158.county,Haralsno,Haralson
48431.statevalue,exas,Texas
10338.statevalue,Iaho,Idaho
37023.statevalue,Oho,Ohio
10347.county,Ltaah,Latah
52251.statevalue,Virgiina,Virginia
19641.county,uRssell,Russell
33369.county,NewYork,New York
3616.county,LosAngeles,Los Angeles
31898.county,Camdne,Camden
35424.county,Scotand,Scotland
44417.county,efferson,Jefferson
53422.county,Kliockitat,Klickitat
13486.statevalue,Iwndiana,Indiana
36656.county,Wlls,Wells
30137.county,Ditxon,Dixon
26015.statevalue,Mississippi***,Mississippi
10196.statevalue,Idho,Idaho
9417.county,Torup,Troup
20003.county,ssumption,Assumption
8282.county,Jacksohn,Jackson
54003.statevalue,West Virgiia,West Virginia
7217.statevalue,eorgia,Georgia
55101.county,Fond uD Lac,Fond Du Lac
31712.county,Ceshire,Cheshire
45940.statevalue,exas,Texas
37235.county,Hamlilton,Hamilton
42771.statevalue,South Dakoat,South Dakota
36508.county,lSope,Slope
22920.statevalue,Mihcigan,Michigan
49682.county,Wichtia,Wichita
27671.county,Mcdonlad,Mcdonald
2608.county,Lawrece,Lawrence
55774.statevalue,Wiscnsin,Wisconsin
5903.statevalue,Forida,Florida
17457.statevalue,iKansas,Kansas
11782.statevalue,llinois,Illinois
44186.county,Hmablen,Hamblen
13669.statevalue,Indaina,Indiana
31674.county,Belkap,Belknap
14856.statevalue,Iwa,Iowa
27810.county,Missisisppi,Mississippi
16246.statevalue,lKansas,Kansas
39152.county,Mruray,Murray
31761.statevalue,ew Hampshire,New Hampshire
43766.statevalue,Tennesese,Tennessee
32436.county,Hardng,Harding
27591.county,Lawhrence,Lawrence
22487.statevalue,Mchigan,Michigan
50645.statevalue,Verrmont,Vermont
12497.county,Barthloomew,Bartholomew
21681.county,Queen Abnnes,Queen Annes
27416.county,Howelll,Howell
24604.county,Pinae,Pine
12309.county,aWrren,Warren
48654.county,Pamer,Parmer
31997.statevalue,New Jrsey,New Jersey
42320.statevalue,South Caroluina,South Carolina
41142.county,Montoru,Montour
17172.statevalue,Kansbas,Kansas
28854.county,Dfaniels,Daniels
52342.statevalue,Viginia,Virginia
52226.county,Surrry,Surry
11304.county,Irouois,Iroquois
25597.county,Humphryes,Humphreys
34681.county,Hlaifax,Halifax
22952.county,Mcaomb,Macomb
32480.statevalue,New Mebxico,New Mexico
32072.county,Monouth,Monmouth
25087.county,Wionna,Winona
3863.statevalue,Calisfornia,California
50687.statevalue,Virgiina,Virginia
3323.statevalue,alifornia,California
37014.county,Dasrke,Darke
49425.county,Tyrinity,Trinity
18694.statevalue,Kntucky,Kentucky
15500.county,Pottawatatmie,Pottawattamie
4946.county,a Plata,La Plata
25648.statevalue,Mississipi,Mississippi
39068.statevalue,Oklahoam,Oklahoma
2137.county,Clebutrne,Cleburne
14357.statevalue,Iwa,Iowa
17495.county,Shwnee,Shawnee
8795.county,Muscxogee,Muscogee
18203.statevalue,Kenutcky,Kentucky
5253.statevalue,Coloado,Colorado
14082.county,hite,White
32839.county,Allegayn,Allegany
33652.county,Schenectawdy,Schenectady
43721.statevalue,Tennnessee,Tennessee
53855.county,Brooek,Brooke
42973.statevalue,Suth Dakota,South Dakota
56046.statevalue,Wiscwonsin,Wisconsin
42143.county,Leve,Lee
50941.statevalue,Viginia,Virginia
36095.county,Hebttinger,Hettinger
602.statevalue,Azlabama,Alabama
52633.county,Hampton Cty,Hampton City
34985.county,Mzartin,Martin
8.statevalue,labama,Alabama
49805.county,iWse,Wise
26221.statevalue,Mqississippi,Mississippi
20346.county,bIberia,Iberia
44095.statevalue,zTennessee,Tennessee
36789.statevalue,Oiho,Ohio
18094.statevalue,Kentucqky,Kentucky
8424.statevalue,Geogria,Georgia
32660.statevalue,cNew Mexico,New Mexico
26742.county,Bneton,Benton
7497.county,Coflfee,Coffee
18526.county,Gravse,Graves
23254.statevalue,ichigan,Michigan
49554.statevalue,Txeas,Texas
22061.statevalue,Massachuetts,Massachusetts
20774.county,StJames,St James
36620.county,Walhs,Walsh
55720.statevalue,Wisconsn,Wisconsin
17933.county,Boiurbon,Bourbon
43448.county,hSpink,Spink
7049.county,BenHill,Ben Hill
6814.county,nUion,Union
23516.statevalue,Michihgan,Michigan
21469.county,Carolne,Caroline
37073.statevalue,hOio,Ohio
54293.county,ingo,Mingo
55452.county,arquette,Marquette
10076.statevalue,Imdaho,Idaho
45794.statevalue,Teas,Texas
4709.statevalue,Coleorado,Colorado
30372.statevalue,ebraska,Nebraska
19328.county,oMnroe,Monroe
16454.statevalue,Kahnsas,Kansas
38329.statevalue,Oklabhoma,Oklahoma
36258.county,Moron,Morton
49800.county,Wisue,Wise
54625.county,Tyelr,Tyler
36549.county,Stdeele,Steele
16660.county,Jackon,Jackson
51859.county,age,Page
46080.statevalue,Texafs,Texas
4556.statevalue,Clorado,Colorado
17489.county,Sawnee,Shawnee
53726.county,Whacom,Whatcom
45842.statevalue,Teas,Texas
16738.county,Krearny,Kearny
52425.statevalue,irginia,Virginia
4714.statevalue,Colordo,Colorado
51124.county,iDckenson,Dickenson
30460.county,Hitchocck,Hitchcock
15958.statevalue,Kasnas,Kansas
22054.statevalue,aMssachusetts,Massachusetts
51557.statevalue,Virginai,Virginia
51419.statevalue,irginia,Virginia
23545.statevalue,Mchigan,Michigan
8992.county,Ptnam,Putnam
44023.statevalue,eTnnessee,Tennessee
13585.statevalue,Indinaa,Indiana
30275.statevalue,ebraska,Nebraska
32555.county,Moar,Mora
11897.statevalue,Ilolinois,Illinois
26735.county,Baenton,Benton
10296.county,Jeffersonn,Jefferson
8316.county,Jasepr,Jasper
30386.county,Halfl,Hall
23827.statevalue,Minnesoat,Minnesota
27256.county,asconade,Gasconade
36605.county,bTraill,Traill
39523.statevalue,Oklahomca,Oklahoma
4523.county,Conedjos,Conejos
39127.statevalue,Oklahmoa,Oklahoma
39031.statevalue,Okmlahoma,Oklahoma
51992.county,Pulsaki,Pulaski
44768.statevalue,Tennwessee,Tennessee
26509.county,Wyane,Wayne
55626.statevalue,Wicsonsin,Wisconsin
28970.statevalue,Mpontana,Montana
1936.county,rAkansas,Arkansas
36237.statevalue,Nort Dakota,North Dakota
7682.county,De Kfalb,De Kalb
919.statevalue,Alabaam,Alabama
11990.county,Pualaski,Pulaski
41940.statevalue,Souzth Carolina,South Carolina
5991.county,Falgler,Flagler
38282.statevalue,Oklahoam,Oklahoma
51150.county,Dinwdidie,Dinwiddie
10856.statevalue,Illionis,Illinois
26219.county,Rnakin,Rankin
32690.county,Santau Fe,Santa Fe
31669.county,eBlknap,Belknap
27431.statevalue,Missouri***,Missouri
41526.county,Bristl,Bristol
167.statevalue,labama,Alabama
2933.county,Pmoinsett,Poinsett
22537.county,aGogebic,Gogebic
49170.statevalue,Texs,Texas
26977.county,Chariotn,Chariton
44106.statevalue,eTnnessee,Tennessee
13448.county,Newtno,Newton
55044.statevalue,Wicsonsin,Wisconsin
39291.statevalue,Ofklahoma,Oklahoma
15286.county,Mtchell,Mitchell
34523.county,Edgecomeb,Edgecombe
18867.county,Knovx,Knox
2094.statevalue,rAkansas,Arkansas
56215.statevalue,Wyomig,Wyoming
19767.statevalue,Kentukcy,Kentucky
40297.statevalue,Oregoen,Oregon
34150.statevalue,Nrth Carolina,North Carolina
50982.statevalue,irginia,Virginia
30294.statevalue,Nerbaska,Nebraska
12878.statevalue,Inldiana,Indiana
49566.county,Waler,Walker
17796.county,qAdair,Adair
3734.county,Monbo,Mono
28285.statevalue,Misosuri,Missouri
19559.statevalue,Kentlucky,Kentucky
3674.county,Mendochino,Mendocino
52689.statevalue,Virgniia,Virginia
32986.county,Clitnon,Clinton
31680.county,elknap,Belknap
3203.county,Van Buern,Van Buren
54269.statevalue,West Vgirginia,West Virginia
19190.statevalue,zKentucky,Kentucky
50474.statevalue,Vremont,Vermont
8288.county,Jacfkson,Jackson
4004.county,Sajn Mateo,San Mateo
20348.county,Iberiza,Iberia
19595.county,Robretson,Robertson
28849.statevalue,Montna,Montana
54600.county,Tcuker,Tucker
51847.statevalue,Vigrinia,Virginia
32485.statevalue,New Mxico,New Mexico
28280.county,Ste Gneevieve,Ste Genevieve
46953.statevalue,Txas,Texas
3190.county,Van uren,Van Buren
9101.county,Sbchley,Schley
10816.county,Churistian,Christian
9325.statevalue,Georgina,Georgia
52890.statevalue,Virginai,Virginia
19298.county,Mtcalfe,Metcalfe
54975.county,Dne,Dane
35955.county,unn,Dunn
29502.statevalue,Monatna,Montana
52069.county,Rockbrigde,Rockbridge
38017.county,Shelfby,Shelby
39416.statevalue,Oklnahoma,Oklahoma
10323.statevalue,Imdaho,Idaho
2103.county,lark,Clark
52152.statevalue,Vimrginia,Virginia
4438.county,oBulder,Boulder
33808.statevalue,Neow York,New York
1192.county,inston,Winston
44054.county,Fentrerss,Fentress
19888.county,Webstr,Webster
8128.statevalue,eGorgia,Georgia
11022.statevalue,Illiois,Illinois
9125.statevalue,Geogia,Georgia
50994.statevalue,Virginai,Virginia
25189.county,Attalca,Attala
32425.statevalue,NewM exico,New Mexico
7109.county,Blecklqey,Bleckley
38430.statevalue,Oklhoma,Oklahoma
37835.county,ePrry,Perry
28176.statevalue,Missocuri,Missouri
53852.county,Brojoke,Brooke
20731.statevalue,Louisiaa,Louisiana
579.statevalue,Albama,Alabama
34639.statevalue,North Carolian,North Carolina
8913.county,ierce,Pierce
44901.county,hea,Rhea
50148.county,Millad,Millard
6633.county,Pok,Polk
4481.county,hCaffee,Chaffee
50020.statevalue,Uath,Utah
40982.statevalue,Pennylvania,Pennsylvania
29754.statevalue,Nebarska,Nebraska
8531.county,Logn,Long
17563.statevalue,ansas,Kansas
37210.county,Guersney,Guernsey
45188.county,Van Burne,Van Buren
50553.county,Lamodille,Lamoille
20080.statevalue,Luoisiana,Louisiana
21846.statevalue,Masschusetts,Massachusetts
4607.county,Detla,Delta
50132.statevalue,Uatah,Utah
6089.county,Haimlton,Hamilton
8706.county,Mitchll,Mitchell
44816.county,Overtn,Overton
15158.county,uLcas,Lucas
27021.county,lay,Clay
13225.county,Kosicusko,Kosciusko
54556.statevalue,Wset Virginia,West Virginia
26022.county,Nehsoba,Neshoba
4533.county,Coxnejos,Conejos
53619.statevalue,Wahington,Washington
24176.county,Kizttson,Kittson
54327.statevalue,West Virgnia,West Virginia
48818.county,Reevoes,Reeves
9889.county,Bear Lwake,Bear Lake
4326.county,Adasm,Adams
4416.statevalue,oClorado,Colorado
55908.statevalue,Wiscongsin,Wisconsin
15691.county,nion,Union
52432.county,Buena Vista Ciyt,Buena Vista City
32134.county,Salme,Salem
4778.statevalue,Coloraod,Colorado
5234.county,Prwoers,Prowers
7256.county,Candelr,Candler
27510.county,Jhnson,Johnson
35778.statevalue,North Daokta,North Dakota
20497.county,Lincln,Lincoln
25082.statevalue,Mnnesota,Minnesota
32558.county,ora,Mora
8709.county,Mithell,Mitchell
25045.statevalue,Mninesota,Minnesota
46024.statevalue,exas,Texas
56405.statevalue,Wyboming,Wyoming
16579.county,Harpre,Harper
12013.county,uPtnam,Putnam
38880.statevalue,Oklhaoma,Oklahoma
48916.county,unnels,Runnels
45595.county,Blaco,Blanco
40796.statevalue,Pennsylvanija,Pennsylvania
23186.statevalue,Minchigan,Michigan
2125.statevalue,Arkanass,Arkansas
6572.county,Plam Beach,Palm Beach
21968.county,iddlesex,Middlesex
7758.statevalue,eorgia,Georgia
2901.county,iPke,Pike
54465.statevalue,West Virguinia,West Virginia
46781.statevalue,Texsa,Texas
21828.statevalue,Massachusetst,Massachusetts
29304.county,etroleum,Petroleum
25513.county,Grneada,Grenada
21117.county,Arootsook,Aroostook
5043.statevalue,uColorado,Colorado
33231.county,Kigs,Kings
3796.county,Nevaad,Nevada
27835.county,Monrhoe,Monroe
27917.county,Naewton,Newton
35679.statevalue,Nqorth Carolina,North Carolina
25083.county,Wniona,Winona
1151.statevalue,Alabaam,Alabama
3746.statevalue,Caliofrnia,California
41742.statevalue,Souht Carolina,South Carolina
35765.county,Bares,Barnes
6806.statevalue,lorida,Florida
42950.county,Hasnon,Hanson
22507.statevalue,Michigna,Michigan
37609.county,Medna,Medina
23347.statevalue,ichigan,Michigan
13303.statevalue,nIdiana,Indiana
4483.county,hCeyenne,Cheyenne
16312.statevalue,Kanass,Kansas
13326.county,Mafrion,Marion
39325.county,Pwnee,Pawnee
18995.statevalue,Ketnucky,Kentucky
54278.statevalue,Wset Virginia,West Virginia
14806.statevalue,Ioaw,Iowa
37773.statevalue,Oihio,Ohio
31041.statevalue,Nebrasgka,Nebraska
29105.statevalue,Motana,Montana
50051.county,Garfied,Garfield
21548.county,Fredegrick,Frederick
14052.statevalue,Indiapna,Indiana
25687.statevalue,Misisssippi,Mississippi
12121.statevalue,Ilinois,Illinois
26344.statevalue,Mismsissippi,Mississippi
13574.statevalue,Indieana,Indiana
34480.statevalue,oNrth Carolina,North Carolina
14011.statevalue,Inidana,Indiana
39856.statevalue,Orelgon,Oregon
23364.statevalue,Michigna,Michigan
14210.statevalue,Ioaw,Iowa
13075.county,Hnutington,Huntington
29762.statevalue,Nerbaska,Nebraska
45222.statevalue,Tennesstee,Tennessee
6976.county,Baldzwin,Baldwin
47210.county,Has,Hays
4805.statevalue,Coloraod,Colorado
28546.county,Veronn,Vernon
53227.county,uFerry,Ferry
48176.statevalue,exas,Texas
45524.county,tBaylor,Baylor
44946.county,obertson,Robertson
21504.county,ecil,Cecil
5408.county,Tleler,Teller
52735.county,anassas City,Manassas City
51463.county,Highalnd,Highland
37866.county,Pke,Pike
46285.county,Croby,Crosby
17054.statevalue,Kanssa,Kansas
49013.county,San Patricico,San Patricio
23717.statevalue,Minneosota,Minnesota
8751.county,Morgna,Morgan
26423.statevalue,Missisippi,Mississippi
50442.county,Benningtbon,Bennington
22948.county,Majckinac,Mackinac
44745.statevalue,Tennessee***,Tennessee
27595.county,Levwis,Lewis
21336.county,Waldno,Waldo
31565.statevalue,Noevada,Nevada
283.statevalue,Alabaam,Alabama
26609.statevalue,Misouri,Missouri
10283.statevalue,Idho,Idaho
16317.statevalue,Kanas,Kansas
46908.statevalue,vTexas,Texas
37985.county,cSioto,Scioto
48929.county,Ruqsk,Rusk
35319.county,Robeon,Robeson
39550.county,uTlsa,Tulsa
53967.county,Grnt,Grant
39911.county,ackson,Jackson
8782.statevalue,Georgixa,Georgia
46509.county,Duvla,Duval
32159.county,Smerset,Somerset
12613.county,aCss,Cass
46931.statevalue,Texsa,Texas
9047.statevalue,Gergia,Georgia
41468.statevalue,Pennsylvbania,Pennsylvania
33330.statevalue,NewY ork,New York
39473.statevalue,Oklavhoma,Oklahoma
5942.county,Duvla,Duval
56134.statevalue,Wyoimng,Wyoming
55741.county,Rusck,Rusk
33142.county,enesee,Genesee
36973.county,Carwford,Crawford
41171.statevalue,Pennsylvaia,Pennsylvania
12242.county,Unzion,Union
2011.statevalue,Arkanas,Arkansas
46900.county,oGliad,Goliad
1854.county,iPma,Pima
31424.statevalue,Nhevada,Nevada
31857.statevalue,NewJ ersey,New Jersey
47620.county,Kiarnes,Karnes
54017.statevalue,West Vibrginia,West Virginia
30333.county,Gposper,Gosper
44842.county,ickett,Pickett
40230.statevalue,Oregn,Oregon
32850.county,Allegtany,Allegany
54070.county,aHrrison,Harrison
48523.county,Ndueces,Nueces
53512.county,Paciflic,Pacific
13441.county,qMorgan,Morgan
15284.county,Mitchll,Mitchell
46545.statevalue,Texaks,Texas
42755.county,Deuezl,Deuel
29240.statevalue,Montaa,Montana
19825.county,Wraren,Warren
49389.statevalue,Txas,Texas
10751.county,Caroll,Carroll
6951.statevalue,Georgai,Georgia
54365.statevalue,WestV irginia,West Virginia
47862.statevalue,Tecxas,Texas
2491.county,Independenec,Independence
19932.statevalue,Kentuckey,Kentucky
28664.county,St Luis City,St Louis City
10088.statevalue,Iidaho,Idaho
36619.statevalue,oNrth Dakota,North Dakota
33861.statevalue,Nbew York,New York
42440.statevalue,South Dakoa,South Dakota
14553.statevalue,Iwoa,Iowa
40658.statevalue,Pennsylvnaia,Pennsylvania
43818.statevalue,Tennesskee,Tennessee
39019.county,Leogan,Logan
38719.county,Grayd,Grady
32622.county,oRosevelt,Roosevelt
42813.statevalue,Sotuh Dakota,South Dakota
14654.county,Duuque,Dubuque
18544.statevalue,Kentlucky,Kentucky
38322.statevalue,kOlahoma,Oklahoma
45218.statevalue,Tehnnessee,Tennessee
27057.county,oCle,Cole
1029.statevalue,Alabaam,Alabama
7053.county,Be nHill,Ben Hill
42687.statevalue,South Daukota,South Dakota
15273.statevalue,Ioaw,Iowa
573.statevalue,Alabamga,Alabama
1753.county,Grenlee,Greenlee
26618.statevalue,Misouri,Missouri
19961.statevalue,Louisaina,Louisiana
924.statevalue,Alaabma,Alabama
3134.statevalue,Arkasnas,Arkansas
15430.county,PaloAlto,Palo Alto
47718.county,mKerr,Kerr
37626.statevalue,hOio,Ohio
30262.statevalue,eNbraska,Nebraska
24881.county,Steee,Steele
39688.county,Benotn,Benton
27481.statevalue,Misouri,Missouri
52254.statevalue,Virgina,Virginia
36445.county,Rlette,Rolette
16282.statevalue,rKansas,Kansas
12400.statevalue,Illinois***,Illinois
20999.county,Wahsington,Washington
14854.statevalue,xIowa,Iowa
18382.county,Fayettge,Fayette
40821.county,uFlton,Fulton
44804.statevalue,Tenncessee,Tennessee
23071.county,Mdiland,Midland
5342.county,Sajn Juan,San Juan
34359.county,Clumbus,Columbus
51026.statevalue,Virgniia,Virginia
54658.county,ayne,Wayne
54468.county,Pretson,Preston
5041.statevalue,Coloado,Colorado
17146.county,sage,Osage
2243.statevalue,wArkansas,Arkansas
10127.statevalue,Idho,Idaho
14419.county,Ccherokee,Cherokee
48248.statevalue,Texpas,Texas
11434.county,Kankakee***,Kankakee
9898.county,eBar Lake,Bear Lake
45638.statevalue,exas,Texas
1722.statevalue,zArizona,Arizona
3126.county,Sever,Sevier
23172.county,eNwaygo,Newaygo
28728.county,Blaaine,Blaine
28552.statevalue,issouri,Missouri
53410.statevalue,Washigton,Washington
31995.county,Hudon,Hudson
3459.statevalue,Caalifornia,California
6503.statevalue,lorida,Florida
46136.county,Coaml,Comal
46912.statevalue,exas,Texas
14019.statevalue,Indinaa,Indiana
29815.county,Body,Boyd
50151.county,Morgyan,Morgan
41488.statevalue,Pennsylvanai,Pennsylvania
14889.statevalue,Iuowa,Iowa
27206.county,Douwglas,Douglas
6435.county,artin,Martin
31835.statevalue,New Hamphire,New Hampshire
4769.statevalue,Clorado,Colorado
8956.county,Pomlk,Polk
48.county,Barour,Barbour
40030.county,Lincon,Lincoln
16837.statevalue,Kanrsas,Kansas
20713.county,Saibne,Sabine
52812.statevalue,Virginiia,Virginia
8978.county,Pulaki,Pulaski
14923.statevalue,mIowa,Iowa
36362.statevalue,North Daktoa,North Dakota
47064.statevalue,Texsa,Texas
9593.county,Wshington,Washington
15955.statevalue,Kasnas,Kansas
31002.statevalue,Nebpraska,Nebraska
49968.statevalue,iUtah,Utah
35813.county,Bottneau,Bottineau
41837.county,Clarendno,Clarendon
47795.statevalue,Teaxs,Texas
28642.statevalue,Misisouri,Missouri
8967.statevalue,Georgika,Georgia
51618.statevalue,Virgzinia,Virginia
44947.statevalue,Tnenessee,Tennessee
26676.county,Audrin,Audrain
9989.county,Bonnre,Bonner
2138.county,Cleburrne,Cleburne
31919.county,ape May,Cape May
45292.statevalue,Tennemssee,Tennessee
41695.statevalue,SouthC arolina,South Carolina
5026.county,Mea,Mesa
19018.county,incoln,Lincoln
41221.county,Pie,Pike
9569.statevalue,Georgwia,Georgia
20221.county,D eSoto,De Soto
36688.county,Aadms,Adams
27400.county,Hhoward,Howard
14593.county,Decatru,Decatur
21258.county,Oford,Oxford
16102.statevalue,Kanssa,Kansas
55725.county,oRck,Rock
25858.statevalue,Misisssippi,Mississippi
48190.statevalue,exas,Texas
30505.statevalue,Nbraska,Nebraska
23539.statevalue,Michian,Michigan
13004.statevalue,Iniana,Indiana
35205.statevalue,Notrh Carolina,North Carolina
19385.county,Muhlenbeg,Muhlenberg
29081.statevalue,Montakna,Montana
3846.statevalue,Calfiornia,California
53401.statevalue,Washingtkon,Washington
39597.statevalue,Opklahoma,Oklahoma
43427.statevalue,oSuth Dakota,South Dakota
54640.county,pshur,Upshur
30548.statevalue,Nebrasa,Nebraska
37714.statevalue,Ohoi,Ohio
46810.county,Gainse,Gaines
46745.statevalue,Teas,Texas
53412.county,Klikitat,Klickitat
43795.statevalue,Tenessee,Tennessee
40650.county,rCawford,Crawford
23171.statevalue,Michdigan,Michigan
34063.statevalue,North Caolina,North Carolina
17776.county,Wyndotte,Wyandotte
54148.county,Lincolsn,Lincoln
43872.statevalue,Tennesseee,Tennessee
14897.statevalue,Iodwa,Iowa
48404.statevalue,Texsa,Texas
21586.county,Harfrod,Harford
31817.county,Strafforjd,Strafford
264.county,Cleburdne,Cleburne
34673.statevalue,Northk Carolina,North Carolina
37586.statevalue,Ohoi,Ohio
51013.county,Charlotte***,Charlotte
34952.statevalue,North Cwarolina,North Carolina
14745.statevalue,Ioaw,Iowa
22912.county,Livigston,Livingston
46501.statevalue,exas,Texas
50509.statevalue,Voermont,Vermont
21679.statevalue,Maryladn,Maryland
26751.county,oBllinger,Bollinger
33222.county,Jefferqson,Jefferson
54832.statevalue,Wiscnsin,Wisconsin
12568.county,Browwn,Brown
15902.statevalue,Kasas,Kansas
3644.statevalue,Califronia,California
19582.statevalue,Kentcky,Kentucky
11264.statevalue,Ililinois,Illinois
2898.statevalue,Arkanzsas,Arkansas
45524.statevalue,eTxas,Texas
48968.statevalue,Tjexas,Texas
19630.county,owan,Rowan
10022.county,Bounadry,Boundary
47777.statevalue,Tcexas,Texas
16107.county,heyenne,Cheyenne
53460.statevalue,Waslhington,Washington
1125.statevalue,Albaama,Alabama
8.county,Auauga,Autauga
38967.county,Lratimer,Latimer
35295.county,Randoloph,Randolph
41269.county,Schuykill,Schuylkill
30301.statevalue,eNbraska,Nebraska
11904.statevalue,Illniois,Illinois
35067.county,Nahs,Nash
38186.statevalue,Ohhio,Ohio
35293.county,Ranolph,Randolph
11933.county,Pery,Perry
54991.county,Dode,Dodge
35278.statevalue,Norht Carolina,North Carolina
23310.county,Ostego,Otsego
1531.statevalue,yAlaska,Alaska
41997.statevalue,South Carowlina,South Carolina
51425.county,Hnover,Hanover
54644.county,Upshr,Upshur
48839.statevalue,Txas,Texas
15892.statevalue,owa,Iowa
27433.county,ron,Iron
15613.county,ioux,Sioux
11622.county,MHcenry,McHenry
9209.statevalue,cGeorgia,Georgia
2781.county,Mornoe,Monroe
43401.county,Sanbon,Sanborn
48291.county,Midwland,Midland
23298.county,jOtsego,Otsego
46568.statevalue,Texsa,Texas
6596.statevalue,eFlorida,Florida
26405.statevalue,Misissippi,Mississippi
2907.county,Piek,Pike
29386.statevalue,Monqtana,Montana
28428.statevalue,Misisouri,Missouri
34558.county,Franklni,Franklin
29460.county,Rosebbud,Rosebud
23976.statevalue,Minnsota,Minnesota
7907.statevalue,Geobrgia,Georgia
19435.statevalue,Kentcuky,Kentucky
39271.county,Okmuwlgee,Okmulgee
18225.county,Clak,Clark
47863.county,La Saolle,La Salle
8797.county,Muscoge,Muscogee
33876.statevalue,New Ypork,New York
2705.statevalue,Aransas,Arkansas
7631.county,Ddae,Dade
35588.statevalue,Nort hCarolina,North Carolina
34590.statevalue,Northz Carolina,North Carolina
40965.statevalue,Pennslyvania,Pennsylvania
16693.statevalue,Kanssa,Kansas
29063.statevalue,Montanla,Montana
3296.county,Alpinre,Alpine
36014.statevalue,orth Dakota,North Dakota
49021.county,San Sabva,San Saba
20735.county,St Biernard,St Bernard
12834.statevalue,Idiana,Indiana
50358.statevalue,tah,Utah
18022.county,Breckinridmge,Breckinridge
32936.county,Chautaluqua,Chautauqua
50609.county,Rutlad,Rutland
49730.statevalue,lTexas,Texas
51352.statevalue,iVrginia,Virginia
18551.county,Garayson,Grayson
19103.county,cCreary,McCreary
23769.county,Cnhippewa,Chippewa
36835.statevalue,Oheio,Ohio
34287.statevalue,North Carolinqa,North Carolina
41730.county,eBrkeley,Berkeley
9596.statevalue,Geogria,Georgia
40777.county,Fjorest,Forest
33636.county,Saratoag,Saratoga
41631.statevalue,South arolina,South Carolina
53876.statevalue,Wst Virginia,West Virginia
20009.statevalue,Loisiana,Louisiana
16253.statevalue,Kaunsas,Kansas
48729.county,Raisn,Rains
11059.statevalue,llinois,Illinois
10970.county,eDwitt,Dewitt
3910.statevalue,Californa,California
9975.county,oBnner,Bonner
42047.county,ampton,Hampton
55824.statevalue,isconsin,Wisconsin
44060.county,Fenterss,Fentress
30646.statevalue,Nebrasak,Nebraska
25612.county,Hupmhreys,Humphreys
9185.statevalue,eorgia,Georgia
32567.statevalue,New Meixco,New Mexico
54064.county,Harrson,Harrison
15615.county,Smioux,Sioux
23173.county,Neawygo,Newaygo
14474.county,Cliay,Clay
23094.county,bMissaukee,Missaukee
4162.statevalue,Clifornia,California
52854.county,zPoquoson City,Poquoson City
26310.statevalue,Mississipip,Mississippi
2302.statevalue,Arkainsas,Arkansas
23889.statevalue,Minnesoa,Minnesota
45294.county,Willimason,Williamson
46190.county,Cokoke,Cooke
48083.county,McCullohc,McCulloch
52749.statevalue,qVirginia,Virginia
19031.statevalue,yKentucky,Kentucky
28998.county,Glacire,Glacier
52337.statevalue,Virgiia,Virginia
48199.statevalue,Texsa,Texas
8267.county,Iriwn,Irwin
9658.county,Whte,White
19939.county,Wosodford,Woodford
3643.county,Main,Marin
53545.statevalue,Washingtodn,Washington
15722.county,Wpello,Wapello
24396.statevalue,Minesota,Minnesota
53231.county,Ferray,Ferry
39459.county,Smeinole,Seminole
15785.county,Wpayne,Wayne
26346.county,Tallahachie,Tallahatchie
5432.county,ashington,Washington
14873.county,Harison,Harrison
53074.county,Aams,Adams
36459.statevalue,North Daekota,North Dakota
7731.statevalue,eorgia,Georgia
16876.county,Logna,Logan
44767.county,Morgarn,Morgan
6349.statevalue,Flovrida,Florida
51560.statevalue,Vriginia,Virginia
51896.statevalue,Virginai,Virginia
31643.county,Wmhite Pine,White Pine
12046.statevalue,tIllinois,Illinois
8899.statevalue,Georgai,Georgia
26096.county,Panloa,Panola
54763.statevalue,isconsin,Wisconsin
21574.statevalue,Marryland,Maryland
9605.statevalue,eorgia,Georgia
6801.statevalue,Floqrida,Florida
5707.statevalue,Florda,Florida
31050.county,Salie,Saline
14212.county,Bentn,Benton
24317.county,Lyoln,Lyon
17019.county,Montgomey,Montgomery
9899.county,Bear aLke,Bear Lake
18764.county,Jakcson,Jackson
7412.county,Claorke,Clarke
14141.statevalue,Ioa,Iowa
13800.statevalue,Indianna,Indiana
54239.county,Maon,Mason
11781.county,Menadr,Menard
9816.statevalue,Hwaaii,Hawaii
55652.statevalue,Wisconsiyn,Wisconsin
44706.county,Meisg,Meigs
26472.statevalue,Mississipip,Mississippi
31569.statevalue,Nevaad,Nevada
30000.county,Cay,Clay
24092.statevalue,iMnnesota,Minnesota
32420.county,Hading,Harding
4918.county,Laek,Lake
15129.county,iLnn,Linn
1977.county,Batxer,Baxter
44556.statevalue,Tennessee***,Tennessee
9662.county,hite,White
4749.county,arfield,Garfield
44166.statevalue,Tennessee***,Tennessee
45500.statevalue,Texsa,Texas
5430.statevalue,Coloardo,Colorado
24425.county,Mille qLacs,Mille Lacs
41666.statevalue,South Caroljina,South Carolina
42847.statevalue,South Dkota,South Dakota
37505.statevalue,Oyhio,Ohio
47240.statevalue,exas,Texas
33404.statevalue,New Yjork,New York
45048.county,mSith,Smith
50153.county,Mrogan,Morgan
45018.county,Seiver,Sevier
27302.statevalue,Missougri,Missouri
2359.county,Fultn,Fulton
27677.county,Mcdoald,Mcdonald
40839.statevalue,Pennslyvania,Pennsylvania
42582.county,Butet,Butte
44311.county,Henderswon,Henderson
11078.statevalue,llinois,Illinois
40149.county,hSerman,Sherman
38414.county,anadian,Canadian
24413.statevalue,uMinnesota,Minnesota
9477.county,Unon,Union
4740.statevalue,Coloradao,Colorado
11940.county,Pioatt,Piatt
41269.statevalue,Pensylvania,Pennsylvania
7103.county,Blkeckley,Bleckley
96.county,Blulock,Bullock
34070.county,Bedrtie,Bertie
2561.statevalue,Arkasas,Arkansas
45620.statevalue,exas,Texas
2011.county,oBone,Boone
9765.county,awaii,Hawaii
47441.county,Irin,Irion
5994.statevalue,Fluorida,Florida
25593.statevalue,Mississpipi,Mississippi
55120.statevalue,Wiscondsin,Wisconsin
2059.statevalue,rkansas,Arkansas
44013.statevalue,Tennessexe,Tennessee
51588.statevalue,Virglinia,Virginia
17337.county,Rilesy,Riley
25164.statevalue,Mississipip,Mississippi
26730.statevalue,Missoujri,Missouri
14898.statevalue,Ioaw,Iowa
33264.county,eLwis,Lewis
6313.county,Lree,Lee
15189.statevalue,Iowoa,Iowa
33350.county,Nasau,Nassau
20516.county,Livnigston,Livingston
15624.statevalue,owa,Iowa
55313.statevalue,Wiscnsin,Wisconsin
4058.statevalue,Californa,California
978.county,Pioke,Pike
17446.statevalue,ansas,Kansas
12852.county,zFloyd,Floyd
25764.county,Lafayete,Lafayette
35434.county,tanly,Stanly
5131.county,Oteo,Otero
3887.statevalue,Calfiornia,California
8667.statevalue,eorgia,Georgia
34960.county,Madhison,Madison
38601.county,Creek***,Creek
10543.county,hoshone,Shoshone
44142.county,Greeen,Greene
39375.statevalue,oOklahoma,Oklahoma
15712.statevalue,Ioa,Iowa
54154.county,incoln,Lincoln
20865.county,St Tmamany,St Tammany
19804.statevalue,Ketnucky,Kentucky
23690.statevalue,Minnesoat,Minnesota
552.county,eGeneva,Geneva
27625.county,Licnoln,Lincoln
8851.county,Olgethorpe,Oglethorpe
45314.statevalue,ennessee,Tennessee
55500.statevalue,Wiscoxnsin,Wisconsin
42934.county,Hadn,Hand
48173.county,Masrtin,Martin
21428.county,Baltimbore,Baltimore
34301.statevalue,Norht Carolina,North Carolina
24124.statevalue,Minnesoat,Minnesota
17705.county,Washingtojn,Washington
2827.statevalue,Arkasnas,Arkansas
38197.county,Wayen,Wayne
29950.county,Chdase,Chase
24200.statevalue,vMinnesota,Minnesota
46555.statevalue,Texs,Texas
28101.statevalue,Missuori,Missouri
49643.county,eWbb,Webb
33578.county,Richamond,Richmond
44044.statevalue,Tennesee,Tennessee
23268.statevalue,Mcihigan,Michigan
17701.statevalue,aKnsas,Kansas
48470.statevalue,Txeas,Texas
56463.county,Westxon,Weston
11068.statevalue,llinois,Illinois
7188.county,urke,Burke
2693.statevalue,rkansas,Arkansas
18097.county,Callcoway,Calloway
52499.statevalue,irginia,Virginia
45090.county,Sullyivan,Sullivan
8150.county,Hacock,Hancock
42175.county,cCormick,McCormick
14540.county,Crwawford,Crawford
52472.county,Colonmial Heights City,Colonial Heights City
11541.statevalue,Illinoivs,Illinois
7232.statevalue,wGeorgia,Georgia
3624.statevalue,Californiia,California
7439.county,lCayton,Clayton
54784.county,Asland,Ashland
21722.statevalue,Marlyand,Maryland
31245.county,Thruston,Thurston
34164.statevalue,Noth Carolina,North Carolina
17892.statevalue,Kentucyk,Kentucky
21038.statevalue,Louiisana,Louisiana
9413.statevalue,eGorgia,Georgia
4928.statevalue,Colrorado,Colorado
7306.statevalue,Gerogia,Georgia
12215.county,Stehenson,Stephenson
29657.county,Wibauux,Wibaux
47053.county,Hamiltn,Hamilton
27778.statevalue,Missori,Missouri
53199.statevalue,Washigton,Washington
53088.statevalue,Washingotn,Washington
22207.statevalue,Michiagn,Michigan
38127.statevalue,hOio,Ohio
45229.county,Wasihngton,Washington
41323.statevalue,Pennsylvaia,Pennsylvania
55123.county,Foretst,Forest
51907.county,Pittsylvaina,Pittsylvania
9142.statevalue,Georgai,Georgia
16656.statevalue,Kanssa,Kansas
29229.statevalue,Monana,Montana
21469.statevalue,Marylabnd,Maryland
13969.county,oWabash,Wabash
19994.statevalue,Louisbiana,Louisiana
8001.county,Glasctock,Glascock
33169.county,Greeane,Greene
40062.county,Malheru,Malheur
47226.statevalue,Texsa,Texas
1517.statevalue,laska,Alaska
52286.statevalue,Virgina,Virginia
29169.statevalue,ontana,Montana
53667.statevalue,Wahsington,Washington
39681.county,Bentno,Benton
16475.county,rGaham,Graham
40361.statevalue,Pennsylvaina,Pennsylvania
30037.county,Cuimng,Cuming
16771.county,iowa,Kiowa
14047.county,Wyane,Wayne
35460.county,Stqokes,Stokes
17040.statevalue,Kanssa,Kansas
438.statevalue,Alabasma,Alabama
1600.statevalue,Alasak,Alaska
34683.county,Halifx,Halifax
1530.county,Prince Wals Ketchikan,Prince Wales Ketchikan
51451.county,Hery,Henry
10256.county,ooding,Gooding
22869.county,eelanau,Leelanau
49386.county,Tom Greeun,Tom Green
8207.statevalue,Geogia,Georgia
43046.county,Jackon,Jackson
27180.county,Dekzalb,Dekalb
1859.county,Pnal,Pinal
7226.statevalue,eorgia,Georgia
45458.county,Austsin,Austin
22810.county,Keweenaw***,Keweenaw
32820.statevalue,New Yrok,New York
29689.county,Adaqms,Adams
50590.statevalue,Vermnot,Vermont
45986.county,hCerokee,Cherokee
13563.statevalue,Inidana,Indiana
39115.statevalue,Oklahmoa,Oklahoma
5869.county,Colier,Collier
38860.statevalue,Oklahioma,Oklahoma
42383.statevalue,South Caroalina,South Carolina
6448.statevalue,Flordia,Florida
42830.county,Fall Rievr,Fall River
30713.statevalue,Nebrwaska,Nebraska
33983.statevalue,North Carolna,North Carolina
2978.county,Prazirie,Prairie
13489.county,Ohoi,Ohio
27407.county,Howavrd,Howard
39452.county,Rogerfs,Rogers
883.county,Moroe,Monroe
37405.county,Jeffeson,Jefferson
31981.county,Gloucestr,Gloucester
35605.statevalue,North arolina,North Carolina
42003.statevalue,Souh Carolina,South Carolina
23486.county,Tscola,Tuscola
29574.statevalue,ontana,Montana
7843.county,Eanuel,Emanuel
12154.county,Scotst,Scott
26567.county,inston,Winston
21310.county,Sagaadhoc,Sagadahoc
50892.statevalue,Virginai,Virginia
52197.county,Spotsylvnaia,Spotsylvania
56151.statevalue,Wyoimng,Wyoming
51403.statevalue,Vrginia,Virginia
3904.statevalue,Californai,California
35149.county,pOrange,Orange
16540.statevalue,Kanasas,Kansas
31716.statevalue,New qHampshire,New Hampshire
18306.statevalue,Kentuckfy,Kentucky
44344.statevalue,Tenessee,Tennessee
37205.statevalue,yOhio,Ohio
19831.statevalue,eKntucky,Kentucky
8253.county,Houtson,Houston
22276.county,ranch,Branch
41642.statevalue,Sdouth Carolina,South Carolina
3652.statevalue,Californima,California
16648.county,Hodegman,Hodgeman
5298.statevalue,Colorao,Colorado
27943.county,regon,Oregon
2458.county,Hot Sprign,Hot Spring
49753.county,Wlison,Wilson
22100.county,Algexr,Alger
47761.statevalue,exas,Texas
8428.statevalue,Gorgia,Georgia
53183.statevalue,Washingtoon,Washington
18139.statevalue,eKntucky,Kentucky
24313.county,yon,Lyon
34350.statevalue,North Cajrolina,North Carolina
5718.county,Bakejr,Baker
18096.county,Clloway,Calloway
12650.county,Cilay,Clay
21497.county,Cwecil,Cecil
4347.county,Alamoas,Alamosa
3869.county,Rivrside,Riverside
23646.county,Benon,Benton
16201.county,oCwley,Cowley
208.county,Chocatw,Choctaw
45334.county,Andersno,Anderson
12961.county,iHamilton,Hamilton
30559.county,Johnsosn,Johnson
7574.statevalue,Gevorgia,Georgia
23592.statevalue,Minensota,Minnesota
47549.statevalue,Texsa,Texas
49926.statevalue,Uath,Utah
1264.statevalue,Alqaska,Alaska
7996.statevalue,eGorgia,Georgia
6991.county,Banpks,Banks
52735.statevalue,Virinia,Virginia
36546.county,Steemle,Steele
17245.county,Prtat,Pratt
34940.county,Macno,Macon
26200.county,Quiwtman,Quitman
17452.county,Sdgwick,Sedgwick
4541.county,Costillma,Costilla
7140.county,Brooks***,Brooks
43641.statevalue,Tennessehe,Tennessee
37488.statevalue,Ovhio,Ohio
2456.county,Ho Spring,Hot Spring
19921.statevalue,Kentuckwy,Kentucky
1497.statevalue,Alska,Alaska
33069.statevalue,New vYork,New York
13073.statevalue,Indiaan,Indiana
5593.statevalue,Connectiuct,Connecticut
47035.county,all,Hall
188.county,Chiltomn,Chilton
50840.statevalue,iVrginia,Virginia
9722.statevalue,Gexorgia,Georgia
43806.county,Cheatam,Cheatham
16784.county,abette,Labette
46345.county,Dnallas,Dallas
12076.county,ock Island,Rock Island
35478.statevalue,Northh Carolina,North Carolina
38038.county,Stfark,Stark
12592.statevalue,hIndiana,Indiana
4284.statevalue,aClifornia,California
47779.statevalue,Texs,Texas
12846.county,Folyd,Floyd
44982.statevalue,Tennaessee,Tennessee
55623.county,Plk,Polk
21492.statevalue,aMaryland,Maryland
47164.statevalue,exas,Texas
38448.county,Crater,Carter
2842.county,Newon,Newton
13333.statevalue,Indina,Indiana
19934.statevalue,Kentucy,Kentucky
11815.statevalue,Illinoois,Illinois
53316.county,Grays Hrabor,Grays Harbor
14012.county,arrick,Warrick
9268.county,Tattall,Tattnall
5603.county,Winhdam,Windham
6847.county,Wakullxa,Wakulla
47491.statevalue,Tezxas,Texas
50006.county,Duchesen,Duchesne
11835.statevalue,Igllinois,Illinois
50644.statevalue,Verumont,Vermont
18473.statevalue,eKntucky,Kentucky
28962.statevalue,oMntana,Montana
4134.statevalue,Califovrnia,California
33870.statevalue,New oYork,New York
22588.county,Graiot,Gratiot
1695.county,Coconion,Coconino
13406.statevalue,Indianqa,Indiana
726.statevalue,Alababma,Alabama
18347.statevalue,Khentucky,Kentucky
24676.county,Ramsye,Ramsey
42607.county,Charels Mix,Charles Mix
13762.county,Shelgby,Shelby
41050.statevalue,Pennsylania,Pennsylvania
13615.statevalue,Invdiana,Indiana
394.statevalue,lAlabama,Alabama
21907.statevalue,Massahusetts,Massachusetts
53318.statevalue,Washigton,Washington
10327.statevalue,Idaoh,Idaho
1473.statevalue,Alasak,Alaska
32082.county,Morris***,Morris
45426.statevalue,Teaxs,Texas
51924.statevalue,Virhginia,Virginia
13165.county,Jenings,Jennings
37192.county,Gareene,Greene
242.county,Caly,Clay
37492.county,Lciking,Licking
4732.county,Femont,Fremont
3539.county,Kenr,Kern
42433.county,urora,Aurora
39807.statevalue,regon,Oregon
18326.statevalue,entucky,Kentucky
49504.statevalue,wTexas,Texas
11037.county,Edwadrs,Edwards
20887.county,Tangipachoa,Tangipahoa
7782.county,Echolns,Echols
35120.county,Onvslow,Onslow
34367.county,Carven,Craven
38053.county,Saummit,Summit
36629.county,Wxalsh,Walsh
1136.county,Wdalker,Walker
25679.county,Jaser,Jasper
16548.county,Greewood,Greenwood
48598.statevalue,lTexas,Texas
49303.county,Tererll,Terrell
21326.statevalue,Miane,Maine
8140.statevalue,eorgia,Georgia
39393.statevalue,Oklaholma,Oklahoma
15927.statevalue,Kanssa,Kansas
37973.statevalue,Oiho,Ohio
45532.statevalue,Teas,Texas
7514.county,Colqiutt,Colquitt
27547.county,Lacledge,Laclede
45028.county,Shelyb,Shelby
17910.statevalue,wKentucky,Kentucky
46141.county,omal,Comal
3781.statevalue,Califronia,California
29697.statevalue,Nebrsaka,Nebraska
18796.county,essamine,Jessamine
29230.county,Miineral,Mineral
33149.county,enesee,Genesee
11144.statevalue,Illihnois,Illinois
1948.county,Aslhey,Ashley
44561.statevalue,ennessee,Tennessee
51294.statevalue,Viirginia,Virginia
36539.county,Starlk,Stark
28347.statevalue,Missorui,Missouri
23013.statevalue,Michigna,Michigan
31477.county,Humbodt,Humboldt
46819.county,Glaveston,Galveston
25669.county,Japser,Jasper
4937.county,La Palta,La Plata
30248.county,Fronter,Frontier
37652.county,Meracer,Mercer
9494.county,Upsno,Upson
3473.county,Grlenn,Glenn
17760.county,Wodoson,Woodson
13435.statevalue,Idiana,Indiana
15784.county,Waytne,Wayne
10102.statevalue,zIdaho,Idaho
4080.statevalue,Canlifornia,California
53522.county,Pen Oreille,Pend Oreille
12531.statevalue,Indina,Indiana
55361.county,Langladge,Langlade
25383.county,Copiha,Copiah
41801.statevalue,South Caorlina,South Carolina
29342.statevalue,Montaan,Montana
3151.statevalue,Aorkansas,Arkansas
1260.statevalue,Aldaska,Alaska
24957.county,Trvaerse,Traverse
12011.statevalue,Illiois,Illinois
15457.statevalue,Ioaw,Iowa
28479.statevalue,sMissouri,Missouri
20070.statevalue,Loisiana,Louisiana
1086.county,hTalladega,Talladega
39.statevalue,Alabamva,Alabama
27492.statevalue,Missoui,Missouri
17057.county,Moron,Morton
14009.statevalue,Idniana,Indiana
44342.statevalue,ennessee,Tennessee
7631.statevalue,Geforgia,Georgia
17675.county,Wgabaunsee,Wabaunsee
32074.statevalue,Neuw Jersey,New Jersey
30979.statevalue,Nelbraska,Nebraska
25134.statevalue,Mississippei,Mississippi
44679.statevalue,Tnenessee,Tennessee
7004.county,Barrwo,Barrow
49969.statevalue,Utha,Utah
18471.county,Gqallatin,Gallatin
11465.county,endall,Kendall
3158.county,Swtone,Stone
30372.county,Grdeeley,Greeley
7628.statevalue,Goergia,Georgia
41842.statevalue,South Carolna,South Carolina
16132.statevalue,Kanass,Kansas
43028.statevalue,South Dakfota,South Dakota
36237.county,Mercre,Mercer
52641.county,nHampton City,Hampton City
45293.statevalue,Tenessee,Tennessee
36027.county,Golden Valleyy,Golden Valley
44624.county,Mdison,Madison
1314.statevalue,Alaseka,Alaska
41369.statevalue,Pnnsylvania,Pennsylvania
30084.statevalue,Nebrxaska,Nebraska
42870.county,Gratn,Grant
37500.county,Logna,Logan
11724.statevalue,Illinosi,Illinois
28224.statevalue,iMissouri,Missouri
24634.statevalue,Minnesoa,Minnesota
32132.statevalue,New Jersye,New Jersey
8475.county,Lee***,Lee
55897.statevalue,Wiisconsin,Wisconsin
51193.county,Fqauquier,Fauquier
27329.statevalue,Missoui,Missouri
36558.county,rSteele,Steele
26063.statevalue,Mississippi***,Mississippi
41728.county,Berkely,Berkeley
2870.county,Pkerry,Perry
41531.county,ent,Kent
45006.county,Sevietr,Sevier
43496.county,Todd***,Todd
16315.county,Edwrads,Edwards
26362.statevalue,Missisusippi,Mississippi
6773.county,Suannee,Suwannee
48825.statevalue,Texaws,Texas
6053.statevalue,Floriad,Florida
25688.county,Jeffersodn,Jefferson
52563.county,Falls Church Ctiy,Falls Church City
42257.statevalue,South Carolian,South Carolina
26119.county,Prery,Perry
52065.statevalue,Virhginia,Virginia
46737.statevalue,exas,Texas
3250.statevalue,Arkanssa,Arkansas
32263.statevalue,New Mexcio,New Mexico
18781.statevalue,Kentucyk,Kentucky
10709.county,Bronw,Brown
1618.county,ade Hampton,Wade Hampton
19024.county,Lnicoln,Lincoln
25589.county,Hwolmes,Holmes
20137.statevalue,ouisiana,Louisiana
38423.county,Cannadian,Canadian
51781.statevalue,Virginai,Virginia
24079.statevalue,Mxinnesota,Minnesota
3204.county,Vvan Buren,Van Buren
23569.county,Aikin,Aitkin
22980.county,Manisete,Manistee
16070.statevalue,ansas,Kansas
50688.county,Acomack,Accomack
27756.statevalue,Missoxuri,Missouri
9408.county,rTeutlen,Treutlen
12981.statevalue,Indiaan,Indiana
32100.county,Ocmean,Ocean
37684.county,Mnroe,Monroe
33796.county,Tomppkins,Tompkins
35642.statevalue,North Carolnia,North Carolina
1104.county,Talapoosa,Tallapoosa
44855.county,Picektt,Pickett
16607.county,Harevy,Harvey
30421.county,Harln,Harlan
27969.statevalue,Mssouri,Missouri
10548.county,Shohone,Shoshone
34397.statevalue,North Carqolina,North Carolina
20664.statevalue,Luisiana,Louisiana
20807.county,St ohn The Baptist,St John The Baptist
6629.statevalue,Floridza,Florida
29988.county,bCheyenne,Cheyenne
26206.county,hQuitman,Quitman
40426.statevalue,ennsylvania,Pennsylvania
47763.county,Kinnfey,Kinney
25410.county,Cocvington,Covington
44315.statevalue,Tenwnessee,Tennessee
3805.statevalue,Califrnia,California
37239.statevalue,Ohcio,Ohio
54483.county,Putnma,Putnam
39403.statevalue,Oklahoam,Oklahoma
26191.county,Qiutman,Quitman
31433.statevalue,evada,Nevada
22003.statevalue,Massacusetts,Massachusetts
51912.county,Pittsylovania,Pittsylvania
22542.statevalue,Michgan,Michigan
35915.county,Dckey,Dickey
29142.statevalue,pMontana,Montana
47651.statevalue,exas,Texas
16727.county,earny,Kearny
44430.statevalue,Tennesese,Tennessee
42156.statevalue,South Caroblina,South Carolina
1915.county,Yua,Yuma
54740.statevalue,West Virgwinia,West Virginia
30101.county,Dason,Dawson
48408.statevalue,Texnas,Texas
54317.statevalue,West Virginai,West Virginia
5925.county,Diixe,Dixie
18820.statevalue,Kentmucky,Kentucky
39434.statevalue,Oklahoam,Oklahoma
6603.county,xPasco,Pasco
41770.county,Charlebston,Charleston
35564.county,Vnace,Vance
28811.statevalue,Montanea,Montana
38902.statevalue,Oklhoma,Oklahoma
52661.county,Harrisonburg iCty,Harrisonburg City
10309.statevalue,Ideaho,Idaho
38710.statevalue,Okleahoma,Oklahoma
22294.county,Calohoun,Calhoun
13248.county,Lagrane,Lagrange
45492.county,Bandeqra,Bandera
41627.statevalue,Soth Carolina,South Carolina
52599.statevalue,Virignia,Virginia
42876.statevalue,South Daokta,South Dakota
14879.statevalue,oIwa,Iowa
29662.statevalue,Mnotana,Montana
12717.statevalue,yIndiana,Indiana
41528.county,Knt,Kent
40125.statevalue,regon,Oregon
1422.county,Kodiak Ilsand,Kodiak Island
1834.statevalue,bArizona,Arizona
53909.county,Clya,Clay
35227.county,erson,Person
24091.statevalue,Minnseota,Minnesota
31610.statevalue,evada,Nevada
9649.county,hite,White
20896.county,Tangyipahoa,Tangipahoa
12116.county,Sanzgamon,Sangamon
53164.county,lark,Clark
9502.statevalue,Georgmia,Georgia
3030.statevalue,rkansas,Arkansas
15071.statevalue,Ioaw,Iowa
43557.statevalue,Sout Dakota,South Dakota
8789.county,Musfcogee,Muscogee
49877.county,apata,Zapata
7019.statevalue,eorgia,Georgia
17247.statevalue,Kanssa,Kansas
31878.statevalue,New Jerqsey,New Jersey
46253.county,Crahne,Crane
16452.county,Geayr,Geary
22136.county,Apena,Alpena
45340.statevalue,Texs,Texas
32927.statevalue,New Yiork,New York
10325.county,Kotenai,Kootenai
7450.county,layton,Clayton
49066.county,Scrury,Scurry
20584.statevalue,ouisiana,Louisiana
39857.statevalue,Oergon,Oregon
44546.statevalue,ennessee,Tennessee
21198.county,Ktennebec,Kennebec
17420.county,aSline,Saline
23985.statevalue,Minnsota,Minnesota
14455.county,Clarbke,Clarke
742.county,Liestone,Limestone
15929.county,Anerson,Anderson
2182.county,Conay,Conway
35863.county,Burliegh,Burleigh
50741.statevalue,Vkirginia,Virginia
20375.county,Ibervilel,Iberville
50191.statevalue,Uah,Utah
44037.statevalue,Tennesse,Tennessee
19195.statevalue,Ketnucky,Kentucky
45645.county,Bosqupe,Bosque
28446.statevalue,issouri,Missouri
54022.statevalue,Wets Virginia,West Virginia
25850.statevalue,Misssisippi,Mississippi
37563.statevalue,Ohaio,Ohio
44877.county,Putanam,Putnam
13366.statevalue,Indinaa,Indiana
17642.statevalue,Kanass,Kansas
40096.statevalue,Oregpon,Oregon
28785.county,Cascadre,Cascade
5696.county,Alachau,Alachua
50000.county,Dcavis,Davis
45817.statevalue,eTxas,Texas
37437.county,Knxo,Knox
51750.county,Mongtomery,Montgomery
48536.county,Ociltree,Ochiltree
41146.statevalue,Pennsylvcania,Pennsylvania
39496.county,Stepens,Stephens
32457.statevalue,New Mexicco,New Mexico
7434.county,Cly,Clay
43522.statevalue,SouthD akota,South Dakota
3897.county,San Betnito,San Benito
5844.county,Citrues,Citrus
43793.statevalue,Tennsesee,Tennessee
12749.county,DeKalb,De Kalb
22278.statevalue,Mchigan,Michigan
33503.county,tsego,Otsego
34612.statevalue,NorthC arolina,North Carolina
6488.statevalue,Flowrida,Florida
38286.county,pAdair,Adair
14951.county,Ia,Ida
34237.county,Catwba,Catawba
51517.county,ing and Queen,King and Queen
34601.county,Grham,Graham
9804.statevalue,aHwaii,Hawaii
56443.statevalue,yoming,Wyoming
27653.county,Livingtson,Livingston
55267.statevalue,Wisvconsin,Wisconsin
6739.statevalue,Floida,Florida
6129.county,Hendrwy,Hendry
40540.statevalue,Pensylvania,Pennsylvania
39372.statevalue,Oklahoa,Oklahoma
18167.statevalue,entucky,Kentucky
52515.statevalue,Vrginia,Virginia
19003.county,vLewis,Lewis
49087.county,Shelvby,Shelby
35012.county,itchell,Mitchell
4845.statevalue,Coilorado,Colorado
14046.statevalue,nIdiana,Indiana
26531.county,Websmter,Webster
41989.county,pGeorgetown,Georgetown
6532.statevalue,Floriida,Florida
11354.statevalue,Illinios,Illinois
11924.statevalue,Illinosi,Illinois
16956.statevalue,Knansas,Kansas
37736.statevalue,hOio,Ohio
24633.statevalue,Minneslota,Minnesota
12160.statevalue,Illlinois,Illinois
34354.county,Coumbus,Columbus
44590.county,McNiary,McNairy
17529.county,Shxerman,Sherman
28488.county,dSullivan,Sullivan
24677.county,Rramsey,Ramsey
36208.county,ckenzie,Mckenzie
26042.statevalue,zMississippi,Mississippi
47032.county,Hable,Hale
50508.county,sEsex,Essex
24750.statevalue,Minnesoa,Minnesota
49132.county,Simth,Smith
45449.statevalue,Teas,Texas
28268.statevalue,Missorui,Missouri
46496.county,Duvla,Duval
56209.statevalue,Wyomign,Wyoming
46536.county,Erctor,Ector
3996.statevalue,Californai,California
5439.statevalue,oClorado,Colorado
50844.county,Bedfrd,Bedford
22765.statevalue,Michgan,Michigan
38966.county,atimer,Latimer
9272.county,aTylor,Taylor
33080.county,rie,Erie
54395.statevalue,WestV irginia,West Virginia
10848.statevalue,Illiois,Illinois
48201.statevalue,exas,Texas
30117.county,kDeuel,Deuel
22993.county,Mraquette,Marquette
28239.county,Ribpley,Ripley
9908.county,Beenewah,Benewah
36310.county,Olivr,Oliver
9191.statevalue,Geogia,Georgia
51746.statevalue,Virgzinia,Virginia
46424.statevalue,exas,Texas
14503.statevalue,owa,Iowa
29819.statevalue,ebraska,Nebraska
22506.county,Genesee***,Genesee
12127.county,Sagnamon,Sangamon
30603.statevalue,eNbraska,Nebraska
18645.county,Hralan,Harlan
19789.county,Trimbel,Trimble
31087.county,Scotts luff,Scotts Bluff
45602.statevalue,Texfas,Texas
23105.county,Mnroe,Monroe
14687.statevalue,Iwoa,Iowa
19482.county,Osley,Owsley
55538.county,Oneiad,Oneida
44839.county,Pickett***,Pickett
25494.county,Greenfe,Greene
42959.statevalue,pSouth Dakota,South Dakota
55834.county,Sheboydgan,Sheboygan
29456.statevalue,Motnana,Montana
21970.county,Middlesxe,Middlesex
29541.county,Sweet Gras,Sweet Grass
9513.county,Waolker,Walker
32273.county,Chaevs,Chaves
55026.statevalue,Wisconsiin,Wisconsin
38209.statevalue,Oiho,Ohio
49345.statevalue,exas,Texas
24388.county,Martn,Martin
21604.county,Hoqward,Howard
46980.county,Greqgg,Gregg
11677.statevalue,lIlinois,Illinois
28703.county,Big Honr,Big Horn
6640.statevalue,Floridta,Florida
46600.statevalue,Txas,Texas
54009.county,Hmpshire,Hampshire
3563.statevalue,Caliornia,California
15225.county,Maahska,Mahaska
49361.county,itus,Titus
1929.statevalue,Arkasnas,Arkansas
28351.county,Schyler,Schuyler
24724.county,Rwenville,Renville
48539.county,Ochiljtree,Ochiltree
51848.statevalue,Virginiva,Virginia
53046.county,Williamsmburg City,Williamsburg City
37511.statevalue,Orhio,Ohio
45192.statevalue,eTnnessee,Tennessee
36834.county,utler,Butler
45352.statevalue,Teaxs,Texas
12143.statevalue,Ililnois,Illinois
52452.county,Charlottseville City,Charlottesville City
26551.county,Winstoqn,Winston
5352.county,San Migauel,San Miguel
50203.statevalue,Uth,Utah
43374.county,otter,Potter
17790.statevalue,Kentucyk,Kentucky
40058.county,Malheru,Malheur
18579.statevalue,Kenutcky,Kentucky
14442.statevalue,oIwa,Iowa
11346.statevalue,Illineois,Illinois
45489.statevalue,Texsa,Texas
29228.county,Mneral,Mineral
51627.county,Louyisa,Louisa
29207.county,eagher,Meagher
36171.county,McHenrny,McHenry
48384.county,Montgomry,Montgomery
30954.county,Plaftte,Platte
36422.county,Rtichland,Richland
43231.statevalue,South akota,South Dakota
43798.county,Cheaham,Cheatham
46050.county,Coek,Coke
26065.statevalue,Msisissippi,Mississippi
11079.statevalue,Illcinois,Illinois
40218.statevalue,regon,Oregon
56246.county,Laraie,Laramie
34857.county,Jonse,Jones
20965.statevalue,oLouisiana,Louisiana
15466.statevalue,Ioaw,Iowa
1919.county,uYma,Yuma
19230.county,Masn,Mason
3267.county,Yeell,Yell
29141.county,Laiberty,Liberty
34269.county,Chathwam,Chatham
26293.county,Smtih,Smith
38192.county,Wahsington,Washington
6196.statevalue,Fplorida,Florida
37678.statevalue,hOio,Ohio
21498.statevalue,Marylgand,Maryland
27083.county,oCoper,Cooper
10863.county,lCinton,Clinton
19981.statevalue,Loisiana,Louisiana
46941.statevalue,Texs,Texas
15781.county,Waye,Wayne
52408.county,Bristo City,Bristol City
38373.statevalue,kOlahoma,Oklahoma
8503.statevalue,Georgai,Georgia
48167.county,aMrion,Marion
14127.county,dair,Adair
37233.county,Hmilton,Hamilton
46237.county,Cottlge,Cottle
14299.statevalue,oIwa,Iowa
36764.county,Athesn,Athens
28231.statevalue,Mssouri,Missouri
43253.county,Maede,Meade
56083.statevalue,Wyomign,Wyoming
55223.county,Irno,Iron
3590.statevalue,Caliofornia,California
44636.county,Madisn,Madison
2253.county,Crsos,Cross
29991.county,lay,Clay
20908.statevalue,Luisiana,Louisiana
48887.county,oRbertson,Robertson
42868.statevalue,Suoth Dakota,South Dakota
49178.county,Stephcens,Stephens
30166.county,Dodgbe,Dodge
11452.statevalue,Illinos,Illinois
30679.county,Linclon,Lincoln
53564.county,Sa nJuan,San Juan
47797.county,nox,Knox
49919.county,Box Eulder,Box Elder
13538.county,Parvke,Parke
23030.statevalue,Michian,Michigan
9494.statevalue,Georgai,Georgia
32621.county,Roosevejlt,Roosevelt
48594.statevalue,eTxas,Texas
4068.statevalue,Califovrnia,California
42427.statevalue,outh Dakota,South Dakota
22045.statevalue,Massacusetts,Massachusetts
12070.county,Rrock Island,Rock Island
42149.county,Lbee,Lee
33602.county,Rocland,Rockland
46977.statevalue,exas,Texas
14622.statevalue,Iowma,Iowa
48683.county,Polwk,Polk
3447.county,resno,Fresno
48963.county,San Auustine,San Augustine
35808.statevalue,Nroth Dakota,North Dakota
41142.statevalue,Pennsylvaia,Pennsylvania
46636.statevalue,Teaxs,Texas
29347.county,Powder qRiver,Powder River
2991.county,Pulaksi,Pulaski
25198.statevalue,Missisippi,Mississippi
7961.county,Fulon,Fulton
35215.statevalue,orth Carolina,North Carolina
1427.county,Lake andPeninsula,Lake and Peninsula
2679.county,Logaqn,Logan
15179.county,Lynon,Lyon
48894.statevalue,Texsa,Texas
49454.county,Usphur,Upshur
13365.county,Mratin,Martin
17708.county,Washingotn,Washington
53231.statevalue,Washintgon,Washington
4280.county,Venutra,Ventura
9092.county,Schlye,Schley
30128.county,Deeul,Deuel
43667.statevalue,Tennezssee,Tennessee
38786.statevalue,Oklahmoa,Oklahoma
41945.statevalue,Suth Carolina,South Carolina
27699.county,Macn,Macon
32319.statevalue,New Mexioc,New Mexico
29940.statevalue,Nepbraska,Nebraska
43452.statevalue,South Dakta,South Dakota
18348.county,Ellriott,Elliott
28399.statevalue,issouri,Missouri
20028.statevalue,Louiisana,Louisiana
33422.county,Onondaag,Onondaga
9294.county,Telafir,Telfair
15867.statevalue,nIowa,Iowa
17069.county,emaha,Nemaha
25474.county,Geokrge,George
3509.statevalue,Califrnia,California
17909.statevalue,Kefntucky,Kentucky
49312.county,Terrell***,Terrell
898.county,Mnoroe,Monroe
15011.statevalue,Iowza,Iowa
43973.statevalue,ennessee,Tennessee
38894.statevalue,Oklahomna,Oklahoma
26397.county,Tihsomingo,Tishomingo
39427.statevalue,Olahoma,Oklahoma
55998.statevalue,Wisconsni,Wisconsin
38439.county,Cfarter,Carter
28480.statevalue,Missorui,Missouri
8718.statevalue,eorgia,Georgia
18768.county,Jacson,Jackson
33008.county,Cdolumbia,Columbia
20445.statevalue,Louisiaan,Louisiana
8816.county,Newon,Newton
20066.statevalue,Louisaiana,Louisiana
12426.county,Wninebago,Winnebago
38396.county,Cadod,Caddo
34409.statevalue,Northg Carolina,North Carolina
15646.county,gTama,Tama
15899.county,Alen,Allen
17052.county,Mvorton,Morton
39136.statevalue,Okalhoma,Oklahoma
5095.county,Montroes,Montrose
4463.county,Broomfhield,Broomfield
3088.county,eSarcy,Searcy
13077.statevalue,Indijana,Indiana
49345.county,uThrockmorton,Throckmorton
15508.county,Pottaawttamie,Pottawattamie
20676.statevalue,Luoisiana,Louisiana
43006.statevalue,South Dakta,South Dakota
30220.county,Fillmre,Fillmore
43660.statevalue,wTennessee,Tennessee
34265.county,Chahtam,Chatham
52586.county,Franlkin City,Franklin City
27483.county,asper,Jasper
2110.county,lay,Clay
14031.county,Washingtno,Washington
16893.county,yon,Lyon
33116.county,Frankliwn,Franklin
17014.statevalue,Kanas,Kansas
22417.county,Carwford,Crawford
53374.county,Kijtsap,Kitsap
46080.county,Colman,Coleman
5659.county,Stussex,Sussex
42875.statevalue,South Dakotqa,South Dakota
56147.county,Croyok,Crook
52030.statevalue,Virgqinia,Virginia
39694.statevalue,rOegon,Oregon
32576.statevalue,New Mefxico,New Mexico
43730.county,ampbell,Campbell
52705.statevalue,Virgiina,Virginia
37703.county,Montgovmery,Montgomery
41674.county,aBmberg,Bamberg
21637.county,Montgoery,Montgomery
38509.statevalue,Oklhaoma,Oklahoma
35262.county,Pityt,Pitt
32304.statevalue,ew Mexico,New Mexico
24415.county,Millek Lacs,Mille Lacs
25725.statevalue,Mississipip,Mississippi
34610.county,Grahma,Graham
32875.county,roome,Broome
7248.statevalue,Goergia,Georgia
17020.statevalue,Kanas,Kansas
30405.statevalue,Nebraseka,Nebraska
56032.statevalue,Wisconsni,Wisconsin
44059.statevalue,Tennessewe,Tennessee
10027.statevalue,Idanho,Idaho
47386.statevalue,exas,Texas
649.county,Jeferson,Jefferson
18067.statevalue,Ketnucky,Kentucky
46863.statevalue,Trexas,Texas
30027.county,Cumig,Cuming
35671.county,Wikes,Wilkes
38536.statevalue,wOklahoma,Oklahoma
27361.county,Hickoyr,Hickory
32307.county,Clofax,Colfax
35078.county,Nsah,Nash
47953.statevalue,Teas,Texas
55236.statevalue,Wisconsain,Wisconsin
23497.county,Van Burn,Van Buren
56101.county,Campbfell,Campbell
21834.county,Barnstabe,Barnstable
19995.county,Ascesnion,Ascension
42924.county,sHamlin,Hamlin
42319.county,Sxaluda,Saluda
49520.county,Vn Zandt,Van Zandt
48445.statevalue,eTxas,Texas
30984.statevalue,Nebrasak,Nebraska
10658.county,Bonmd,Bond
36001.county,Fostejr,Foster
23046.statevalue,fMichigan,Michigan
32253.county,Caton,Catron
17978.statevalue,Kegntucky,Kentucky
21451.county,Clavert,Calvert
26561.statevalue,Mississilppi,Mississippi
24926.county,Swpift,Swift
16266.statevalue,Knasas,Kansas
28291.county,St eGenevieve,Ste Genevieve
17692.county,Wallacje,Wallace
52690.county,Lexingon City,Lexington City
22751.county,Jackosn,Jackson
23222.county,Ogemw,Ogemaw
51270.county,rederick,Frederick
36584.statevalue,Norh Dakota,North Dakota
11095.statevalue,Illniois,Illinois
36386.county,aRnsom,Ransom
41214.county,Piladelphia,Philadelphia
12461.statevalue,Indiaa,Indiana
32583.statevalue,New Meixco,New Mexico
31400.county,Douglwas,Douglas
2777.statevalue,Arkanosas,Arkansas
45756.statevalue,Tekxas,Texas
20385.county,Jackoson,Jackson
51325.county,Goocland,Goochland
46499.statevalue,tTexas,Texas
43585.county,Yanskton,Yankton
34503.statevalue,North Caroilna,North Carolina
32044.statevalue,New Jesrey,New Jersey
42017.statevalue,South Carolian,South Carolina
2112.county,Cly,Clay
18886.county,Lraue,Larue
35266.county,cPolk,Polk
14314.statevalue,Ioaw,Iowa
49481.statevalue,Teaxs,Texas
55920.county,Walwrth,Walworth
18784.county,Jfferson,Jefferson
30253.statevalue,Nepbraska,Nebraska
14155.statevalue,Iowba,Iowa
10407.county,Madiszon,Madison
41096.statevalue,Pensylvania,Pennsylvania
6079.county,uGlf,Gulf
39791.county,uCrry,Curry
42283.statevalue,SouthCarolina,South Carolina
40333.statevalue,Pennsylania,Pennsylvania
23883.county,Cmrow Wing,Crow Wing
36277.statevalue,North aDkota,North Dakota
34958.statevalue,Nrth Carolina,North Carolina
22866.statevalue,Mchigan,Michigan
16912.statevalue,Kansajs,Kansas
7362.county,Chattahoochee***,Chattahoochee
19302.county,Metcale,Metcalfe
43715.county,Brtadley,Bradley
45603.county,cBlanco,Blanco
39842.statevalue,Oregno,Oregon
11799.statevalue,llinois,Illinois
15553.county,lSac,Sac
48309.county,ilam,Milam
35602.statevalue,North Caorlina,North Carolina
40407.county,Bersk,Berks
21208.county,rKnox,Knox
4317.county,Ykuba,Yuba
6706.county,Santa Roosa,Santa Rosa
56087.county,kBig Horn,Big Horn
44693.statevalue,Tennssee,Tennessee
27869.county,organ,Morgan
50409.county,eWber,Weber
27307.county,Gurndy,Grundy
30840.county,Nufckolls,Nuckolls
55498.county,Monore,Monroe
46332.statevalue,lTexas,Texas
6453.county,Miami-aDde,Miami-Dade
43225.statevalue,South aDkota,South Dakota
11763.statevalue,Illinosi,Illinois
6623.statevalue,Florwida,Florida
42036.county,Hamrpton,Hampton
638.statevalue,Alahbama,Alabama
55723.statevalue,Wisconsidn,Wisconsin
50526.statevalue,Vermovnt,Vermont
32865.county,Bornx,Bronx
51718.statevalue,Virginmia,Virginia
35196.county,Pendr,Pender
5799.county,Calhroun,Calhoun
36705.statevalue,hio,Ohio
19197.statevalue,Kentcuky,Kentucky
50281.statevalue,Uth,Utah
3718.county,Modco,Modoc
33188.county,amilton,Hamilton
47568.county,Ji mWells,Jim Wells
15927.county,Andersson,Anderson
21436.county,altimore,Baltimore
49245.county,Suttn,Sutton
38746.county,Grnt,Grant
10714.statevalue,Illinosi,Illinois
53910.statevalue,Wet Virginia,West Virginia
50166.statevalue,Utdah,Utah
20861.county,S tMary,St Mary
41958.statevalue,South Cardolina,South Carolina
56120.statevalue,Wyobming,Wyoming
47559.statevalue,Toexas,Texas
53120.county,Chean,Chelan
543.statevalue,Alaabma,Alabama
1832.county,aNvajo,Navajo
55324.statevalue,Wisconsni,Wisconsin
39388.county,Pottawatofmie,Pottawatomie
52477.county,Colonial Heikghts City,Colonial Heights City
11475.statevalue,Illinis,Illinois
13803.county,tarke,Starke
31684.county,rCarroll,Carroll
48584.county,aPlo Pinto,Palo Pinto
49824.statevalue,oTexas,Texas
18913.county,Lurel,Laurel
33919.county,ates,Yates
30460.statevalue,Nebraskza,Nebraska
40696.statevalue,Pennylvania,Pennsylvania
9167.statevalue,Georiga,Georgia
43776.statevalue,Tnenessee,Tennessee
54955.county,rawford,Crawford
10346.county,atah,Latah
18569.statevalue,jKentucky,Kentucky
30607.statevalue,Nepbraska,Nebraska
4183.county,Suttre,Sutter
18969.county,Lelie,Leslie
49504.county,Val erde,Val Verde
44058.county,Fentrss,Fentress
54864.statevalue,Wisconsni,Wisconsin
53168.county,Clrak,Clark
23541.county,ayne,Wayne
25623.statevalue,kMississippi,Mississippi
41991.statevalue,South Carloina,South Carolina
3873.county,Sacrgamento,Sacramento
6491.statevalue,Flrida,Florida
34180.statevalue,North Caroliyna,North Carolina
30812.statevalue,Negbraska,Nebraska
44914.county,Rane,Roane
14788.statevalue,Imowa,Iowa
22290.statevalue,ichigan,Michigan
25286.county,Chicaksaw,Chickasaw
4404.county,Baa,Baca
17135.county,Norotn,Norton
1500.county,Nortihwest Arctic,Northwest Arctic
44228.statevalue,Tennessuee,Tennessee
49305.statevalue,Txas,Texas
50098.statevalue,Uth,Utah
30319.county,Gafield,Garfield
21843.statevalue,Massachusvetts,Massachusetts
22191.statevalue,Michhigan,Michigan
1776.county,La Pcaz,La Paz
24256.county,Lke of The Woods,Lake of The Woods
25564.county,Hidns,Hinds
26832.statevalue,Missuri,Missouri
15758.county,Wasmhington,Washington
35216.county,ePrquimans,Perquimans
37805.statevalue,Ohqio,Ohio
44042.county,Fayetet,Fayette
6071.county,Glf,Gulf
19456.statevalue,Keqntucky,Kentucky
27421.county,Howjell,Howell
26084.statevalue,Missisisppi,Mississippi
2368.statevalue,Arkanass,Arkansas
30911.county,Phelsp,Phelps
56269.county,Natkrona,Natrona
34397.county,Cuberland,Cumberland
9217.county,Talbto,Talbot
36460.statevalue,North Dkota,North Dakota
25402.county,Covingon,Covington
16852.statevalue,Kanass,Kansas
32139.county,Ssalem,Salem
32379.county,Edyd,Eddy
14926.county,Huboldt,Humboldt
19845.county,Wahington,Washington
657.statevalue,lAabama,Alabama
50727.statevalue,Vriginia,Virginia
37345.statevalue,Ohoi,Ohio
43447.statevalue,oSuth Dakota,South Dakota
8083.county,Gwninett,Gwinnett
12049.county,Richlabnd,Richland
50505.statevalue,Vermaont,Vermont
323.county,Conceuh,Conecuh
31828.county,ullivan,Sullivan
44229.county,Hrdeman,Hardeman
50393.county,Wayen,Wayne
24897.statevalue,innesota,Minnesota
34138.statevalue,wNorth Carolina,North Carolina
53678.county,Wahkioakum,Wahkiakum
39491.county,Sefquoyah,Sequoyah
6042.statevalue,Flogrida,Florida
54051.county,Hardey,Hardy
43995.county,Dickmson,Dickson
14977.county,Jacksno,Jackson
54414.county,Pendlleton,Pendleton
55111.statevalue,Wiconsin,Wisconsin
33517.statevalue,eNw York,New York
23230.county,Ogemafw,Ogemaw
45273.statevalue,Tennesee,Tennessee
25620.statevalue,Mississipppi,Mississippi
12970.county,Hamiltion,Hamilton
8555.statevalue,Gyeorgia,Georgia
24762.county,Rcok,Rock
6414.county,Mraion,Marion
39224.statevalue,Oklahma,Oklahoma
25284.statevalue,Mssissippi,Mississippi
45562.county,Blel,Bell
2896.statevalue,Arknasas,Arkansas
34715.county,aywood,Haywood
37719.county,Moran,Morgan
56086.county,Big Hoprn,Big Horn
5650.county,New Caestle,New Castle
32881.statevalue,Nwe York,New York
1416.statevalue,Alnaska,Alaska
15048.statevalue,Iwa,Iowa
26120.statevalue,Mixssissippi,Mississippi
44179.statevalue,Tegnnessee,Tennessee
33139.statevalue,lNew York,New York
41232.statevalue,cPennsylvania,Pennsylvania
2403.statevalue,Akansas,Arkansas
35852.county,Brke,Burke
37386.county,uron,Huron
40674.statevalue,Pennsyvlania,Pennsylvania
48689.statevalue,Texeas,Texas
50145.county,Millarcd,Millard
18102.statevalue,Kenutcky,Kentucky
12541.county,Blacfkford,Blackford
35559.county,Vanec,Vance
45416.county,Armstrog,Armstrong
35455.statevalue,North aCrolina,North Carolina
46521.county,Eastladn,Eastland
18275.statevalue,Kxentucky,Kentucky
22456.county,Dickinsno,Dickinson
21968.statevalue,Massahusetts,Massachusetts
20993.statevalue,Louisxiana,Louisiana
52074.statevalue,Virinia,Virginia
2575.county,Lxafayette,Lafayette
47926.statevalue,Tezxas,Texas
37422.county,Jeffwerson,Jefferson
16831.county,Lipncoln,Lincoln
13125.county,ay,Jay
49542.county,Vctoria,Victoria
43280.statevalue,Suouth Dakota,South Dakota
176.statevalue,Arlabama,Alabama
19605.statevalue,Kbentucky,Kentucky
47765.statevalue,Teqxas,Texas
29827.county,Bronw,Brown
4456.statevalue,Coolrado,Colorado
34855.statevalue,Northr Carolina,North Carolina
41930.statevalue,South Carolijna,South Carolina
8269.statevalue,Gweorgia,Georgia
41937.county,Edgeifeld,Edgefield
48622.county,Parekr,Parker
18916.statevalue,Kentukcy,Kentucky
15644.statevalue,cIowa,Iowa
31364.statevalue,Nevaad,Nevada
7003.county,Bamrrow,Barrow
41676.county,amberg,Bamberg
7160.statevalue,Gergia,Georgia
11811.county,Mnroe,Monroe
49444.statevalue,Texsa,Texas
33076.county,Eire,Erie
7317.statevalue,Gorgia,Georgia
6381.county,Madisno,Madison
46997.county,Gries,Grimes
33424.county,nondaga,Onondaga
27413.statevalue,Missoui,Missouri
49541.statevalue,Texams,Texas
5803.county,alhoun,Calhoun
18746.county,Hopins,Hopkins
14675.statevalue,uIowa,Iowa
21364.county,Washinrgton,Washington
54329.county,Moroe,Monroe
23412.statevalue,Mihcigan,Michigan
40284.county,Wheelre,Wheeler
27433.statevalue,Misvsouri,Missouri
36970.county,Coshocotn,Coshocton
36327.statevalue,Noth Dakota,North Dakota
10797.statevalue,Illinis,Illinois
4977.county,Las nAimas,Las Animas
45698.county,Brazmos,Brazos
1535.county,itka,Sitka
50433.county,Addiosn,Addison
351.statevalue,Alabaam,Alabama
27442.county,jIron,Iron
24115.statevalue,iMnnesota,Minnesota
27034.county,sClay,Clay
30859.county,Otqoe,Otoe
9565.statevalue,Geogia,Georgia
22896.statevalue,ichigan,Michigan
3506.statevalue,Csalifornia,California
13515.county,Oragne,Orange
3407.county,DelN orte,Del Norte
7490.statevalue,Georia,Georgia
5975.statevalue,lForida,Florida
38071.statevalue,hio,Ohio
2304.statevalue,Arkanhsas,Arkansas
54768.statevalue,isconsin,Wisconsin
26657.county,Atchsion,Atchison
54851.statevalue,Wtisconsin,Wisconsin
20860.county,St Marmy,St Mary
29366.county,oPwell,Powell
9512.county,Wallker,Walker
3888.county,Sacramentqo,Sacramento
4747.county,cGarfield,Garfield
42435.county,Auroa,Aurora
19012.statevalue,Kentuky,Kentucky
14820.statevalue,Iwa,Iowa
28032.county,ePttis,Pettis
30105.statevalue,Netbraska,Nebraska
37919.county,Putnma,Putnam
7867.county,eFannin,Fannin
1651.statevalue,Ablaska,Alaska
31831.county,Squllivan,Sullivan
37802.county,Pmaulding,Paulding
32042.statevalue,NewJ ersey,New Jersey
43731.statevalue,Teunnessee,Tennessee
47158.county,Hrrison,Harrison
45099.statevalue,Tenmnessee,Tennessee
23052.county,Menomiene,Menominee
35320.county,Robesno,Robeson
43163.statevalue,South Dakoat,South Dakota
1158.statevalue,labama,Alabama
38349.county,Becpkham,Beckham
51134.county,Dicenson,Dickenson
28858.statevalue,Mnotana,Montana
14597.statevalue,owa,Iowa
52850.county,Poquoson Ctiy,Poquoson City
55984.statevalue,Wisonsin,Wisconsin
44738.statevalue,Temnnessee,Tennessee
32086.county,Mroris,Morris
52403.statevalue,Virgina,Virginia
46106.county,Collingworth,Collingsworth
16265.county,Dickinsoqn,Dickinson
33275.statevalue,New Yok,New York
22270.county,Brach,Branch
7030.statevalue,Georgiha,Georgia
39855.county,Grnt,Grant
43290.statevalue,Soutwh Dakota,South Dakota
52357.county,Wyteh,Wythe
54724.county,fWood,Wood
48747.statevalue,Texsa,Texas
8989.statevalue,Georgyia,Georgia
17789.county,Aair,Adair
51944.county,Prince Edwadr,Prince Edward
39704.county,Clacakmas,Clackamas
19518.county,Prery,Perry
21696.county,St Mays,St Marys
30416.county,Hamiltn,Hamilton
4.statevalue,labama,Alabama
10179.county,Elmre,Elmore
17548.statevalue,aKnsas,Kansas
24221.statevalue,innesota,Minnesota
32190.county,Uniown,Union
1278.statevalue,Alaka,Alaska
25037.statevalue,Minnseota,Minnesota
17914.county,oBone,Boone
32643.county,Sandoal,Sandoval
54604.county,Tucer,Tucker
16147.county,lCoud,Cloud
1627.statevalue,Alsaka,Alaska
24652.county,Poe,Pope
35185.county,Peasquotank,Pasquotank
16418.county,Frankiln,Franklin
33870.county,ayne,Wayne
28471.county,Stoane,Stone
32239.county,atron,Catron
26274.statevalue,ississippi,Mississippi
10809.county,Christan,Christian
18663.county,Harrion,Harrison
39636.county,oods,Woods
47886.county,Lavadca,Lavaca
16408.statevalue,tKansas,Kansas
29415.county,Ricland,Richland
38681.county,Ellies,Ellis
14680.county,mEmet,Emmet
16724.statevalue,Kaxnsas,Kansas
3091.statevalue,Aransas,Arkansas
24046.statevalue,Minnesoat,Minnesota
11973.county,Poep,Pope
12440.statevalue,Illiois,Illinois
51785.statevalue,Virinia,Virginia
55519.statevalue,Wisconsni,Wisconsin
42294.statevalue,Soth Carolina,South Carolina
47553.county,Jimr Hogg,Jim Hogg
2851.statevalue,Arknasas,Arkansas
35157.statevalue,North Caroina,North Carolina
35171.county,Pamlicxo,Pamlico
20102.county,Cado,Caddo
19929.statevalue,Kentcky,Kentucky
27686.statevalue,Missuri,Missouri
5305.statevalue,Colroado,Colorado
2745.county,Millr,Miller
29020.statevalue,ontana,Montana
791.statevalue,Alabamwa,Alabama
36827.county,Breown,Brown
7139.county,Broosk,Brooks
27005.county,Clakr,Clark
48378.statevalue,Teoxas,Texas
44292.statevalue,Tennzessee,Tennessee
50547.statevalue,Veront,Vermont
50529.statevalue,Vermotn,Vermont
17540.statevalue,Kansajs,Kansas
17546.statevalue,lKansas,Kansas
42758.county,pDeuel,Deuel
6583.statevalue,lorida,Florida
40743.county,Ere,Erie
29779.county,oBone,Boone
10438.county,Minidka,Minidoka
20058.county,Bienvillge,Bienville
35695.statevalue,North Caroilna,North Carolina
28276.statevalue,Missouir,Missouri
33615.statevalue,New Yrk,New York
9554.county,are,Ware
50439.county,Bennignton,Bennington
519.statevalue,Alabma,Alabama
23894.statevalue,Minesota,Minnesota
10721.county,Brueau,Bureau
20189.statevalue,Louisina,Louisiana
39731.statevalue,Oreegon,Oregon
19298.statevalue,Kentfucky,Kentucky
47190.county,Hskell,Haskell
35724.statevalue,North aCrolina,North Carolina
17076.statevalue,Kasas,Kansas
18318.county,Daviss,Daviess
4494.statevalue,Cloorado,Colorado
26126.county,Pxerry,Perry
53390.statevalue,ashington,Washington
30651.county,hKnox,Knox
43362.county,Perkisn,Perkins
46120.statevalue,Txeas,Texas
54191.county,McDowll,McDowell
38862.statevalue,Oklahoa,Oklahoma
18487.statevalue,Kentucy,Kentucky
48672.county,hPecos,Pecos
43840.statevalue,Tennessee***,Tennessee
11192.statevalue,Illinsois,Illinois
24235.county,Laxke,Lake
55352.county,Lanlade,Langlade
43769.statevalue,Tennesee,Tennessee
31330.county,Wheelre,Wheeler
4125.county,olano,Solano
2034.county,Bradjley,Bradley
52147.statevalue,Viginia,Virginia
16450.county,Gaery,Geary
5094.statevalue,olorado,Colorado
45864.county,Calalhan,Callahan
37845.statevalue,hio,Ohio
4768.county,Gipin,Gilpin
50810.county,Augxusta,Augusta
16820.statevalue,Kancsas,Kansas
51437.statevalue,Viginia,Virginia
42128.statevalue,Sotuh Carolina,South Carolina
50995.county,Charqles City,Charles City
27125.county,ade,Dade
50437.statevalue,Vrmont,Vermont
49447.statevalue,Txas,Texas
44571.county,McMinn***,McMinn
35852.statevalue,Northq Dakota,North Dakota
41417.county,aWrren,Warren
19317.county,Monre,Monroe
38756.statevalue,Okolahoma,Oklahoma
41831.statevalue,Souht Carolina,South Carolina
51813.statevalue,Virxginia,Virginia
31418.statevalue,Neavda,Nevada
48069.county,ynn,Lynn
49165.county,Starr***,Starr
51967.statevalue,Virgiina,Virginia
54627.county,yler,Tyler
33748.county,uffolk,Suffolk
16451.statevalue,Kasas,Kansas
47859.county,Lampsas,Lampasas
6440.county,Matin,Martin
33926.county,Ytes,Yates
12841.county,Flody,Floyd
19357.county,oMrgan,Morgan
16379.statevalue,aKnsas,Kansas
36523.statevalue,Nroth Dakota,North Dakota
37459.statevalue,xOhio,Ohio
41256.county,Pottecr,Potter
51775.statevalue,iVrginia,Virginia
16961.county,eade,Meade
35757.county,Barnse,Barnes
12779.county,Dealware,Delaware
55344.county,Lafayfette,Lafayette
30443.statevalue,Nebrasak,Nebraska
16102.county,Cheybenne,Cheyenne
52223.statevalue,Virgingia,Virginia
12207.statevalue,Ilxlinois,Illinois
24061.statevalue,Mninesota,Minnesota
46652.county,Fannin***,Fannin
50979.county,Carrlol,Carroll
46311.county,Cuylberson,Culberson
23602.county,eBcker,Becker
30652.statevalue,Nebradska,Nebraska
46144.county,Coamal,Comal
50891.statevalue,Virgniia,Virginia
9063.statevalue,Gerogia,Georgia
39838.county,illiam,Gilliam
19704.statevalue,Kentcuky,Kentucky
34550.statevalue,North Carolinna,North Carolina
1559.statevalue,Alasak,Alaska
37848.statevalue,hio,Ohio
31679.statevalue,New Hampnshire,New Hampshire
32515.statevalue,New oMexico,New Mexico
38893.statevalue,Oklhoma,Oklahoma
11673.statevalue,Illrinois,Illinois
28946.statevalue,Montanva,Montana
38705.statevalue,Oklahoam,Oklahoma
27951.county,Oreon,Oregon
38681.statevalue,Oklahomva,Oklahoma
19523.statevalue,eKntucky,Kentucky
45973.statevalue,Texsa,Texas
3476.county,Hubmoldt,Humboldt
26527.county,Wesbter,Webster
32987.statevalue,New oYrk,New York
10657.statevalue,Ililnois,Illinois
54679.county,Wesbter,Webster
33598.statevalue,eNw York,New York
8331.statevalue,Gorgia,Georgia
42882.county,regory,Gregory
1058.statevalue,Aljabama,Alabama
38499.county,Ciamrron,Cimarron
40951.statevalue,Pennmsylvania,Pennsylvania
10774.statevalue,Illinos,Illinois
49501.statevalue,Texs,Texas
24777.statevalue,Minnesobta,Minnesota
26288.statevalue,Mqississippi,Mississippi
38447.statevalue,Okelahoma,Oklahoma
14235.statevalue,owa,Iowa
31833.county,Sulilvan,Sullivan
55424.county,Marnette,Marinette
24726.county,Reinville,Renville
53718.county,Wvhatcom,Whatcom
16873.statevalue,Kfansas,Kansas
54322.statevalue,West Virgiinia,West Virginia
7843.statevalue,Gmeorgia,Georgia
55887.county,ernon,Vernon
33997.statevalue,North Cazrolina,North Carolina
40667.county,Cumberlnad,Cumberland
46431.county,D eWitt,De Witt
35953.statevalue,Noroth Dakota,North Dakota
45693.statevalue,exas,Texas
44696.statevalue,Tnnessee,Tennessee
11763.county,Msasac,Massac
17547.county,Smiht,Smith
29153.county,Linconl,Lincoln
16427.statevalue,ansas,Kansas
266.statevalue,Alabaa,Alabama
39292.statevalue,Oklahomda,Oklahoma
21441.statevalue,Marylfand,Maryland
48003.county,ive Oak,Live Oak
46065.statevalue,Tvexas,Texas
13794.statevalue,Inddiana,Indiana
29694.statevalue,Nebraka,Nebraska
8064.county,rady,Grady
41950.statevalue,South rCarolina,South Carolina
30640.county,Knxo,Knox
11699.statevalue,Ifllinois,Illinois
51599.county,ee,Lee
7471.statevalue,Gerogia,Georgia
13470.statevalue,Indizana,Indiana
52850.statevalue,Virmginia,Virginia
28903.statevalue,Motana,Montana
41690.statevalue,South Caroina,South Carolina
37915.statevalue,aOhio,Ohio
56463.statevalue,Wyomign,Wyoming
9675.statevalue,Goeorgia,Georgia
14216.county,Benoton,Benton
47971.county,Lipscob,Lipscomb
55524.statevalue,Wiscosin,Wisconsin
51120.statevalue,Vrginia,Virginia
8769.county,Murray***,Murray
7735.county,Dougheryt,Dougherty
40049.county,Lnn,Linn
27561.statevalue,Misdsouri,Missouri
13784.county,Spenmcer,Spencer
24880.statevalue,Minnesoa,Minnesota
55606.statevalue,Wisonsin,Wisconsin
19219.statevalue,Knetucky,Kentucky
54686.county,qWetzel,Wetzel
19899.county,hitley,Whitley
22892.statevalue,Michixgan,Michigan
44036.statevalue,Tentnessee,Tennessee
4528.statevalue,Colforado,Colorado
49315.statevalue,Texlas,Texas
30876.statevalue,Nwebraska,Nebraska
19270.statevalue,Kentuckky,Kentucky
39101.county,ajor,Major
8960.statevalue,Georga,Georgia
42444.statevalue,South Dakoat,South Dakota
31961.statevalue,New eJrsey,New Jersey
22187.county,Baarga,Baraga
52645.county,Hampto City,Hampton City
28304.county,St Fwrancois,St Francois
15099.statevalue,Ioaw,Iowa
4609.statevalue,Colporado,Colorado
12943.county,Geene,Greene
48257.statevalue,Texqas,Texas
22159.statevalue,ichigan,Michigan
25722.statevalue,Myississippi,Mississippi
44931.statevalue,Tennekssee,Tennessee
10160.county,uCster,Custer
52688.statevalue,irginia,Virginia
8810.county,Newtn,Newton
23892.county,Dakta,Dakota
12736.county,Dectaur,Decatur
46133.county,Coloardo,Colorado
30504.county,Hookemr,Hooker
28110.county,Pok,Polk
11864.statevalue,Illinosi,Illinois
7132.county,Brooks***,Brooks
19127.statevalue,Kentucy,Kentucky
55136.county,Gratn,Grant
8415.county,Ldamar,Lamar
40396.statevalue,Pnnsylvania,Pennsylvania
19690.county,Shelyb,Shelby
25195.county,Attaal,Attala
47202.statevalue,Tevxas,Texas
55243.statevalue,Wisconin,Wisconsin
40612.statevalue,Pennslvania,Pennsylvania
5128.statevalue,olorado,Colorado
10260.county,Godoing,Gooding
39344.statevalue,Okolahoma,Oklahoma
41959.statevalue,South Crolina,South Carolina
1366.county,Hianes,Haines
16475.statevalue,Kanjsas,Kansas
44918.county,Roaen,Roane
40575.statevalue,Pennsylavnia,Pennsylvania
23726.statevalue,Minnesota***,Minnesota
40054.county,Malheru,Malheur
41544.statevalue,Rhosde Island,Rhode Island
55033.statevalue,Wisconsni,Wisconsin
19349.county,Monxtgomery,Montgomery
4270.county,Ventuar,Ventura
47192.statevalue,exas,Texas
11332.statevalue,Illionis,Illinois
38150.statevalue,Ohoi,Ohio
16517.county,Grya,Gray
32037.statevalue,NewJersey,New Jersey
42576.county,utte,Butte
32311.county,Curry***,Curry
16537.county,Greesley,Greeley
49874.county,apata,Zapata
38707.statevalue,kOlahoma,Oklahoma
41008.statevalue,ennsylvania,Pennsylvania
36816.statevalue,hOio,Ohio
47259.statevalue,Texads,Texas
18554.county,Grmayson,Grayson
11904.county,Poeria,Peoria
24524.county,Nroman,Norman
5648.statevalue,Delawarye,Delaware
26607.statevalue,Mssouri,Missouri
9415.county,Truop,Troup
11080.county,Fayete,Fayette
35482.county,wain,Swain
26354.statevalue,Mississipip,Mississippi
4860.county,ackson,Jackson
243.statevalue,Alabaxma,Alabama
33640.statevalue,New Yokr,New York
21023.statevalue,Louisiakna,Louisiana
50738.statevalue,iVrginia,Virginia
38712.statevalue,Olkahoma,Oklahoma
14259.county,Brmeer,Bremer
23142.county,Montmoerncy,Montmorency
47441.statevalue,Teuxas,Texas
48368.county,Montgomeyr,Montgomery
45128.county,Troudale,Trousdale
23058.statevalue,Michgan,Michigan
1428.county,Laake and Peninsula,Lake and Peninsula
19910.statevalue,Kentucyk,Kentucky
38450.statevalue,Oklahoam,Oklahoma
31605.statevalue,Neavada,Nevada
21597.statevalue,aMryland,Maryland
21237.county,Linucoln,Lincoln
24831.statevalue,innesota,Minnesota
2557.statevalue,Aransas,Arkansas
49068.statevalue,Teaxs,Texas
9589.statevalue,Georgipa,Georgia
30633.county,Kimbll,Kimball
27388.statevalue,issouri,Missouri
53613.statevalue,Washingtn,Washington
4139.county,Sloano,Solano
27312.county,Grnudy,Grundy
8358.county,Jenkis,Jenkins
20476.county,La Salle***,La Salle
23711.statevalue,innesota,Minnesota
18092.statevalue,Kenucky,Kentucky
13093.county,Jacksojn,Jackson
56428.county,Uintea,Uinta
45318.statevalue,Tennessexe,Tennessee
23997.county,Gooldhue,Goodhue
10548.statevalue,Idaoh,Idaho
16779.statevalue,Kanass,Kansas
48912.county,Runnesl,Runnels
35024.county,Mithell,Mitchell
45685.county,Brazzos,Brazos
5335.statevalue,Coloprado,Colorado
5610.county,Windam,Windham
29152.statevalue,Monntana,Montana
42694.county,orson,Corson
10101.statevalue,dIaho,Idaho
17321.statevalue,Kansays,Kansas
33948.statevalue,North Carolia,North Carolina
16834.statevalue,Kansacs,Kansas
43174.statevalue,Souh Dakota,South Dakota
16063.county,xChautauqua,Chautauqua
18071.statevalue,entucky,Kentucky
38080.statevalue,Oiho,Ohio
23223.statevalue,Micshigan,Michigan
35176.county,Pasqzuotank,Pasquotank
6736.statevalue,Flgorida,Florida
45130.statevalue,Tenvnessee,Tennessee
44513.county,Larence,Lawrence
32568.statevalue,New eMxico,New Mexico
13118.county,Jasprer,Jasper
17609.county,Summner,Sumner
38235.county,Wood***,Wood
54361.statevalue,West Virgiia,West Virginia
12826.county,kFayette,Fayette
43949.statevalue,ennessee,Tennessee
6657.statevalue,lorida,Florida
46633.statevalue,Tyexas,Texas
11440.statevalue,llinois,Illinois
25693.statevalue,Missisrsippi,Mississippi
14844.statevalue,Iowra,Iowa
19957.statevalue,Louyisiana,Louisiana
2240.statevalue,Arkanssa,Arkansas
42144.statevalue,South Carolnia,South Carolina
35712.statevalue,Nroth Carolina,North Carolina
43065.county,Jeraudl,Jerauld
42525.county,Bown,Brown
56351.county,heridan,Sheridan
31764.statevalue,New Hampshier,New Hampshire
34840.county,Johnstn,Johnston
36148.county,Lgan,Logan
32364.county,Dnoa Ana,Dona Ana
44945.county,obertson,Robertson
9073.county,Rckdale,Rockdale
19377.county,Muhlenebrg,Muhlenberg
49106.statevalue,Texsa,Texas
17857.statevalue,Kenotucky,Kentucky
3401.county,Cnotra Costa,Contra Costa
4512.statevalue,oClorado,Colorado
41255.county,Pottr,Potter
41231.statevalue,Pennsylsvania,Pennsylvania
43572.statevalue,Souh Dakota,South Dakota
1606.county,Wade Hampon,Wade Hampton
5516.statevalue,Connceticut,Connecticut
20525.statevalue,Louiiana,Louisiana
6929.statevalue,eGorgia,Georgia
6818.statevalue,Floida,Florida
23667.county,BigStone,Big Stone
49447.county,Uphur,Upshur
13924.statevalue,yIndiana,Indiana
26438.statevalue,Missisisppi,Mississippi
44446.county,nox,Knox
53457.statevalue,ashington,Washington
412.statevalue,labama,Alabama
34312.county,lay,Clay
34394.county,Cuberland,Cumberland
26016.statevalue,Mssissippi,Mississippi
48210.county,aMtagorda,Matagorda
42911.county,qHaakon,Haakon
19475.statevalue,Kentucy,Kentucky
44224.statevalue,gTennessee,Tennessee
17117.statevalue,Kanssa,Kansas
1404.county,Kenai Penminsula,Kenai Peninsula
11230.county,Hancokc,Hancock
9821.county,aui,Maui
35240.county,erson,Person
36883.statevalue,Ohoi,Ohio
8802.county,Muscgee,Muscogee
28737.statevalue,gMontana,Montana
35323.statevalue,NorthCarolina,North Carolina
2429.county,Greeen,Greene
19310.statevalue,Kgentucky,Kentucky
1351.statevalue,Alasak,Alaska
48239.statevalue,eTxas,Texas
48670.county,Pecows,Pecos
347.county,Covingon,Covington
56420.statevalue,Wyominsg,Wyoming
1697.statevalue,Ariozna,Arizona
33848.statevalue,Ne York,New York
5806.county,bCalhoun,Calhoun
14686.county,uEmmet,Emmet
43679.statevalue,Tenessee,Tennessee
11249.county,Hrdin,Hardin
46484.county,oDnley,Donley
3009.county,Randolhp,Randolph
11136.county,Futon,Fulton
27817.county,Moniteafu,Moniteau
36231.county,Mlean,Mclean
8670.statevalue,Geojrgia,Georgia
31790.statevalue,Ne wHampshire,New Hampshire
18669.county,aHrt,Hart
22387.statevalue,Micihgan,Michigan
10558.statevalue,Itdaho,Idaho
46294.county,Crosyb,Crosby
35644.statevalue,North Carlina,North Carolina
26148.county,Pipke,Pike
16492.statevalue,Knsas,Kansas
46703.statevalue,Teaxs,Texas
12826.statevalue,Idiana,Indiana
173.statevalue,Alaabma,Alabama
23744.statevalue,Minnesota***,Minnesota
3561.statevalue,Caifornia,California
29105.county,mLake,Lake
55416.county,Mareathon,Marathon
13053.statevalue,Idiana,Indiana
32205.statevalue,New Jiersey,New Jersey
9447.statevalue,Gerogia,Georgia
53435.county,Lhewis,Lewis
30663.statevalue,Nebpraska,Nebraska
8679.county,Millre,Miller
25320.county,Claiborene,Claiborne
39884.county,Hanrey,Harney
52210.county,Staffodr,Stafford
38627.county,Cusoter,Custer
27294.statevalue,Missyouri,Missouri
36999.county,Cuyahmoga,Cuyahoga
42109.county,Lancatser,Lancaster
928.county,Mogran,Morgan
21305.statevalue,Mainke,Maine
54888.statevalue,Wiwsconsin,Wisconsin
27694.county,Mcaon,Macon
45921.county,Cass***,Cass
55963.statevalue,Wdisconsin,Wisconsin
29121.county,Lewis anpd Clark,Lewis and Clark
10607.statevalue,Idho,Idaho
44449.county,nox,Knox
23151.county,Musegon,Muskegon
17424.county,aline,Saline
24339.county,jMahnomen,Mahnomen
23099.county,Mwonroe,Monroe
47233.county,Hentderson,Henderson
27560.statevalue,Missoguri,Missouri
18862.statevalue,Kenucky,Kentucky
12634.statevalue,Indaina,Indiana
22573.county,Gratimot,Gratiot
28544.county,Verrnon,Vernon
39830.statevalue,Oregn,Oregon
50496.statevalue,Veromnt,Vermont
16765.county,Kowa,Kiowa
20929.county,Terreonne,Terrebonne
5272.county,iRo Blanco,Rio Blanco
53862.county,Grnat,Grant
49657.county,Whartoln,Wharton
22745.statevalue,Michign,Michigan
10466.statevalue,Idho,Idaho
43324.county,oody,Moody
22724.statevalue,Michgan,Michigan
3363.statevalue,alifornia,California
25096.county,Wriht,Wright
8551.county,umpkin,Lumpkin
43127.statevalue,Southh Dakota,South Dakota
7022.statevalue,Georigia,Georgia
11639.county,Mclan,Mclean
8562.county,Laumpkin,Lumpkin
4309.statevalue,Californipa,California
48443.statevalue,Txeas,Texas
28155.statevalue,Missuori,Missouri
34789.county,yde,Hyde
13532.statevalue,Idiana,Indiana
1186.statevalue,Aalbama,Alabama
21605.county,Howrad,Howard
42732.county,Davisno,Davison
561.county,Grieene,Greene
4841.county,Huerano,Huerfano
27186.statevalue,Missoui,Missouri
53341.statevalue,Washintgon,Washington
16077.statevalue,Kanas,Kansas
55807.statevalue,Wijsconsin,Wisconsin
17283.county,eno,Reno
3625.county,Madepra,Madera
39634.statevalue,Oklahodma,Oklahoma
23165.statevalue,Michign,Michigan
39953.statevalue,Oregn,Oregon
47309.statevalue,exas,Texas
51136.statevalue,Virginioa,Virginia
33097.statevalue,Newp York,New York
37487.county,Lciking,Licking
10496.statevalue,Idavho,Idaho
30118.county,Depuel,Deuel
51909.statevalue,Virginiga,Virginia
20589.county,rOleans,Orleans
24231.statevalue,Mhinnesota,Minnesota
32767.county,Torance,Torrance
27324.county,Grnudy,Grundy
40097.statevalue,Oreqgon,Oregon
6041.statevalue,Flroida,Florida
46452.statevalue,Txeas,Texas
20954.county,Vermiliion,Vermilion
41207.county,Philadelpchia,Philadelphia
43855.statevalue,Tenneszsee,Tennessee
34094.county,runswick,Brunswick
33021.statevalue,New oYrk,New York
55350.statevalue,Wisocnsin,Wisconsin
49232.statevalue,Texs,Texas
20483.statevalue,Loouisiana,Louisiana
16237.statevalue,Kasnas,Kansas
20069.statevalue,Louisianna,Louisiana
31789.county,Rocukingham,Rockingham
29215.county,Minreal,Mineral
35195.statevalue,Nort hCarolina,North Carolina
2337.statevalue,dArkansas,Arkansas
21220.county,Kox,Knox
26218.county,Ranikn,Rankin
45771.statevalue,yTexas,Texas
49586.county,Waler,Waller
19638.statevalue,Kenvtucky,Kentucky
12656.county,Clinon,Clinton
7325.county,Chrlton,Charlton
50194.statevalue,tUah,Utah
24067.county,Hubard,Hubbard
1314.county,Deali,Denali
53522.statevalue,ashington,Washington
6856.county,Wakula,Wakulla
24914.county,wSift,Swift
8362.statevalue,Gorgia,Georgia
9103.county,Scchley,Schley
42400.statevalue,SouthC arolina,South Carolina
30721.county,qLoup,Loup
38646.county,Delawarye,Delaware
42680.county,Cosron,Corson
10442.statevalue,Idaoh,Idaho
52043.statevalue,Vrginia,Virginia
36624.county,yWalsh,Walsh
47843.statevalue,Txeas,Texas
21873.county,Duykes,Dukes
27927.county,Nodaay,Nodaway
19311.county,etcalfe,Metcalfe
30820.county,Nmaha,Nemaha
48672.statevalue,Txas,Texas
18001.statevalue,Kenjtucky,Kentucky
36880.statevalue,aOhio,Ohio
12659.statevalue,Indianta,Indiana
35556.statevalue,North Caroilna,North Carolina
41316.county,Sullivaqn,Sullivan
22430.county,eDlta,Delta
36921.statevalue,Ovhio,Ohio
27087.statevalue,Missouri***,Missouri
18962.statevalue,Koentucky,Kentucky
50331.statevalue,tah,Utah
44465.county,aLke,Lake
21341.statevalue,Maie,Maine
24928.statevalue,gMinnesota,Minnesota
51858.statevalue,irginia,Virginia
37932.statevalue,hio,Ohio
49887.statevalue,aTexas,Texas
32943.county,Chemxung,Chemung
52316.statevalue,Vriginia,Virginia
38436.statevalue,Okllahoma,Oklahoma
24366.county,Marshll,Marshall
17437.county,Scott***,Scott
20990.statevalue,Louisiaxna,Louisiana
56022.statevalue,Wisckonsin,Wisconsin
56461.statevalue,Wyomng,Wyoming
8872.county,Pauding,Paulding
5615.county,Winham,Windham
33292.statevalue,Ncew York,New York
8580.county,cDuffie,McDuffie
32959.statevalue,New Yrok,New York
4145.county,Soonma,Sonoma
20916.county,Tenss,Tensas
34417.statevalue,qNorth Carolina,North Carolina
21845.statevalue,Masachusetts,Massachusetts
17189.county,Otatwa,Ottawa
8851.statevalue,Georgai,Georgia
625.county,oHuston,Houston
21630.county,Keynt,Kent
42777.statevalue,South Daota,South Dakota
49141.statevalue,Texgas,Texas
31771.statevalue,New Hamphire,New Hampshire
16862.statevalue,Kanssa,Kansas
12269.county,Vermiloin,Vermilion
2860.statevalue,Arkasnas,Arkansas
16.county,Autuga,Autauga
54980.county,Dne,Dane
35779.county,Besnson,Benson
30091.county,Drawes,Dawes
47351.county,aHouston,Houston
48958.county,Saine,Sabine
27313.county,Grudy,Grundy
8378.county,Johnsn,Johnson
34409.county,Currituctk,Currituck
19459.county,wen,Owen
14306.statevalue,Ioaw,Iowa
27042.statevalue,aMissouri,Missouri
3150.county,nSharp,Sharp
27489.county,eJfferson,Jefferson
28378.county,Sotland,Scotland
49152.county,omervell,Somervell
31115.statevalue,eNbraska,Nebraska
51031.statevalue,Virignia,Virginia
4655.statevalue,Coloado,Colorado
49528.statevalue,eTxas,Texas
11847.county,Mogran,Morgan
15890.statevalue,Ioaw,Iowa
35413.county,Sctoland,Scotland
54615.county,yler,Tyler
19849.statevalue,Kentucyky,Kentucky
17109.statevalue,Kansaks,Kansas
22690.county,Iocso,Iosco
44110.county,yGiles,Giles
34518.statevalue,Northm Carolina,North Carolina
1940.statevalue,Arkannsas,Arkansas
31049.statevalue,Nerbaska,Nebraska
8766.statevalue,Georia,Georgia
28902.county,Fllon,Fallon
18506.county,Gratn,Grant
6694.statevalue,Fliorida,Florida
52229.county,Srury,Surry
49583.county,Waler,Waller
41816.statevalue,South Carolaina,South Carolina
39902.county,Hood Rivre,Hood River
11320.county,Jacksno,Jackson
53153.county,Callam,Clallam
39243.county,Olkahoma,Oklahoma
6281.county,Lafayetite,Lafayette
31986.statevalue,Ne Jersey,New Jersey
26060.county,Noxubaee,Noxubee
23430.county,Sxanilac,Sanilac
29439.statevalue,Montaan,Montana
4016.statevalue,Caliefornia,California
44173.statevalue,Tennoessee,Tennessee
6223.county,Indian Ribver,Indian River
12752.statevalue,Indaina,Indiana
16226.statevalue,Knsas,Kansas
39613.county,Washiat,Washita
18846.statevalue,Kentcuky,Kentucky
18052.statevalue,entucky,Kentucky
48661.county,yPecos,Pecos
21649.county,Monptgomery,Montgomery
30677.county,iLncoln,Lincoln
20090.statevalue,ouisiana,Louisiana
46654.county,Faninn,Fannin
55171.county,Green ake,Green Lake
30178.county,Duglas,Douglas
53485.county,Okarnogan,Okanogan
8571.county,McDufie,McDuffie
51757.statevalue,Vriginia,Virginia
1869.county,iPnal,Pinal
32625.statevalue,New Mexioc,New Mexico
7327.county,Chtham,Chatham
4161.statevalue,Californa,California
7389.county,Cherlokee,Cherokee
25115.county,Yellow Medicien,Yellow Medicine
28308.statevalue,Missouri***,Missouri
52318.county,Westmorelnad,Westmoreland
28180.county,Randoplh,Randolph
28553.county,Waren,Warren
49067.statevalue,tTexas,Texas
12996.county,Hancokc,Hancock
52911.county,Richmondb City,Richmond City
29582.statevalue,Montanga,Montana
53352.statevalue,Washingon,Washington
44668.county,Marshalpl,Marshall
36774.county,Athnes,Athens
47524.county,Jeffersno,Jefferson
14174.statevalue,xIowa,Iowa
13610.county,lPosey,Posey
7333.county,Chaham,Chatham
41078.county,Miflin,Mifflin
36971.county,Cohsocton,Coshocton
55853.statevalue,isconsin,Wisconsin
23978.statevalue,Minnestoa,Minnesota
11592.county,Logna,Logan
25821.statevalue,Misssisippi,Mississippi
7756.statevalue,Georiga,Georgia
24067.statevalue,Minesota,Minnesota
10336.county,Latha,Latah
4124.county,Solnao,Solano
5325.statevalue,Colorqado,Colorado
24658.county,Pxope,Pope
21057.statevalue,Louisiaa,Louisiana
10304.county,Jeromme,Jerome
19378.statevalue,Kentuwcky,Kentucky
17571.statevalue,Kanass,Kansas
4286.statevalue,alifornia,California
5185.statevalue,Coloraddo,Colorado
36517.county,Sope,Slope
29473.statevalue,oMntana,Montana
31339.statevalue,Nebnraska,Nebraska
47930.county,Leomn,Leon
9422.county,Torup,Troup
17299.statevalue,Kanpsas,Kansas
21164.statevalue,Mainhe,Maine
8665.statevalue,Gorgia,Georgia
4722.statevalue,Coloraod,Colorado
25272.statevalue,Mississipi,Mississippi
29959.county,Chery,Cherry
47172.statevalue,Texcas,Texas
40370.county,Bdeaver,Beaver
56317.county,Pakr,Park
548.county,Geneeva,Geneva
25475.statevalue,Mssissippi,Mississippi
33074.statevalue,New Yokr,New York
34774.statevalue,North Carolia,North Carolina
11238.statevalue,Illinuois,Illinois
27945.statevalue,Misouri,Missouri
36147.county,Lhogan,Logan
39766.statevalue,Oregno,Oregon
52390.county,Alxeandria City,Alexandria City
48776.county,Reagxan,Reagan
40360.statevalue,Pnnsylvania,Pennsylvania
39109.statevalue,Oklaohma,Oklahoma
7306.county,Caoosa,Catoosa
30259.statevalue,Nberaska,Nebraska
40274.county,heeler,Wheeler
5789.statevalue,Floridia,Florida
12388.county,Will***,Will
44911.statevalue,Tennsesee,Tennessee
25089.statevalue,Mfinnesota,Minnesota
30060.statevalue,Nebraskwa,Nebraska
42616.county,Charles Mtix,Charles Mix
35401.county,Samrpson,Sampson
55739.statevalue,Wigsconsin,Wisconsin
20688.statevalue,Louisina,Louisiana
49162.statevalue,eTxas,Texas
19149.statevalue,vKentucky,Kentucky
37905.county,oPreble,Preble
3963.county,Szan Joaquin,San Joaquin
35645.statevalue,North Carolbina,North Carolina
24337.county,Mahnoemn,Mahnomen
26151.county,Piek,Pike
36862.statevalue,Ohoi,Ohio
16048.statevalue,Kkansas,Kansas
42130.statevalue,Sonuth Carolina,South Carolina
15777.statevalue,gIowa,Iowa
2961.statevalue,Arknasas,Arkansas
3193.county,aVn Buren,Van Buren
8277.county,Irwni,Irwin
2246.statevalue,Arkasas,Arkansas
10920.county,Crawforqd,Crawford
52579.county,Franklin Ctiy,Franklin City
31739.county,Grfton,Grafton
38266.statevalue,hio,Ohio
53340.county,Jeffersonn,Jefferson
14251.statevalue,Iiowa,Iowa
32781.county,nion,Union
5639.statevalue,Delqaware,Delaware
12102.county,Spaline,Saline
54635.county,Upsur,Upshur
28472.county,Stoe,Stone
31938.statevalue,Noew Jersey,New Jersey
9892.county,Bear xLake,Bear Lake
21836.statevalue,Maswsachusetts,Massachusetts
23175.county,Nweaygo,Newaygo
12194.county,tark,Stark
52473.county,Colonia Heights City,Colonial Heights City
35286.statevalue,North Carlina,North Carolina
55902.county,Vils,Vilas
55814.statevalue,Wisconsn,Wisconsin
19065.county,Lon,Lyon
48818.statevalue,Tpexas,Texas
35207.county,Pedner,Pender
33662.county,Schohraie,Schoharie
89.statevalue,Alaabma,Alabama
10594.county,alley,Valley
35416.statevalue,North Craolina,North Carolina
8946.county,Pke,Pike
16022.county,Btuler,Butler
22916.statevalue,Michigna,Michigan
9551.statevalue,Georga,Georgia
28947.statevalue,Motnana,Montana
15559.statevalue,Iwa,Iowa
24680.statevalue,Minnesoa,Minnesota
27855.county,ontgomery,Montgomery
18791.county,oJefferson,Jefferson
6542.county,Oraneg,Orange
3043.statevalue,rAkansas,Arkansas
1246.county,Abnchorage,Anchorage
6059.statevalue,Floridya,Florida
33837.county,tWarren,Warren
50105.statevalue,tah,Utah
50307.statevalue,Utaph,Utah
1886.county,Santa Crusz,Santa Cruz
31335.county,Wheeer,Wheeler
41003.county,Lehigwh,Lehigh
47646.county,aufman,Kaufman
615.statevalue,Alaabma,Alabama
34038.county,Aery,Avery
21319.county,Soerset,Somerset
10816.statevalue,Illinlois,Illinois
38854.statevalue,klahoma,Oklahoma
17443.county,Sedgiwck,Sedgwick
7716.county,Doly,Dooly
54436.statevalue,West sVirginia,West Virginia
28332.statevalue,Missoui,Missouri
23897.statevalue,Mnnesota,Minnesota
41012.statevalue,Pennsyvania,Pennsylvania
52164.statevalue,iVrginia,Virginia
6794.statevalue,Floriad,Florida
20254.statevalue,Louisinaa,Louisiana
49248.county,Suttojn,Sutton
30660.statevalue,gNebraska,Nebraska
9004.county,Qvuitman,Quitman
6884.statevalue,lForida,Florida
27075.statevalue,Missoouri,Missouri
25583.county,Holmeqs,Holmes
38697.county,Grfield,Garfield
4253.county,uTolumne,Tuolumne
50782.county,Alington,Arlington
20057.statevalue,Louiisana,Louisiana
56221.statevalue,Wyomingg,Wyoming
46971.county,rGegg,Gregg
12136.county,Schyler,Schuyler
18447.statevalue,Kentukcy,Kentucky
48305.statevalue,Texpas,Texas
18417.county,loyd,Floyd
18890.statevalue,Kentuky,Kentucky
55471.county,enominee,Menominee
50542.statevalue,eVrmont,Vermont
38958.county,pLatimer,Latimer
24424.statevalue,Minnesota***,Minnesota
31381.statevalue,evada,Nevada
53430.county,Leowis,Lewis
35299.county,Richmognd,Richmond
52584.county,Franklin pCity,Franklin City
13624.statevalue,Idiana,Indiana
29801.statevalue,Nebrasak,Nebraska
13844.county,Switzerkland,Switzerland
9001.county,uitman,Quitman
19017.county,Lincjoln,Lincoln
28830.county,Custre,Custer
18367.statevalue,tKentucky,Kentucky
44096.county,Gibsorn,Gibson
30363.statevalue,Nberaska,Nebraska
49615.county,Washingtn,Washington
14246.statevalue,Iwa,Iowa
44341.county,Hicmkan,Hickman
5212.statevalue,olorado,Colorado
47595.county,Joness,Jones
29884.statevalue,Nesbraska,Nebraska
51159.statevalue,Virginai,Virginia
15054.county,Joneps,Jones
47116.county,Harzdin,Hardin
48431.county,Motleyy,Motley
27235.county,Frankslin,Franklin
49079.statevalue,xTexas,Texas
6063.county,Gplades,Glades
1688.county,ochise,Cochise
49849.county,oung,Young
2690.county,Lonojke,Lonoke
22858.statevalue,ichigan,Michigan
41620.county,Aiksen,Aiken
37308.county,Herny,Henry
14380.county,Csas,Cass
30089.statevalue,Nvebraska,Nebraska
10242.statevalue,nIdaho,Idaho
44324.county,qHenry,Henry
5164.statevalue,Colroado,Colorado
39108.county,Mayjor,Major
23106.statevalue,Michigazn,Michigan
37653.county,Mecrcer,Mercer
18034.county,Brseckinridge,Breckinridge
5002.county,Lincosln,Lincoln
46972.statevalue,Teaxs,Texas
41459.county,Westmoerland,Westmoreland
10872.statevalue,Illinosi,Illinois
36139.county,Lamougre,Lamoure
11685.statevalue,Ilvlinois,Illinois
14609.county,Delawre,Delaware
15540.statevalue,Ikowa,Iowa
6548.county,range,Orange
15924.statevalue,Kanssa,Kansas
10937.county,Cumberand,Cumberland
34312.statevalue,Norht Carolina,North Carolina
53742.statevalue,jWashington,Washington
52332.statevalue,Virgniia,Virginia
14730.statevalue,Ioa,Iowa
20328.statevalue,ouisiana,Louisiana
40317.county,Admas,Adams
39383.statevalue,Oklahmoa,Oklahoma
15172.statevalue,Ioaw,Iowa
52923.statevalue,Vairginia,Virginia
35791.statevalue,Nroth Dakota,North Dakota
5584.county,Tollnad,Tolland
22236.county,Benzzie,Benzie
30187.statevalue,Neraska,Nebraska
15577.county,eScott,Scott
2684.county,Lonke,Lonoke
41221.statevalue,Pennsylvaia,Pennsylvania
43377.statevalue,South aDkota,South Dakota
7646.county,Dawosn,Dawson
11808.county,Mercre,Mercer
39897.statevalue,Orgon,Oregon
48604.county,Ptanola,Panola
26579.statevalue,Mssissippi,Mississippi
13449.statevalue,Indirana,Indiana
53300.statevalue,Washingjton,Washington
8798.statevalue,Georgai,Georgia
30329.county,Garfied,Garfield
35785.county,Biljlings,Billings
25745.county,emper,Kemper
49503.statevalue,Texaos,Texas
38277.statevalue,Okalhoma,Oklahoma
15739.statevalue,Iogwa,Iowa
26550.statevalue,Msisissippi,Mississippi
30305.county,Garen,Garden
54213.county,aMrion,Marion
34854.statevalue,North aCrolina,North Carolina
30966.statevalue,hNebraska,Nebraska
48616.statevalue,Teas,Texas
49661.statevalue,Tevxas,Texas
2714.county,Madsion,Madison
52141.county,Shenandofah,Shenandoah
8705.statevalue,Goergia,Georgia
12159.statevalue,Illinios,Illinois
39865.statevalue,Oreon,Oregon
49917.statevalue,Uthah,Utah
46881.county,Gasscock,Glasscock
14122.county,Adavir,Adair
28412.county,Sahnnon,Shannon
36422.statevalue,North Dakovta,North Dakota
18766.statevalue,eKntucky,Kentucky
20612.statevalue,Louisimana,Louisiana
36776.statevalue,Ohoi,Ohio
28341.statevalue,Missouir,Missouri
7503.statevalue,eorgia,Georgia
19205.county,Marhsall,Marshall
35095.statevalue,North Caolina,North Carolina
11766.county,Masac,Massac
47019.statevalue,zTexas,Texas
18725.county,Hicmkan,Hickman
38816.statevalue,klahoma,Oklahoma
42121.county,aurens,Laurens
32802.statevalue,New exico,New Mexico
13110.statevalue,ndiana,Indiana
23738.county,Cavrer,Carver
33136.county,Fluton,Fulton
6535.statevalue,Flovrida,Florida
32506.county,Los eAlamos,Los Alamos
18365.county,Esitll,Estill
16564.county,Hamiltzon,Hamilton
10541.statevalue,Idaoh,Idaho
23918.county,Doge,Dodge
7253.statevalue,Gorgia,Georgia
18659.county,Harrisojn,Harrison
3711.statevalue,Callifornia,California
37059.county,Delawkare,Delaware
17763.statevalue,aKnsas,Kansas
18757.statevalue,Kebntucky,Kentucky
20299.statevalue,ouisiana,Louisiana
47211.statevalue,Texs,Texas
926.county,Mrgan,Morgan
32340.statevalue,New Mjexico,New Mexico
45013.county,Seveir,Sevier
41272.statevalue,Pennsylavnia,Pennsylvania
35659.statevalue,North Caorlina,North Carolina
44210.county,Hancok,Hancock
16258.statevalue,ansas,Kansas
10040.county,Butzte,Butte
8716.statevalue,Georhgia,Georgia
8196.statevalue,Gfeorgia,Georgia
37953.statevalue,Ohhio,Ohio
29125.county,Lierty,Liberty
7746.county,Dougals,Douglas
52490.county,Covignton City,Covington City
40048.statevalue,Oreogn,Oregon
46352.county,Dawsno,Dawson
9606.statevalue,Gekorgia,Georgia
23815.statevalue,Minesota,Minnesota
40880.county,oJefferson,Jefferson
27209.statevalue,Mirssouri,Missouri
12499.statevalue,Indiaan,Indiana
13242.statevalue,Indiaan,Indiana
36612.statevalue,orth Dakota,North Dakota
45109.county,Titpon,Tipton
43383.statevalue,South Daakota,South Dakota
15375.county,Obrein,Obrien
15789.county,ebster,Webster
51838.county,Nottwoay,Nottoway
6360.county,Liberyt,Liberty
30825.statevalue,Nebrajska,Nebraska
26829.statevalue,Mssouri,Missouri
50075.statevalue,tUah,Utah
5175.county,Pak,Park
36890.county,Clak,Clark
13104.statevalue,Idniana,Indiana
6314.statevalue,Flordia,Florida
3977.county,San Joauin,San Joaquin
37834.statevalue,Ohsio,Ohio
40441.county,Bradeford,Bradford
9612.statevalue,Georia,Georgia
9278.county,Tylor,Taylor
8116.statevalue,Georga,Georgia
32234.county,Bernalllo,Bernalillo
31304.statevalue,kNebraska,Nebraska
39266.statevalue,Oklahoam,Oklahoma
29070.statevalue,Monatna,Montana
17098.statevalue,Kanscas,Kansas
1087.statevalue,labama,Alabama
14142.county,Adadms,Adams
16598.statevalue,Kanass,Kansas
28824.statevalue,Motnana,Montana
1271.county,Bethle,Bethel
10109.statevalue,Idho,Idaho
40023.statevalue,Ordegon,Oregon
11729.statevalue,Illniois,Illinois
6244.statevalue,qFlorida,Florida
26497.county,Wanye,Wayne
30642.statevalue,Neraska,Nebraska
27184.statevalue,issouri,Missouri
14815.statevalue,Ioaw,Iowa
29763.statevalue,Nebjraska,Nebraska
12312.county,Waren,Warren
20995.statevalue,Louisinaa,Louisiana
44002.county,Dicskon,Dickson
55190.statevalue,Wiscsonsin,Wisconsin
21047.county,WestCarroll,West Carroll
43395.county,Robets,Roberts
33776.county,ioga,Tioga
22339.county,Cheboygaqn,Cheboygan
3814.statevalue,Caliofrnia,California
54427.statevalue,aWest Virginia,West Virginia
35950.statevalue,North Dakoat,North Dakota
55164.county,Greeqn,Green
30926.statevalue,Nberaska,Nebraska
25980.county,Monqroe,Monroe
21132.statevalue,aMine,Maine
41504.statevalue,Pennsylvaynia,Pennsylvania
18729.statevalue,Kenstucky,Kentucky
25970.statevalue,Mssissippi,Mississippi
53761.county,Yakicma,Yakima
31992.statevalue,NewJersey,New Jersey
55633.county,Pokl,Polk
912.statevalue,Alabaam,Alabama
20526.statevalue,Louisiaan,Louisiana
42636.statevalue,South Daota,South Dakota
41392.statevalue,Pennylvania,Pennsylvania
32628.statevalue,New Mexvico,New Mexico
22645.statevalue,Mchigan,Michigan
42267.statevalue,South Caorlina,South Carolina
47729.statevalue,Teaxs,Texas
43621.county,Andeson,Anderson
4540.county,Costiglla,Costilla
8363.county,Jefnkins,Jenkins
46476.county,Dimmit***,Dimmit
2357.statevalue,Akansas,Arkansas
36813.statevalue,hOio,Ohio
538.county,Frnklin,Franklin
35715.statevalue,NorthC arolina,North Carolina
26846.statevalue,Misouri,Missouri
9015.statevalue,Georngia,Georgia
43000.statevalue,outh Dakota,South Dakota
45988.county,Chreokee,Cherokee
40871.county,ndiana,Indiana
49508.statevalue,Teas,Texas
29196.county,Mdison,Madison
19052.county,Lgan,Logan
10244.statevalue,Idao,Idaho
38125.county,Van Wrt,Van Wert
49124.county,Smth,Smith
34062.county,Bertei,Bertie
45212.statevalue,Tennesse,Tennessee
36055.statevalue,Norht Dakota,North Dakota
32697.statevalue,Ne Mexico,New Mexico
4077.county,Shasa,Shasta
43441.county,Sipnk,Spink
17613.statevalue,Kanssa,Kansas
2987.county,Prairmie,Prairie
41979.county,Georgeotwn,Georgetown
14125.county,dair,Adair
4573.county,uster,Custer
871.statevalue,Alaama,Alabama
46424.county,De kWitt,De Witt
44819.statevalue,Tennessee***,Tennessee
5119.county,Mogran,Morgan
41874.county,aDrlington,Darlington
18304.statevalue,Kentiucky,Kentucky
48038.statevalue,exas,Texas
9662.statevalue,Gerogia,Georgia
53726.statevalue,Wahsington,Washington
50053.statevalue,Utaih,Utah
28513.county,iTexas,Texas
42225.statevalue,South Caroina,South Carolina
34288.county,Chreokee,Cherokee
22507.county,Gneesee,Genesee
8619.county,Mzacon,Macon
25271.county,Carorll,Carroll
54571.county,Summrs,Summers
42573.statevalue,South Dakotba,South Dakota
11409.statevalue,Ixllinois,Illinois
43662.statevalue,Tennessee***,Tennessee
4718.statevalue,Coloradro,Colorado
56369.statevalue,Woming,Wyoming
26945.county,Css,Cass
51208.statevalue,Virgiina,Virginia
12866.county,Fountan,Fountain
37288.statevalue,Oio,Ohio
26809.county,Butlcer,Butler
26916.statevalue,Mifssouri,Missouri
30472.statevalue,Nebrasak,Nebraska
29847.statevalue,Nmebraska,Nebraska
30716.county,Lopu,Loup
18037.statevalue,Kezntucky,Kentucky
42031.county,Hamptosn,Hampton
26105.county,Pear River,Pearl River
41044.statevalue,Pennsylavnia,Pennsylvania
47377.county,Hudspteh,Hudspeth
22983.county,Manisete,Manistee
21423.statevalue,Marylad,Maryland
23862.statevalue,Minnsota,Minnesota
54961.statevalue,Wiseconsin,Wisconsin
17381.statevalue,Kanas,Kansas
28660.county,St Louis Ciity,St Louis City
53388.county,Kistap,Kitsap
44199.statevalue,ennessee,Tennessee
16065.county,Chauetauqua,Chautauqua
42100.statevalue,South arolina,South Carolina
7314.statevalue,Gorgia,Georgia
8680.statevalue,eorgia,Georgia
13844.statevalue,Indina,Indiana
37320.county,Highalnd,Highland
21900.county,sEsex,Essex
51067.statevalue,Vilrginia,Virginia
28813.county,Cahouteau,Chouteau
30585.county,wKeith,Keith
51885.county,Patrcik,Patrick
28730.statevalue,Montaana,Montana
51384.county,Greensvile,Greensville
1528.statevalue,laska,Alaska
34384.county,Cumberladn,Cumberland
36554.county,Steeel,Steele
29203.county,Meatgher,Meagher
26728.statevalue,issouri,Missouri
7501.statevalue,Georga,Georgia
2114.statevalue,tArkansas,Arkansas
12830.statevalue,Indiaan,Indiana
19290.county,yMercer,Mercer
43894.statevalue,Tennesee,Tennessee
23239.county,Ontonagno,Ontonagon
44147.statevalue,Tennesse,Tennessee
28867.statevalue,Monatna,Montana
20918.statevalue,Loiusiana,Louisiana
10150.county,Claerwater,Clearwater
1359.county,Hines,Haines
40497.statevalue,Pennsylvanjia,Pennsylvania
21987.county,Nantuxcket,Nantucket
28786.county,ascade,Cascade
49516.statevalue,Txas,Texas
40677.statevalue,Penknsylvania,Pennsylvania
15715.statevalue,oIwa,Iowa
30896.statevalue,Nebrasak,Nebraska
23498.statevalue,Michgian,Michigan
35727.statevalue,North Caroloina,North Carolina
53208.county,owlitz,Cowlitz
27863.county,Moentgomery,Montgomery
5404.statevalue,Coloardo,Colorado
51187.statevalue,Virtginia,Virginia
52305.statevalue,Vqirginia,Virginia
51577.county,Lancaser,Lancaster
6662.county,St Jhons,St Johns
395.statevalue,Albama,Alabama
1296.county,Bristol wBay,Bristol Bay
40854.county,Hunitngdon,Huntingdon
47696.statevalue,Tkexas,Texas
48823.county,eeves,Reeves
46212.county,Coryell***,Coryell
47907.statevalue,exas,Texas
36393.statevalue,orth Dakota,North Dakota
44836.county,Pery,Perry
14478.statevalue,Iwa,Iowa
37820.county,Pery,Perry
11516.county,La Slale,La Salle
49512.county,Val Vrerde,Val Verde
33751.statevalue,NewY ork,New York
25290.county,Cihckasaw,Chickasaw
20591.county,Orleants,Orleans
25115.statevalue,Minnesoat,Minnesota
5087.county,Montezmua,Montezuma
3600.statevalue,Caifornia,California
23388.statevalue,Michgian,Michigan
6482.county,Nasau,Nassau
21948.statevalue,Mmassachusetts,Massachusetts
19305.statevalue,Keontucky,Kentucky
36185.county,McInvtosh,McIntosh
12034.statevalue,Illinis,Illinois
13356.county,Marshnall,Marshall
35516.county,Tyrell,Tyrrell
47932.statevalue,Tefxas,Texas
31032.county,Rck,Rock
29273.county,ark,Park
30617.statevalue,Nebragska,Nebraska
54519.county,Randoblph,Randolph
37419.county,Jekfferson,Jefferson
33279.county,Livinston,Livingston
4897.statevalue,Colrado,Colorado
44672.statevalue,Tenjnessee,Tennessee
410.statevalue,Alaabma,Alabama
54088.statevalue,West Virinia,West Virginia
26113.county,Peaxrl River,Pearl River
50967.statevalue,Virignia,Virginia
18472.county,Gallatin***,Gallatin
19533.county,iPke,Pike
25989.county,Mornoe,Monroe
18009.county,Beathitt,Breathitt
55472.statevalue,Wisconisn,Wisconsin
31048.statevalue,Nebrascka,Nebraska
50293.county,ooele,Tooele
1354.county,Hanes,Haines
12214.county,Stepehnson,Stephenson
10750.county,Carroll***,Carroll
27750.statevalue,issouri,Missouri
4529.county,Conecjos,Conejos
1300.county,Dnali,Denali
18496.county,Garrrd,Garrard
19780.statevalue,entucky,Kentucky
29189.county,mMadison,Madison
1917.county,Ymua,Yuma
46188.county,Conchbo,Concho
2102.statevalue,Alrkansas,Arkansas
32034.statevalue,New ersey,New Jersey
29465.county,Rosbeud,Rosebud
42052.county,oHrry,Horry
42520.statevalue,Sbouth Dakota,South Dakota
2764.county,Misissippi,Mississippi
9239.county,Talaiferro,Taliaferro
5397.county,Sumit,Summit
7785.statevalue,Georgai,Georgia
32456.statevalue,New Mexcio,New Mexico
48358.statevalue,exas,Texas
5986.statevalue,Flordia,Florida
53102.statevalue,Washigton,Washington
51493.statevalue,Virgiia,Virginia
12691.statevalue,Idiana,Indiana
18056.county,Butlre,Butler
36083.county,Grgigs,Griggs
51080.county,raig,Craig
48118.statevalue,Teaxs,Texas
45813.county,Caldwel,Caldwell
34787.statevalue,North dCarolina,North Carolina
45608.county,Blancco,Blanco
35043.county,Montogmery,Montgomery
55412.county,Marathno,Marathon
26764.county,Bollingr,Bollinger
38255.statevalue,hOio,Ohio
15994.county,Bouron,Bourbon
37464.statevalue,hio,Ohio
41982.county,Georgectown,Georgetown
32637.county,Sandval,Sandoval
25306.statevalue,Missisippi,Mississippi
24221.county,Lac Qui oParle,Lac Qui Parle
4684.county,Elberrt,Elbert
37120.statevalue,hio,Ohio
4322.statevalue,Coloado,Colorado
16917.statevalue,aKnsas,Kansas
41811.county,Chster,Chester
15625.county,tSory,Story
25114.statevalue,Minnsota,Minnesota
40182.statevalue,Orgon,Oregon
10401.statevalue,dIaho,Idaho
15553.statevalue,Iowoa,Iowa
28608.county,Webstder,Webster
5060.county,Mcoffat,Moffat
49890.county,Zaala,Zavala
39006.statevalue,Oklaohma,Oklahoma
39154.statevalue,Okdlahoma,Oklahoma
33154.county,eGnesee,Genesee
25220.statevalue,Mississppi,Mississippi
15074.statevalue,Irowa,Iowa
37976.statevalue,Ohoi,Ohio
40684.statevalue,Pennsylvanmia,Pennsylvania
46502.county,Duvla,Duval
35380.statevalue,oNrth Carolina,North Carolina
17074.county,Nemaah,Nemaha
1673.county,Apacjhe,Apache
23926.statevalue,Minneosta,Minnesota
24023.statevalue,Minneota,Minnesota
2909.statevalue,Araknsas,Arkansas
20861.statevalue,oLuisiana,Louisiana
6328.county,eLon,Leon
21884.county,Dkes,Dukes
54101.statevalue,West Vxirginia,West Virginia
4667.statevalue,Colhorado,Colorado
38808.county,Harpre,Harper
23302.statevalue,Micmhigan,Michigan
24194.statevalue,Minntesota,Minnesota
47756.county,Kinneqy,Kinney
55980.county,Wauikesha,Waukesha
40457.statevalue,ennsylvania,Pennsylvania
238.county,xClay,Clay
43420.county,dShannon,Shannon
40210.county,nUion,Union
32442.statevalue,New Meixco,New Mexico
25890.statevalue,Missinssippi,Mississippi
31738.statevalue,New Hampshgire,New Hampshire
19165.county,Magofifn,Magoffin
37695.statevalue,hOio,Ohio
53057.statevalue,Vriginia,Virginia
41532.statevalue,Rhdoe Island,Rhode Island
12648.statevalue,Indiaa,Indiana
37770.statevalue,hio,Ohio
17133.statevalue,Kasas,Kansas
32095.county,Ocaen,Ocean
51636.county,Luisa,Louisa
26523.statevalue,Misisssippi,Mississippi
41373.statevalue,Pennyslvania,Pennsylvania
44489.county,Lauderdvale,Lauderdale
31966.statevalue,New Jerhsey,New Jersey
32492.statevalue,New Meixico,New Mexico
52634.statevalue,Virginai,Virginia
35077.county,Nxash,Nash
54939.county,Colubmia,Columbia
22042.statevalue,Massachustets,Massachusetts
22936.statevalue,Mpichigan,Michigan
32345.county,DeB aca,De Baca
38744.county,Grat,Grant
39536.county,Tllman,Tillman
43035.county,nHyde,Hyde
46821.county,Gaplveston,Galveston
8988.county,Puwtnam,Putnam
40425.county,Blar,Blair
43291.statevalue,SouthD akota,South Dakota
16770.statevalue,Kanbsas,Kansas
40350.statevalue,Pennsylvanai,Pennsylvania
14711.statevalue,Ioa,Iowa
15161.statevalue,Iwoa,Iowa
8879.county,Peahc,Peach
3838.statevalue,Californa,California
34139.statevalue,North uCarolina,North Carolina
49934.county,Caceh,Cache
55613.county,Pirece,Pierce
40947.county,Lncaster,Lancaster
24512.county,Nobleys,Nobles
10907.statevalue,sIllinois,Illinois
46012.statevalue,Texsa,Texas
46166.county,Comnche,Comanche
52882.county,ortsmouth City,Portsmouth City
13203.county,Konx,Knox
42577.county,Buutte,Butte
12543.county,Blckford,Blackford
31007.statevalue,Nebaska,Nebraska
12781.county,Duboibs,Dubois
28387.county,cott,Scott
16719.statevalue,Kasnas,Kansas
54631.county,Upsrhur,Upshur
32686.county,San Migtuel,San Miguel
47385.statevalue,wTexas,Texas
24352.statevalue,Mhinnesota,Minnesota
15765.county,ashington,Washington
22355.statevalue,Michiagn,Michigan
9563.statevalue,Gxeorgia,Georgia
21449.county,Calvcert,Calvert
16131.county,Caly,Clay
35959.statevalue,North Dkota,North Dakota
37732.county,xMorrow,Morrow
20508.statevalue,Louissiana,Louisiana
9066.county,Richmoind,Richmond
21354.statevalue,Miane,Maine
56435.county,fWashakie,Washakie
1164.county,Wpashington,Washington
17460.county,Sedgwfick,Sedgwick
14839.statevalue,Ioowa,Iowa
3341.county,Btute,Butte
9685.statevalue,Geogria,Georgia
10679.statevalue,Illniois,Illinois
25264.county,arroll,Carroll
10855.county,Cltinton,Clinton
12417.statevalue,llinois,Illinois
34105.county,Brunsick,Brunswick
33754.county,Sullivavn,Sullivan
37482.county,Lcking,Licking
26684.county,vBarry,Barry
21880.county,uDkes,Dukes
49185.statevalue,exas,Texas
42646.statevalue,Souh Dakota,South Dakota
32265.statevalue,Npew Mexico,New Mexico
53751.county,Yaima,Yakima
42231.statevalue,South Carolna,South Carolina
45171.county,Unon,Union
18639.county,arlan,Harlan
4577.statevalue,Coolrado,Colorado
42696.statevalue,Sout hDakota,South Dakota
4988.statevalue,Colroado,Colorado
44578.statevalue,Tnenessee,Tennessee
20223.statevalue,Luisiana,Louisiana
29161.statevalue,Montaan,Montana
2379.statevalue,Arkasas,Arkansas
28433.county,hSelby,Shelby
25047.statevalue,Minnesxota,Minnesota
9563.county,arren,Warren
7547.county,oCok,Cook
54201.statevalue,West Virginija,West Virginia
7259.statevalue,Goergia,Georgia
32792.statevalue,New Mexrico,New Mexico
49221.statevalue,Teas,Texas
45631.statevalue,Texsa,Texas
52143.county,henandoah,Shenandoah
52518.county,Danvielle City,Danville City
37617.statevalue,Oiho,Ohio
17958.county,Bocyd,Boyd
1913.county,Yuam,Yuma
32795.county,Unfion,Union
8715.statevalue,eorgia,Georgia
55388.statevalue,Wiscosnin,Wisconsin
22860.statevalue,Milchigan,Michigan
23421.statevalue,Michwigan,Michigan
32137.statevalue,New Jresey,New Jersey
47383.county,Hupdspeth,Hudspeth
55174.county,reen Lake,Green Lake
18160.county,Caroll,Carroll
24010.statevalue,Minnestoa,Minnesota
34124.county,Buncomble,Buncombe
37126.statevalue,hio,Ohio
13160.statevalue,ndiana,Indiana
31076.county,Sauders,Saunders
55968.statevalue,Wisconisin,Wisconsin
50247.county,Sapete,Sanpete
55522.statevalue,zWisconsin,Wisconsin
39814.county,Decshutes,Deschutes
55620.statevalue,isconsin,Wisconsin
15894.statevalue,owa,Iowa
44062.county,Fentess,Fentress
18427.county,Folyd,Floyd
18664.county,Hrrison,Harrison
32734.statevalue,eNw Mexico,New Mexico
30550.county,bJohnson,Johnson
18464.county,lFulton,Fulton
44846.statevalue,Tennsesee,Tennessee
32607.county,Rio rAriba,Rio Arriba
12892.county,Fultvon,Fulton
32540.statevalue,Nw Mexico,New Mexico
40788.statevalue,Pennsylvanhia,Pennsylvania
9000.county,Putonam,Putnam
40228.statevalue,Oreogn,Oregon
34119.statevalue,North Caroilna,North Carolina
53007.statevalue,Virinia,Virginia
19912.statevalue,Kesntucky,Kentucky
14610.statevalue,oIwa,Iowa
9997.statevalue,dIaho,Idaho
35690.statevalue,North Carolinsa,North Carolina
18868.county,Knwox,Knox
43096.county,Kqingsbury,Kingsbury
55561.statevalue,Wisconsni,Wisconsin
32352.statevalue,Ne wMexico,New Mexico
26484.statevalue,Mississppi,Mississippi
43172.statevalue,Soouth Dakota,South Dakota
29928.statevalue,Nebrasak,Nebraska
40394.statevalue,Peninsylvania,Pennsylvania
53478.statevalue,Washidngton,Washington
1523.statevalue,Alasak,Alaska
29634.county,Wheatlavnd,Wheatland
33959.county,Aleaxnder,Alexander
39493.county,Stepheins,Stephens
47247.statevalue,rTexas,Texas
23197.county,Odakland,Oakland
46461.county,Dimimt,Dimmit
41311.county,ullivan,Sullivan
40614.county,Cltinton,Clinton
5219.county,Ptkin,Pitkin
9247.statevalue,Geortgia,Georgia
41555.statevalue,Rhode Islabnd,Rhode Island
41587.county,Washnigton,Washington
32215.county,Wraren,Warren
18212.county,Chritian,Christian
54368.county,Nicohlas,Nicholas
18016.statevalue,entucky,Kentucky
40430.statevalue,Pennylvania,Pennsylvania
38986.county,Le Floer,Le Flore
15337.county,Montgomerdy,Montgomery
53294.statevalue,Waswhington,Washington
44760.statevalue,Tennessee***,Tennessee
14536.county,Crwford,Crawford
20006.statevalue,Lousiana,Louisiana
29968.statevalue,ebraska,Nebraska
25953.statevalue,Mississyippi,Mississippi
43946.statevalue,Tennesese,Tennessee
54911.county,Czhippewa,Chippewa
47275.county,Hilml,Hill
8313.county,Jaspre,Jasper
16131.statevalue,Kanssa,Kansas
55929.statevalue,Wsiconsin,Wisconsin
31139.statevalue,Neraska,Nebraska
31166.statevalue,Nerbaska,Nebraska
43251.statevalue,South Dakoat,South Dakota
23656.statevalue,Minnesoat,Minnesota
10298.county,erome,Jerome
30842.statevalue,Nbraska,Nebraska
17893.statevalue,Kenutcky,Kentucky
22246.county,enzie,Benzie
21442.statevalue,Marylnad,Maryland
53447.county,Lincdoln,Lincoln
37424.statevalue,hio,Ohio
39389.county,Potawatomie,Pottawatomie
30034.statevalue,Nebrasa,Nebraska
773.county,Lonwdes,Lowndes
49732.county,Willafcy,Willacy
50348.county,Wsaatch,Wasatch
49010.statevalue,Texs,Texas
45779.statevalue,Texnas,Texas
3821.statevalue,Calpifornia,California
30652.county,Kinox,Knox
46115.statevalue,Teaxs,Texas
5941.statevalue,Flroida,Florida
46552.statevalue,Texaas,Texas
16024.county,Butkler,Butler
18156.statevalue,Knetucky,Kentucky
56140.county,Converyse,Converse
40692.county,auphin,Dauphin
14569.county,Davs,Davis
43173.statevalue,South Dakotda,South Dakota
18214.county,Christiaun,Christian
10925.statevalue,Illixnois,Illinois
38055.county,Summti,Summit
22413.county,Crafword,Crawford
23442.statevalue,Mcihigan,Michigan
15433.county,Plo Alto,Palo Alto
39753.county,Cos,Coos
48617.county,Panolha,Panola
44818.county,Overkton,Overton
43253.statevalue,South Deakota,South Dakota
37575.statevalue,Ohibo,Ohio
25511.statevalue,Mississippi***,Mississippi
35466.county,Sunrry,Surry
9197.statevalue,Geogria,Georgia
16498.statevalue,Kanas,Kansas
17870.county,Barrne,Barren
5055.statevalue,Collorado,Colorado
25578.county,Hinsd,Hinds
13781.statevalue,Indana,Indiana
32481.statevalue,New Mpexico,New Mexico
26529.county,Webbster,Webster
2687.county,Lonoe,Lonoke
41996.county,rGeenville,Greenville
24270.statevalue,Minnesoat,Minnesota
30108.statevalue,Nebrasa,Nebraska
4325.county,aAdams,Adams
10887.county,Coels,Coles
41497.county,mYork,York
24027.statevalue,Minnesotua,Minnesota
30115.statevalue,Nebrashka,Nebraska
51387.statevalue,cVirginia,Virginia
36492.statevalue,Notrh Dakota,North Dakota
48947.statevalue,Teas,Texas
545.county,Greneva,Geneva
51122.county,Dickensoen,Dickenson
29322.statevalue,Montanna,Montana
4236.county,Tulre,Tulare
42594.county,Campsbell,Campbell
36474.county,hSeridan,Sheridan
46018.statevalue,Teaxs,Texas
54638.statevalue,West irginia,West Virginia
47013.county,Guadaluep,Guadalupe
34203.statevalue,oNrth Carolina,North Carolina
6027.statevalue,Florda,Florida
18845.county,Knton,Kenton
31964.county,sEsex,Essex
23643.county,Bentozn,Benton
50487.statevalue,Vermnt,Vermont
46927.statevalue,Texsa,Texas
29199.county,Megher,Meagher
55219.county,Irlon,Iron
43734.county,ampbell,Campbell
46174.statevalue,exas,Texas
41568.county,Providenec,Providence
48811.statevalue,Texras,Texas
15298.statevalue,Ioaw,Iowa
54223.county,arshall,Marshall
29337.county,Ponderba,Pondera
47964.statevalue,Texs,Texas
46730.statevalue,exas,Texas
12122.statevalue,Illinosi,Illinois
47992.county,xLive Oak,Live Oak
15111.statevalue,Ioa,Iowa
31709.statevalue,New Hampshrie,New Hampshire
684.statevalue,Alabaa,Alabama
54485.county,Putam,Putnam
483.county,Ecambia,Escambia
35016.statevalue,North Carolian,North Carolina
37557.county,Madision,Madison
3594.county,Lassn,Lassen
48047.statevalue,Texlas,Texas
6306.county,ee,Lee
32842.statevalue,New ork,New York
11379.county,Jo Davbiess,Jo Daviess
43550.county,Uinon,Union
43699.statevalue,Tennesysee,Tennessee
49325.county,Tebrry,Terry
48773.county,Rseagan,Reagan
33566.county,Rensseaer,Rensselaer
15391.statevalue,Iwa,Iowa
39513.statevalue,Oklahmoa,Oklahoma
49146.county,Somervel,Somervell
10031.county,Butte***,Butte
31849.county,Atlantdic,Atlantic
436.statevalue,Aalbama,Alabama
28919.county,Fegus,Fergus
18587.county,Greenurp,Greenup
29440.statevalue,Monatna,Montana
20905.county,Tcensas,Tensas
29184.statevalue,Motnana,Montana
24145.county,Kanabebc,Kanabec
32938.county,Chauatuqua,Chautauqua
4144.county,oSnoma,Sonoma
23390.county,St Clavir,St Clair
6982.county,aBldwin,Baldwin
34731.county,Henderon,Henderson
33109.statevalue,ew York,New York
25712.statevalue,Midssissippi,Mississippi
32565.county,Oteor,Otero
13255.statevalue,Inediana,Indiana
47947.statevalue,Texads,Texas
38359.county,Blaien,Blaine
14376.statevalue,Iolwa,Iowa
41568.statevalue,Rhode Islavnd,Rhode Island
35410.statevalue,North Caroliwna,North Carolina
48615.county,Pnaola,Panola
23913.statevalue,Minndesota,Minnesota
28204.statevalue,Missoduri,Missouri
46559.statevalue,exas,Texas
20985.statevalue,Loujisiana,Louisiana
15865.statevalue,Iwa,Iowa
10277.county,Idqaho,Idaho
30764.county,errick,Merrick
9125.county,cSreven,Screven
22554.county,Goegbic,Gogebic
6239.county,aJckson,Jackson
51423.statevalue,iVrginia,Virginia
51817.county,wNorthumberland,Northumberland
51370.statevalue,sVirginia,Virginia
36105.statevalue,North Dankota,North Dakota
16804.statevalue,Kanass,Kansas
19611.county,Rocckastle,Rockcastle
44441.county,Johnsno,Johnson
20028.county,Avoyellse,Avoyelles
40620.statevalue,Pennslvania,Pennsylvania
959.statevalue,lAabama,Alabama
36497.county,ioux,Sioux
40479.statevalue,Pennsylania,Pennsylvania
42380.statevalue,Sout Carolina,South Carolina
10434.statevalue,Idatho,Idaho
25871.county,Lfelore,Leflore
20454.statevalue,Lousiana,Louisiana
27102.statevalue,mMissouri,Missouri
1060.county,Shezlby,Shelby
24399.statevalue,Mninesota,Minnesota
36635.county,Wahrd,Ward
37020.county,Darek,Darke
39443.statevalue,Oklahoa,Oklahoma
31866.statevalue,New ersey,New Jersey
49543.statevalue,Texsa,Texas
37616.county,kMedina,Medina
49888.county,Zvaala,Zavala
30709.county,Lobup,Loup
29180.county,Mdaison,Madison
6115.county,ardee,Hardee
33655.county,Shenectady,Schenectady
30363.county,tGrant,Grant
34593.county,Gamtes,Gates
1172.statevalue,Alakbama,Alabama
27696.county,Maon,Macon
13389.statevalue,Indhiana,Indiana
17082.county,iNemaha,Nemaha
50752.county,Amerst,Amherst
31891.county,Burlinton,Burlington
29591.statevalue,Mpontana,Montana
3685.statevalue,Californai,California
1249.statevalue,Alsaka,Alaska
24629.statevalue,Minnesotra,Minnesota
7964.statevalue,Georjgia,Georgia
49742.county,Wihlliamson,Williamson
9952.statevalue,Idao,Idaho
29853.statevalue,Nebrasa,Nebraska
42240.county,Neberry,Newberry
52571.county,Faflls Church City,Falls Church City
38732.statevalue,Oklaoma,Oklahoma
26634.statevalue,Missuri,Missouri
36405.county,Renaville,Renville
38141.statevalue,hOio,Ohio
17107.statevalue,ansas,Kansas
4601.statevalue,Colordao,Colorado
32615.county,Rio Arriab,Rio Arriba
52481.county,Colonial Heights Ciyt,Colonial Heights City
27872.county,Mrgan,Morgan
53639.statevalue,Wahington,Washington
55251.county,Jefferon,Jefferson
4585.county,uCster,Custer
25172.county,Amiet,Amite
36365.statevalue,Nortph Dakota,North Dakota
32984.statevalue,New Yokr,New York
41891.county,Dlilon,Dillon
16568.county,Hamitlon,Hamilton
30725.county,Lotup,Loup
36089.county,Grggs,Griggs
37693.county,Montgoery,Montgomery
29576.county,eToole,Toole
41083.statevalue,Pennsytlvania,Pennsylvania
37812.county,aulding,Paulding
27784.county,Miljler,Miller
25943.statevalue,ississippi,Mississippi
13013.statevalue,Indciana,Indiana
14534.county,Crwford,Crawford
43240.county,Medae,Meade
26917.statevalue,Misosuri,Missouri
34199.statevalue,North arolina,North Carolina
44948.statevalue,ennessee,Tennessee
17221.county,iPhillips,Phillips
56453.county,Wesotn,Weston
37878.statevalue,Ohtio,Ohio
52401.statevalue,Viyrginia,Virginia
2267.county,Corss,Cross
29118.county,Lewis and Clpark,Lewis and Clark
16905.statevalue,Kanss,Kansas
27215.statevalue,Missori,Missouri
30121.county,euel,Deuel
18798.county,Jessamiine,Jessamine
51986.county,Pulaki,Pulaski
56372.statevalue,Wyominbg,Wyoming
12212.county,Stephnson,Stephenson
53938.statevalue,Westu Virginia,West Virginia
22123.statevalue,Miqchigan,Michigan
26822.county,Caldewll,Caldwell
5369.county,Segdwick,Sedgwick
14885.statevalue,Ioaw,Iowa
2515.statevalue,Arkanas,Arkansas
32890.county,Cattaraugs,Cattaraugus
22726.county,Isablla,Isabella
54197.statevalue,Wet Virginia,West Virginia
51598.statevalue,Virignia,Virginia
29083.county,Judit Basin,Judith Basin
40464.county,Bucsk,Bucks
43143.statevalue,Southx Dakota,South Dakota
35963.county,Dunn***,Dunn
25090.county,uWinona,Winona
20579.county,Orleasn,Orleans
24510.county,Nobmles,Nobles
25238.county,Calhoutn,Calhoun
1704.county,Coconizno,Coconino
41757.statevalue,South Carolna,South Carolina
37707.statevalue,Orhio,Ohio
16219.statevalue,Kanass,Kansas
41306.county,Somrset,Somerset
23825.statevalue,Minnsota,Minnesota
1460.statevalue,Alahska,Alaska
19933.county,Wqoodford,Woodford
11700.county,lMadison,Madison
34035.statevalue,Nort hCarolina,North Carolina
12380.statevalue,llinois,Illinois
55821.county,Shebygan,Sheboygan
30038.statevalue,ebraska,Nebraska
9282.county,Taylro,Taylor
4842.statevalue,Cloorado,Colorado
23306.statevalue,Micigan,Michigan
35564.statevalue,NorthC arolina,North Carolina
33609.statevalue,NewYork,New York
6125.statevalue,Floriad,Florida
11097.statevalue,Ililnois,Illinois
14294.statevalue,Ioa,Iowa
15063.county,Joes,Jones
18562.statevalue,Kentuczky,Kentucky
30836.county,Nucoklls,Nuckolls
29429.statevalue,Montaan,Montana
51585.statevalue,Virgiia,Virginia
5221.county,Powers,Prowers
53487.county,Oukanogan,Okanogan
40673.statevalue,Pennsylvaniba,Pennsylvania
8062.statevalue,Geogria,Georgia
2113.county,Clway,Clay
46414.statevalue,Tedxas,Texas
40223.county,Walowa,Wallowa
21776.statevalue,Mwaryland,Maryland
34348.county,olumbus,Columbus
55311.statevalue,Wisconisn,Wisconsin
24328.statevalue,iMnnesota,Minnesota
9200.county,kSumter,Sumter
44603.statevalue,ennessee,Tennessee
33150.statevalue,New ork,New York
41494.county,ork,York
20125.statevalue,Louisiaan,Louisiana
11867.county,zMoultrie,Moultrie
43689.county,Blnount,Blount
36486.county,Sheridna,Sheridan
10146.statevalue,Idaoh,Idaho
5036.county,esa,Mesa
18896.county,Larlue,Larue
7706.statevalue,Georiga,Georgia
18319.statevalue,Kentbucky,Kentucky
14472.statevalue,Iwa,Iowa
368.statevalue,labama,Alabama
34898.county,Lenior,Lenoir
15224.county,Maaska,Mahaska
13516.county,Oraneg,Orange
52411.statevalue,pVirginia,Virginia
3950.statevalue,Calfornia,California
41408.statevalue,Pennslylvania,Pennsylvania
37541.county,Lcuas,Lucas
21074.statevalue,Louisinaa,Louisiana
36947.statevalue,Ohoi,Ohio
48979.county,Sazn Jacinto,San Jacinto
46774.county,Freesztone,Freestone
41547.statevalue,RhodeIsland,Rhode Island
7957.county,Fqulton,Fulton
20210.statevalue,Loiusiana,Louisiana
23530.statevalue,Micheigan,Michigan
41665.statevalue,South Carolnia,South Carolina
41121.county,ontgomery,Montgomery
27826.county,Moniteua,Moniteau
29773.statevalue,Nebraskba,Nebraska
24126.statevalue,Minnesota***,Minnesota
38185.county,Wajshington,Washington
7909.county,Fkloyd,Floyd
52387.county,oAlexandria City,Alexandria City
39037.statevalue,Oklahoam,Oklahoma
25922.statevalue,Msisissippi,Mississippi
12540.county,Blckford,Blackford
37736.county,Morroaw,Morrow
2397.statevalue,rkansas,Arkansas
20835.county,St Maritn,St Martin
46712.statevalue,Texqas,Texas
48964.county,San Augustnie,San Augustine
28186.statevalue,iMssouri,Missouri
46710.statevalue,Teoxas,Texas
23138.county,Montmoreny,Montmorency
3334.county,Buttie,Butte
2553.county,Jeferson,Jefferson
10559.statevalue,Idasho,Idaho
40847.county,Hunitngdon,Huntingdon
49412.county,Trniity,Trinity
5892.statevalue,Folrida,Florida
18452.statevalue,Kenutcky,Kentucky
23682.statevalue,Minnsota,Minnesota
26375.statevalue,Missisippi,Mississippi
267.county,Cleburen,Cleburne
7373.county,Chatooga,Chattooga
24398.county,Meeer,Meeker
29931.county,Cdar,Cedar
39003.county,Lxincoln,Lincoln
24156.county,Kanabce,Kanabec
21131.statevalue,Maien,Maine
45389.county,Aranass,Aransas
47318.county,ood,Hood
12013.statevalue,Illinjois,Illinois
5830.statevalue,Floirda,Florida
1487.county,North Slpe,North Slope
46690.statevalue,rTexas,Texas
2242.statevalue,Aransas,Arkansas
22018.statevalue,assachusetts,Massachusetts
8568.statevalue,Georgai,Georgia
50454.county,Benninggton,Bennington
2179.county,Coway,Conway
45144.county,Torusdale,Trousdale
2435.county,Hempstad,Hempstead
39924.county,Jacson,Jackson
50171.statevalue,Ultah,Utah
26259.statevalue,Misssisippi,Mississippi
35673.statevalue,oNorth Carolina,North Carolina
16722.county,Johnswon,Johnson
13324.county,Marino,Marion
55058.statevalue,Wisconsisn,Wisconsin
52624.statevalue,Virgiia,Virginia
18408.county,Felming,Fleming
51319.statevalue,iVrginia,Virginia
12717.county,Dearbocrn,Dearborn
33806.county,Ulstr,Ulster
56125.county,Convesre,Converse
10016.county,Boudary,Boundary
16251.statevalue,Kanass,Kansas
32004.county,Hudsobn,Hudson
2145.county,Clevelanyd,Cleveland
45667.statevalue,Teas,Texas
24312.statevalue,Minnesota***,Minnesota
28148.county,Pudtnam,Putnam
36638.statevalue,uNorth Dakota,North Dakota
34022.county,Avekry,Avery
17611.statevalue,Kanas,Kansas
37254.county,Hacock,Hancock
44195.county,amilton,Hamilton
13436.county,Mogran,Morgan
16309.statevalue,Kanssa,Kansas
37597.statevalue,Ohico,Ohio
32491.statevalue,New exico,New Mexico
31156.statevalue,Nebraka,Nebraska
46470.county,Dimmti,Dimmit
50278.statevalue,Utlah,Utah
11238.county,Hardn,Hardin
8766.county,Morgna,Morgan
35081.county,Nansh,Nash
7937.statevalue,Gesorgia,Georgia
42609.statevalue,jSouth Dakota,South Dakota
33485.county,Owego,Oswego
3913.statevalue,Calitfornia,California
42443.statevalue,Soxuth Dakota,South Dakota
5309.statevalue,olorado,Colorado
1250.county,Anchtorage,Anchorage
5863.statevalue,lorida,Florida
53194.county,Cowlxitz,Cowlitz
2462.county,Hot Sprimng,Hot Spring
36744.statevalue,Oho,Ohio
12019.statevalue,Illinyois,Illinois
20109.county,Calcaseu,Calcasieu
14450.county,Chickasxaw,Chickasaw
22892.county,Leanwee,Lenawee
2863.county,Peryr,Perry
28220.county,aReynolds,Reynolds
52547.statevalue,Virfginia,Virginia
42162.county,Lexingtokn,Lexington
35158.statevalue,Nroth Carolina,North Carolina
10535.county,Shioshone,Shoshone
21927.statevalue,aMssachusetts,Massachusetts
26475.county,arren,Warren
33968.county,Alleghabny,Alleghany
49325.statevalue,Txeas,Texas
7119.statevalue,Gergia,Georgia
15734.statevalue,Ioaw,Iowa
55607.county,iPerce,Pierce
42614.statevalue,Southp Dakota,South Dakota
27071.county,Colpe,Cole
13450.statevalue,Inzdiana,Indiana
53123.county,qChelan,Chelan
35051.statevalue,wNorth Carolina,North Carolina
31127.statevalue,Nebrska,Nebraska
21481.statevalue,Marylband,Maryland
37947.statevalue,Ohoi,Ohio
27080.county,Coovper,Cooper
47627.statevalue,Temxas,Texas
49271.statevalue,Texads,Texas
17387.county,Rsuh,Rush
56228.county,Johnsogn,Johnson
28517.statevalue,Mrissouri,Missouri
16230.county,Crsawford,Crawford
23551.county,Wexofrd,Wexford
22225.county,Bya,Bay
46118.statevalue,Texsa,Texas
48814.statevalue,Texsa,Texas
15133.county,Linn***,Linn
22723.statevalue,Michian,Michigan
21941.statevalue,Massjachusetts,Massachusetts
34115.statevalue,North Carlolina,North Carolina
14057.county,Wyayne,Wayne
10591.statevalue,Idaoh,Idaho
37890.statevalue,hio,Ohio
50825.statevalue,Virgiknia,Virginia
21230.county,Lqincoln,Lincoln
47368.statevalue,Texsa,Texas
13406.county,Mnoroe,Monroe
51511.statevalue,Vzirginia,Virginia
7165.county,Bullcoh,Bulloch
39384.county,Ponttooc,Pontotoc
49083.statevalue,Texnas,Texas
34460.county,Dave,Davie
16231.statevalue,Kaxnsas,Kansas
36437.county,Rloette,Rolette
32121.statevalue,New Jesrey,New Jersey
1991.statevalue,Arksansas,Arkansas
55039.statevalue,Wiscosin,Wisconsin
38828.statevalue,Oklahma,Oklahoma
41880.statevalue,South Caprolina,South Carolina
5719.county,Bakre,Baker
16068.county,Chautauqupa,Chautauqua
32538.county,Mckiney,Mckinley
32201.county,Unlion,Union
35559.statevalue,North Caroina,North Carolina
27327.county,Harrsion,Harrison
1053.county,Shealby,Shelby
16250.county,Decautr,Decatur
9665.county,Whiet,White
1833.county,Nacvajo,Navajo
43587.statevalue,South akota,South Dakota
3876.county,Sacramenot,Sacramento
9108.county,chley,Schley
42365.statevalue,Sotuh Carolina,South Carolina
5346.statevalue,Coljorado,Colorado
14532.county,Ckrawford,Crawford
31811.county,Straford,Strafford
3518.statevalue,Calzifornia,California
35665.statevalue,North Carolna,North Carolina
3277.statevalue,Califonria,California
5274.statevalue,olorado,Colorado
12348.statevalue,Ililnois,Illinois
15028.county,Jeferson,Jefferson
7457.county,Clinhc,Clinch
50150.county,organ,Morgan
52140.county,Sheanndoah,Shenandoah
27338.county,Harrison***,Harrison
52307.statevalue,Virgiinia,Virginia
32832.statevalue,NewY ork,New York
41834.county,Clarentdon,Clarendon
21476.statevalue,Maryladn,Maryland
18646.statevalue,Kentucyk,Kentucky
12828.statevalue,Indinaa,Indiana
28401.county,Scot,Scott
25828.county,Larence,Lawrence
4696.statevalue,Coloraod,Colorado
18536.county,Gtraves,Graves
9194.statevalue,Georgiga,Georgia
16330.county,Ek,Elk
46771.county,Freestonge,Freestone
7235.statevalue,wGeorgia,Georgia
17923.county,aBoone,Boone
23519.county,Washtnaw,Washtenaw
35427.county,tanly,Stanly
36333.statevalue,North Dafkota,North Dakota
13908.county,Unon,Union
51030.county,tCharlotte,Charlotte
7783.county,Echrols,Echols
27076.statevalue,Missouir,Missouri
51050.statevalue,Viginia,Virginia
8223.county,eard,Heard
18032.county,Breckinidge,Breckinridge
372.statevalue,Aabama,Alabama
21138.statevalue,Manie,Maine
33104.statevalue,New Yok,New York
8634.statevalue,Gergia,Georgia
53524.county,Pendm Oreille,Pend Oreille
2920.county,Ponisett,Poinsett
19079.statevalue,Kentucqky,Kentucky
17894.statevalue,Kentuckry,Kentucky
19287.county,ercer,Mercer
4627.county,Duolores,Dolores
23057.county,cMenominee,Menominee
47291.statevalue,Txas,Texas
4910.statevalue,Coorado,Colorado
36039.statevalue,North Dakoat,North Dakota
46748.county,Frankiln,Franklin
33823.statevalue,fNew York,New York
30873.statevalue,Nvebraska,Nebraska
4206.statevalue,Californa,California
15022.statevalue,Ioaw,Iowa
27295.county,Greenve,Greene
55736.statevalue,iWsconsin,Wisconsin
49589.statevalue,exas,Texas
12856.statevalue,Indiaan,Indiana
49047.county,Schlleicher,Schleicher
41557.statevalue,Rhode Isladn,Rhode Island
29575.statevalue,Montna,Montana
49562.statevalue,exas,Texas
56251.statevalue,Wyboming,Wyoming
29560.county,Tetn,Teton
873.county,Moblie,Mobile
31876.statevalue,New Jersy,New Jersey
42137.county,Laujrens,Laurens
2621.county,Lee***,Lee
24841.statevalue,Minnesota***,Minnesota
44555.statevalue,Tnenessee,Tennessee
18022.statevalue,Kntucky,Kentucky
10504.county,Pyaette,Payette
41047.county,McfKean,McKean
40971.statevalue,Pennsylvana,Pennsylvania
44898.county,Reha,Rhea
11400.county,Johnsn,Johnson
38737.statevalue,Oklaheoma,Oklahoma
35021.statevalue,North Carolian,North Carolina
40004.statevalue,Oreogn,Oregon
15982.county,Bartomn,Barton
22354.statevalue,Michgian,Michigan
36641.statevalue,Norith Dakota,North Dakota
1337.county,Faibranks North Star,Fairbanks North Star
3009.statevalue,Arkanssa,Arkansas
22389.statevalue,Mqichigan,Michigan
48508.statevalue,exas,Texas
17280.county,Rawlns,Rawlins
12658.county,linton,Clinton
11718.statevalue,Ililnois,Illinois
55917.county,Wlaworth,Walworth
24611.county,Pipestodne,Pipestone
15833.county,inneshiek,Winneshiek
48152.statevalue,Teaxs,Texas
29757.county,Blane,Blaine
42589.statevalue,oSuth Dakota,South Dakota
38338.statevalue,Oklhaoma,Oklahoma
22944.county,Mackinca,Mackinac
21557.county,Fredericpk,Frederick
54368.statevalue,West Virginai,West Virginia
45187.county,VanBuren,Van Buren
6787.statevalue,Flroida,Florida
26972.county,hariton,Chariton
5304.county,Routwt,Routt
12277.county,Wabajsh,Wabash
32275.county,Cibla,Cibola
41162.county,Nortahmpton,Northampton
50735.statevalue,Virginioa,Virginia
13064.statevalue,ndiana,Indiana
14578.statevalue,Ionwa,Iowa
4399.statevalue,olorado,Colorado
46004.county,Chilrdress,Childress
35672.statevalue,Northq Carolina,North Carolina
23329.statevalue,iMchigan,Michigan
50613.statevalue,Vremont,Vermont
3183.statevalue,gArkansas,Arkansas
16758.statevalue,Kansaws,Kansas
44641.statevalue,Tenessee,Tennessee
30256.statevalue,Nebarska,Nebraska
32910.county,Cayugna,Cayuga
5555.statevalue,Connceticut,Connecticut
7021.statevalue,Gyeorgia,Georgia
14404.statevalue,Ioa,Iowa
52672.county,Hopewdell City,Hopewell City
42704.statevalue,South Daota,South Dakota
39285.county,Osgae,Osage
7065.statevalue,Geoirgia,Georgia
9490.county,Uxpson,Upson
3271.county,Ylel,Yell
37271.county,Hahrdin,Hardin
50784.county,Arlinton,Arlington
46824.statevalue,Teas,Texas
7812.county,Efifngham,Effingham
10438.statevalue,daho,Idaho
11620.county,McHerny,McHenry
27964.statevalue,Missourbi,Missouri
2921.statevalue,Akansas,Arkansas
15644.county,ama,Tama
10074.statevalue,Idaoh,Idaho
42524.statevalue,South Dkaota,South Dakota
2.county,Autaugta,Autauga
9022.county,Rzabun,Rabun
53847.county,Brooek,Brooke
47101.county,Hardehman,Hardeman
34061.county,Bertei,Bertie
48741.county,ains,Rains
12161.statevalue,lIlinois,Illinois
25510.county,Grneada,Grenada
48001.county,Livek Oak,Live Oak
13726.statevalue,Iniana,Indiana
9522.statevalue,Georjgia,Georgia
51427.statevalue,Virgina,Virginia
54226.county,Masrhall,Marshall
4506.county,Clear Craeek,Clear Creek
16594.county,arper,Harper
34792.statevalue,NorthCarolina,North Carolina
40401.county,eBrks,Berks
50722.statevalue,rVirginia,Virginia
52580.county,Frankli nCity,Franklin City
55304.statevalue,Wsiconsin,Wisconsin
30383.statevalue,Nebraskba,Nebraska
10597.statevalue,Iaho,Idaho
15218.county,aMhaska,Mahaska
53409.statevalue,Wasihngton,Washington
4151.county,onoma,Sonoma
8198.county,art,Hart
34924.statevalue,Nrth Carolina,North Carolina
33433.statevalue,Nw York,New York
47821.statevalue,eTxas,Texas
35754.county,Barnse,Barnes
15283.statevalue,Ioaw,Iowa
26760.county,Boallinger,Bollinger
11259.county,Henerson,Henderson
29573.county,Tetn,Teton
48909.statevalue,eTxas,Texas
11715.county,Maron,Marion
42815.county,Emunds,Edmunds
14273.statevalue,Iozwa,Iowa
37500.statevalue,Oho,Ohio
12868.statevalue,tIndiana,Indiana
18295.statevalue,Knetucky,Kentucky
27340.statevalue,Missouri***,Missouri
45825.county,Cladwell,Caldwell
35701.statevalue,North Carolna,North Carolina
51892.county,Patirck,Patrick
36157.county,Loggan,Logan
17676.county,Wabaunshee,Wabaunsee
41695.county,Branwell,Barnwell
2104.county,Clarfk,Clark
34438.statevalue,Nroth Carolina,North Carolina
25292.county,Choctacw,Choctaw
27092.county,Crawfortd,Crawford
16748.county,ingman,Kingman
33895.statevalue,New Yokr,New York
38055.statevalue,Oio,Ohio
46637.county,Falkls,Falls
19608.statevalue,eKntucky,Kentucky
3910.county,San eBrnardino,San Bernardino
34757.statevalue,North Carolian,North Carolina
49058.county,Scrry,Scurry
3772.county,Nlapa,Napa
1243.county,mAnchorage,Anchorage
55485.statevalue,Wiscnosin,Wisconsin
5904.county,Columblia,Columbia
39984.statevalue,Oreon,Oregon
9575.statevalue,Geogria,Georgia
5065.county,Mfofat,Moffat
44220.statevalue,Tennessee***,Tennessee
51248.county,Frankln,Franklin
6346.statevalue,Flrida,Florida
13686.statevalue,Indiyana,Indiana
35692.county,Wilason,Wilson
34543.county,Fanklin,Franklin
6111.county,Hrdee,Hardee
4744.statevalue,Coolrado,Colorado
52535.statevalue,Viorginia,Virginia
42717.statevalue,South Dakoat,South Dakota
55647.county,Portxage,Portage
34047.statevalue,Nort hCarolina,North Carolina
19472.county,Owne,Owen
798.statevalue,Alabamha,Alabama
972.statevalue,Alaabma,Alabama
31813.statevalue,New Hyampshire,New Hampshire
55990.county,aupaca,Waupaca
14689.county,ayette,Fayette
34080.statevalue,North Carolia,North Carolina
24366.statevalue,Mnnesota,Minnesota
16833.county,Licoln,Lincoln
43594.county,ankton,Yankton
26153.county,Ptike,Pike
46864.county,Gillespe,Gillespie
53900.statevalue,est Virginia,West Virginia
11865.county,Moultrtie,Moultrie
48367.county,Mongtomery,Montgomery
23770.county,Chippwa,Chippewa
46642.statevalue,Teas,Texas
32825.county,Ajlbany,Albany
12792.county,Duobis,Dubois
53178.statevalue,Washingtton,Washington
16583.statevalue,Kasnas,Kansas
12126.statevalue,lIlinois,Illinois
32014.statevalue,New Jerspey,New Jersey
36343.county,ierce,Pierce
25396.county,Coiah,Copiah
42093.county,Kerhaw,Kershaw
18429.county,Fuloyd,Floyd
51998.county,ulaski,Pulaski
21709.statevalue,Marylad,Maryland
42167.statevalue,South Carolnia,South Carolina
39947.county,Josephien,Josephine
41462.statevalue,Pennsylavnia,Pennsylvania
48803.statevalue,exas,Texas
8155.statevalue,Georgpia,Georgia
3962.county,San Joaxquin,San Joaquin
5896.county,Columbiaa,Columbia
44294.county,Hawood,Haywood
24504.statevalue,innesota,Minnesota
35602.county,Warrren,Warren
39596.county,ashington,Washington
2401.statevalue,Arkasas,Arkansas
40307.county,Andams,Adams
34683.statevalue,North arolina,North Carolina
38058.county,Summti,Summit
18338.statevalue,Kentukcy,Kentucky
13346.statevalue,Idniana,Indiana
36375.statevalue,North Datkota,North Dakota
19635.statevalue,Kentuccky,Kentucky
43468.statevalue,Sotuh Dakota,South Dakota
4679.statevalue,Coloragdo,Colorado
42678.statevalue,Souvth Dakota,South Dakota
6046.county,Gilchist,Gilchrist
36826.statevalue,jOhio,Ohio
53855.statevalue,West Vriginia,West Virginia
20171.county,Catahula,Catahoula
25409.county,Covinguton,Covington
40562.county,Chesetr,Chester
14691.county,ayette,Fayette
52666.county,Harrdisonburg City,Harrisonburg City
44704.county,eMigs,Meigs
7583.statevalue,Georlgia,Georgia
4717.statevalue,olorado,Colorado
6791.county,Taaylor,Taylor
35319.statevalue,North Caroilna,North Carolina
47342.county,Hkouston,Houston
45382.county,Aansas,Aransas
49177.county,Stpehens,Stephens
33093.statevalue,NewY ork,New York
30579.statevalue,Nebryaska,Nebraska
12829.statevalue,ndiana,Indiana
25091.county,Wkinona,Winona
11740.statevalue,Illimnois,Illinois
53192.statevalue,Washignton,Washington
33480.statevalue,New tYork,New York
8716.county,onroe,Monroe
10233.county,Gme,Gem
5017.statevalue,Coleorado,Colorado
11551.county,Lee***,Lee
44813.county,Ovrton,Overton
49797.county,Wse,Wise
35039.statevalue,Neorth Carolina,North Carolina
24002.county,Goodue,Goodhue
14556.county,Dallsa,Dallas
62.statevalue,Alabaa,Alabama
45169.statevalue,ennessee,Tennessee
22976.county,Manisee,Manistee
54073.statevalue,West Virgnia,West Virginia
23953.statevalue,pMinnesota,Minnesota
51327.county,Goocchland,Goochland
35690.county,Wilon,Wilson
2995.statevalue,Arkanas,Arkansas
8067.county,reene,Greene
28974.statevalue,Montnaa,Montana
48852.county,sRefugio,Refugio
50564.county,Oruange,Orange
30899.county,Perkilns,Perkins
51001.county,Charles ity,Charles City
46210.county,oryell,Coryell
56152.county,Craook,Crook
28010.statevalue,Missouir,Missouri
5080.county,wMontezuma,Montezuma
34642.county,reene,Greene
35678.statevalue,Northt Carolina,North Carolina
1138.statevalue,Albama,Alabama
11333.county,Jasepr,Jasper
25531.county,Hvancock,Hancock
25734.county,ones,Jones
15557.statevalue,Iwoa,Iowa
42159.statevalue,Soutph Carolina,South Carolina
36007.county,Foter,Foster
52276.statevalue,Virginai,Virginia
2366.statevalue,Alrkansas,Arkansas
55813.statevalue,Wiscosnin,Wisconsin
8324.county,Jeff Dvais,Jeff Davis
12220.county,Stepdhenson,Stephenson
34018.statevalue,North Caolina,North Carolina
9852.statevalue,Idhao,Idaho
14396.county,edar,Cedar
6859.statevalue,Forida,Florida
35160.statevalue,North Carolian,North Carolina
21871.county,Dueks,Dukes
48330.statevalue,Texsa,Texas
24883.county,Skteele,Steele
13975.county,Wbaash,Wabash
6939.statevalue,Geogria,Georgia
9105.statevalue,Georiga,Georgia
1625.statevalue,Alasak,Alaska
14838.county,ancock,Hancock
50395.statevalue,Utxah,Utah
19583.county,Pulvaski,Pulaski
974.county,mPike,Pike
41806.county,Czhester,Chester
38337.county,uBeaver,Beaver
10397.county,kLincoln,Lincoln
27561.county,Lafaytte,Lafayette
55278.county,Jneau,Juneau
3525.statevalue,Californiba,California
28187.county,Ranjdolph,Randolph
45149.statevalue,Ttennessee,Tennessee
877.statevalue,lAabama,Alabama
22309.statevalue,Mihcigan,Michigan
52484.statevalue,irginia,Virginia
22463.county,Dickionson,Dickinson
33057.county,Dutchesus,Dutchess
21737.county,Tablot,Talbot
32595.county,Quya,Quay
37068.county,Ere,Erie
30413.county,Hamilotn,Hamilton
11216.statevalue,llinois,Illinois
3205.county,ashington,Washington
32495.county,Los Alzamos,Los Alamos
17316.county,epublic,Republic
40796.county,sFranklin,Franklin
35706.county,Yadkain,Yadkin
16709.statevalue,fKansas,Kansas
23217.county,Oceaa,Oceana
39669.county,Blaker,Baker
3154.county,Stne,Stone
30393.county,all,Hall
9666.statevalue,Geyorgia,Georgia
9258.statevalue,Gerogia,Georgia
7175.statevalue,Georgaia,Georgia
33723.county,Steubn,Steuben
37097.statevalue,dOhio,Ohio
3050.statevalue,Akansas,Arkansas
45934.county,Css,Cass
27939.statevalue,Missougri,Missouri
18079.county,Caldswell,Caldwell
21274.statevalue,Manie,Maine
34504.statevalue,vNorth Carolina,North Carolina
52218.statevalue,iVirginia,Virginia
31881.county,Burlingtoin,Burlington
47454.county,Jakc,Jack
42018.statevalue,SouthC arolina,South Carolina
53193.statevalue,Washingtno,Washington
23032.statevalue,iMchigan,Michigan
29993.county,Cslay,Clay
30573.county,earney,Kearney
37763.statevalue,hio,Ohio
23440.county,choolcraft,Schoolcraft
34261.county,Chvatham,Chatham
45569.county,Bell***,Bell
39414.county,Puoshmataha,Pushmataha
18782.county,Jefferslon,Jefferson
18921.county,Lawxrence,Lawrence
44545.county,Lincln,Lincoln
23451.statevalue,Mihigan,Michigan
3130.county,Sevir,Sevier
6559.statevalue,Floraida,Florida
46675.statevalue,Teaxs,Texas
51126.statevalue,Virignia,Virginia
47625.statevalue,Texs,Texas
4466.statevalue,Colrado,Colorado
27190.statevalue,Missourbi,Missouri
24826.county,Sherburen,Sherburne
13596.county,oPrter,Porter
16394.statevalue,Kansbas,Kansas
14174.county,Appaonose,Appanoose
52743.statevalue,Virginiia,Virginia
40086.statevalue,regon,Oregon
45096.county,Sumenr,Sumner
40113.county,Multnopmah,Multnomah
509.county,Fayettte,Fayette
13178.statevalue,Idiana,Indiana
40927.statevalue,Pennsylvanyia,Pennsylvania
12766.county,Deaware,Delaware
15529.statevalue,Iowwa,Iowa
45357.county,Andresw,Andrews
32946.statevalue,New Yonrk,New York
595.county,Henyr,Henry
12758.county,De aKlb,De Kalb
1340.county,Fairbansk North Star,Fairbanks North Star
21807.statevalue,aryland,Maryland
23228.statevalue,Michign,Michigan
39393.county,Pottwatomie,Pottawatomie
24225.county,La Qui Parle,Lac Qui Parle
48719.statevalue,exas,Texas
25265.county,Carroll***,Carroll
50287.county,Summit***,Summit
28616.county,Webester,Webster
2850.county,Ouachiita,Ouachita
52550.statevalue,Virgqinia,Virginia
12129.statevalue,Illiois,Illinois
52088.statevalue,Virinia,Virginia
1873.county,Sanota Cruz,Santa Cruz
1908.statevalue,Aizona,Arizona
49480.statevalue,exas,Texas
462.statevalue,Albama,Alabama
26309.county,Stoen,Stone
44848.county,Pcikett,Pickett
41317.statevalue,Pnnsylvania,Pennsylvania
17543.statevalue,ansas,Kansas
5578.county,New Londn,New London
18410.statevalue,yKentucky,Kentucky
30710.statevalue,Neraska,Nebraska
29603.statevalue,Montaan,Montana
32400.statevalue,New Mxico,New Mexico
46804.county,Gaiones,Gaines
11480.county,Knxo,Knox
11552.statevalue,Illnois,Illinois
52002.statevalue,Vriginia,Virginia
5118.county,Moran,Morgan
51933.statevalue,Vigrinia,Virginia
52706.statevalue,Virpginia,Virginia
51269.statevalue,Vrginia,Virginia
45789.county,Burlesno,Burleson
38617.statevalue,Oklaoma,Oklahoma
23741.statevalue,innesota,Minnesota
6084.statevalue,Flroida,Florida
17021.county,Montgoery,Montgomery
29706.statevalue,Nebrasak,Nebraska
48646.statevalue,Texsa,Texas
8467.statevalue,Georgsia,Georgia
44361.statevalue,ennessee,Tennessee
54793.statevalue,Wsiconsin,Wisconsin
7694.statevalue,Georgai,Georgia
4449.statevalue,Coloado,Colorado
32720.county,Serra,Sierra
32040.county,Mecrer,Mercer
8016.statevalue,Gerorgia,Georgia
43841.county,pClaiborne,Claiborne
55899.county,Vivlas,Vilas
46613.statevalue,Txeas,Texas
42770.county,Dpewey,Dewey
13973.statevalue,Indaina,Indiana
11374.statevalue,Illinoiqs,Illinois
44653.county,arion,Marion
25072.county,Wilkn,Wilkin
54628.statevalue,West Virignia,West Virginia
8765.statevalue,Geogria,Georgia
7713.statevalue,Gerogia,Georgia
4527.county,Coneojs,Conejos
6973.statevalue,Gorgia,Georgia
19286.county,Mercewr,Mercer
32135.county,aSlem,Salem
13289.statevalue,Idniana,Indiana
7058.statevalue,Goergia,Georgia
36332.county,Pembiina,Pembina
17151.statevalue,Kanseas,Kansas
17386.county,Ruh,Rush
32257.statevalue,New Meico,New Mexico
43925.county,Cumbkerland,Cumberland
15156.statevalue,owa,Iowa
26364.statevalue,Mississpipi,Mississippi
15417.county,Pae,Page
28088.statevalue,Missoauri,Missouri
36244.county,ercer,Mercer
46506.county,Dval,Duval
9333.statevalue,Georgpia,Georgia
48643.statevalue,Texads,Texas
47985.statevalue,Texaks,Texas
22869.statevalue,ichigan,Michigan
28221.statevalue,Missoursi,Missouri
36618.statevalue,Nroth Dakota,North Dakota
8006.statevalue,Georiga,Georgia
20753.statevalue,ouisiana,Louisiana
38139.county,VanWert,Van Wert
54142.county,Lewsi,Lewis
5670.statevalue,Delawaer,Delaware
15210.statevalue,Iwoa,Iowa
20373.county,bIerville,Iberville
21826.statevalue,Masschusetts,Massachusetts
45133.county,Trbousdale,Trousdale
9822.statevalue,Hawaii***,Hawaii
14878.statevalue,Iqowa,Iowa
23833.statevalue,Mcinnesota,Minnesota
37290.statevalue,Oiho,Ohio
2460.statevalue,Arkeansas,Arkansas
40351.statevalue,Pennsylvanai,Pennsylvania
50189.statevalue,tah,Utah
15288.county,Mitcehll,Mitchell
51827.statevalue,Vigrinia,Virginia
23802.statevalue,Myinnesota,Minnesota
32566.county,Oetro,Otero
27280.statevalue,Missori,Missouri
20692.statevalue,Louisiaan,Louisiana
52811.county,NorfolkC ity,Norfolk City
11670.county,acoupin,Macoupin
20060.statevalue,oLuisiana,Louisiana
717.county,Lcawrence,Lawrence
54304.county,Mincgo,Mingo
11812.county,Moroe,Monroe
50387.county,Wanye,Wayne
39770.county,Crok,Crook
45106.county,bSumner,Sumner
28211.county,Reynods,Reynolds
17573.county,Stuanton,Stanton
26353.county,Tae,Tate
28376.statevalue,Misosuri,Missouri
54033.statevalue,West Virgniia,West Virginia
29326.county,iPondera,Pondera
29222.county,Minerl,Mineral
6072.statevalue,Florisda,Florida
48724.statevalue,Tekxas,Texas
54915.county,Cihppewa,Chippewa
18782.statevalue,Kentucy,Kentucky
17298.county,eno,Reno
32037.county,Mercejr,Mercer
29563.statevalue,Montzana,Montana
5921.statevalue,Floirda,Florida
26920.statevalue,Missori,Missouri
10824.county,Calrk,Clark
21349.county,Washingtno,Washington
15342.county,ontgomery,Montgomery
44881.statevalue,Tenfnessee,Tennessee
51627.statevalue,Virginai,Virginia
51908.statevalue,tVirginia,Virginia
14138.county,gAdams,Adams
19269.statevalue,Kentcuky,Kentucky
26158.statevalue,Mississippi***,Mississippi
47914.statevalue,Texaqs,Texas
53588.statevalue,Wiashington,Washington
29826.county,Bovyd,Boyd
35883.statevalue,oNrth Dakota,North Dakota
41604.statevalue,South aCrolina,South Carolina
7578.county,oCweta,Coweta
24102.county,Isani,Isanti
49267.statevalue,Texs,Texas
37023.county,Dearke,Darke
53698.county,sWalla Walla,Walla Walla
50816.statevalue,Vlirginia,Virginia
22321.county,Charlevoxi,Charlevoix
25885.statevalue,Mississipi,Mississippi
38790.statevalue,Obklahoma,Oklahoma
17754.county,oWodson,Woodson
25037.county,Washngton,Washington
32888.statevalue,Newy York,New York
18420.county,Flyd,Floyd
41263.county,Schylkill,Schuylkill
39356.statevalue,klahoma,Oklahoma
17350.statevalue,Knasas,Kansas
7942.county,Frnaklin,Franklin
19220.statevalue,Kentcuky,Kentucky
14435.statevalue,oIwa,Iowa
42668.statevalue,Sotuh Dakota,South Dakota
17624.statevalue,aKnsas,Kansas
14483.statevalue,owa,Iowa
53521.statevalue,Washignton,Washington
41748.statevalue,South Caolina,South Carolina
30810.county,ance,Nance
14801.county,Guthre,Guthrie
44157.county,Gerundy,Grundy
20160.county,Caemron,Cameron
14038.county,Wahington,Washington
13349.county,aMrshall,Marshall
27841.statevalue,issouri,Missouri
4161.county,Stzanislaus,Stanislaus
7117.county,Brnatley,Brantley
38682.county,Ellvis,Ellis
45737.county,riscoe,Briscoe
5262.county,RioBlanco,Rio Blanco
41312.statevalue,Pennsylvania***,Pennsylvania
52301.county,Washignton,Washington
5580.county,New eLondon,New London
44347.statevalue,Tensnessee,Tennessee
15256.statevalue,Iowka,Iowa
2242.county,Crittendne,Crittenden
46766.statevalue,kTexas,Texas
20459.statevalue,Loisiana,Louisiana
26089.statevalue,Mississippi***,Mississippi
16584.county,Harpber,Harper
27083.statevalue,Missourfi,Missouri
49727.county,Wizllacy,Willacy
53371.statevalue,Wasbhington,Washington
24450.county,Mowaer,Mower
53838.statevalue,West Vigrinia,West Virginia
10038.statevalue,Idraho,Idaho
37227.county,amilton,Hamilton
38368.statevalue,Okdlahoma,Oklahoma
42262.county,Ocyonee,Oconee
2044.statevalue,Arkanspas,Arkansas
49300.county,aTylor,Taylor
53505.county,Pacifigc,Pacific
50214.county,Salt aLke,Salt Lake
5488.statevalue,Connectciut,Connecticut
7498.statevalue,eorgia,Georgia
16091.statevalue,Kansays,Kansas
52167.county,Southamptn,Southampton
48684.county,Plok,Polk
27841.county,Monnroe,Monroe
7595.statevalue,Gerogia,Georgia
46519.county,Estland,Eastland
10255.statevalue,Idjaho,Idaho
47207.statevalue,Texsa,Texas
32890.statevalue,New Yrok,New York
52755.statevalue,Virgiia,Virginia
22345.statevalue,Michhigan,Michigan
37887.county,ortage,Portage
34895.county,Lnoir,Lenoir
31460.county,Eurekva,Eureka
48179.county,artin,Martin
26568.county,inston,Winston
19244.statevalue,Knetucky,Kentucky
1560.county,Skagway Honah Angoon,Skagway Hoonah Angoon
51693.statevalue,Virinia,Virginia
21165.statevalue,Mane,Maine
21038.county,Wes Baton Rouge,West Baton Rouge
29868.statevalue,Nebrska,Nebraska
27250.county,Frhanklin,Franklin
20526.county,Madisno,Madison
24389.statevalue,Minnseota,Minnesota
44000.county,Dicbkson,Dickson
24905.county,Stevnes,Stevens
40405.statevalue,Pennsylvania***,Pennsylvania
52440.county,Charlotetsville City,Charlottesville City
45905.county,Carsaon,Carson
25787.statevalue,Mississipi,Mississippi
9878.county,aBnnock,Bannock
34421.county,aDre,Dare
23870.county,Crwo Wing,Crow Wing
55971.county,Wauesha,Waukesha
9255.county,Tattnsall,Tattnall
17287.county,Reino,Reno
39942.county,Jefferspon,Jefferson
46161.statevalue,yTexas,Texas
29164.county,McCnoe,McCone
35820.county,ottineau,Bottineau
46481.county,Donely,Donley
31152.county,Sheran,Sherman
19724.county,Spncer,Spencer
12011.county,Puqtnam,Putnam
42346.statevalue,Soputh Carolina,South Carolina
35654.county,Wanye,Wayne
23553.county,Wexforgd,Wexford
33265.county,Livingson,Livingston
38392.county,Biryan,Bryan
37321.statevalue,hio,Ohio
50432.county,Addson,Addison
39216.statevalue,Oklahmoa,Oklahoma
48754.county,Randpall,Randall
8792.statevalue,Gedorgia,Georgia
9620.county,Webstler,Webster
31699.statevalue,Nesw Hampshire,New Hampshire
17152.county,sage,Osage
40064.statevalue,Oregno,Oregon
9289.statevalue,Goergia,Georgia
55077.county,EauC laire,Eau Claire
8757.county,Mogan,Morgan
55753.statevalue,Wisconksin,Wisconsin
40001.statevalue,Opregon,Oregon
23881.county,Crow tWing,Crow Wing
42677.county,Codnigton,Codington
39713.county,latsop,Clatsop
11908.statevalue,llinois,Illinois
17829.statevalue,Kentuky,Kentucky
56196.statevalue,Wymoing,Wyoming
22282.county,Blranch,Branch
33633.county,Saratogxa,Saratoga
42773.county,Deewy,Dewey
33448.county,Ocrange,Orange
4231.statevalue,Califrnia,California
10541.county,Shoshonve,Shoshone
44771.statevalue,Tennesee,Tennessee
2572.county,Johnsn,Johnson
51304.county,Glowucester,Gloucester
35567.statevalue,North Carolian,North Carolina
46945.county,Garyson,Grayson
52059.statevalue,xVirginia,Virginia
39756.statevalue,Oregn,Oregon
36953.county,Colufmbiana,Columbiana
495.statevalue,Aalbama,Alabama
28846.county,Danels,Daniels
21285.statevalue,Mraine,Maine
38245.county,Woozd,Wood
36484.county,Sehridan,Sheridan
33907.county,Wyomirng,Wyoming
10117.county,Clak,Clark
18991.statevalue,Kentucsky,Kentucky
5075.statevalue,olorado,Colorado
54572.statevalue,Westb Virginia,West Virginia
13668.county,Randlph,Randolph
6841.county,Wakulal,Wakulla
48973.county,San Augustcine,San Augustine
50079.county,Irn,Iron
30546.statevalue,Nberaska,Nebraska
10294.statevalue,daho,Idaho
17136.statevalue,Knasas,Kansas
15452.statevalue,owa,Iowa
20395.county,Jeffreson,Jefferson
143.county,Clahoun,Calhoun
5839.county,Cyitrus,Citrus
53688.county,ahkiakum,Wahkiakum
48192.statevalue,Terxas,Texas
1391.county,Kneai Peninsula,Kenai Peninsula
11335.statevalue,Illinobis,Illinois
44032.statevalue,Tennesseze,Tennessee
19642.statevalue,Kentcuky,Kentucky
32427.county,Hadring,Harding
18134.county,Crlisle,Carlisle
6130.statevalue,Flordia,Florida
35313.county,lRichmond,Richmond
28199.statevalue,Missoursi,Missouri
20164.county,Cateahoula,Catahoula
35476.county,Srury,Surry
42142.county,Lene,Lee
32712.county,Sierara,Sierra
33306.statevalue,Nwe York,New York
46282.county,Cosby,Crosby
3155.county,tone,Stone
11294.county,Iroquios,Iroquois
29544.statevalue,eMontana,Montana
5430.county,Waszhington,Washington
21437.county,Bacltimore,Baltimore
14819.statevalue,owa,Iowa
32769.county,Torracne,Torrance
18775.county,Jzefferson,Jefferson
41533.county,zKent,Kent
55855.statevalue,Wiconsin,Wisconsin
56268.county,Linacoln,Lincoln
43736.statevalue,Tenessee,Tennessee
1230.county,Aleutiansq West,Aleutians West
268.county,Ceburne,Cleburne
21770.statevalue,Maryand,Maryland
1764.statevalue,Arizouna,Arizona
42050.statevalue,South Camrolina,South Carolina
30075.statevalue,Nebrsaka,Nebraska
54279.statevalue,Westj Virginia,West Virginia
35376.statevalue,Nort Carolina,North Carolina
3255.county,oodruff,Woodruff
27590.county,Lawernce,Lawrence
26447.county,Walthall***,Walthall
9912.county,Beneah,Benewah
20132.statevalue,Loiusiana,Louisiana
38573.statevalue,Olkahoma,Oklahoma
16449.statevalue,aKnsas,Kansas
33233.county,iKngs,Kings
4322.county,Aadms,Adams
45857.statevalue,exas,Texas
4011.statevalue,Caliornia,California
43108.statevalue,South Dakotxa,South Dakota
29233.county,Missoua,Missoula
8677.county,Mimller,Miller
31041.county,aline,Saline
45768.statevalue,exas,Texas
29481.county,Sandesr,Sanders
24728.statevalue,Mwinnesota,Minnesota
11499.statevalue,Ilzlinois,Illinois
54686.statevalue,WestVirginia,West Virginia
4002.county,San aMteo,San Mateo
32756.county,hTaos,Taos
41397.county,Vennago,Venango
9208.county,umter,Sumter
41230.county,Pgike,Pike
34672.county,Hlalifax,Halifax
35830.statevalue,North eDakota,North Dakota
24263.statevalue,Minnesoat,Minnesota
15601.county,Shelrby,Shelby
11894.county,rOgle,Ogle
45675.statevalue,Texs,Texas
18686.county,Hfenderson,Henderson
20896.statevalue,Loumisiana,Louisiana
22670.county,Iona,Ionia
18573.county,Graeen,Green
42901.statevalue,South Dakotka,South Dakota
37499.statevalue,Ohhio,Ohio
50575.county,Orage,Orange
23946.county,Faribautl,Faribault
14044.county,Waynue,Wayne
37507.county,Logain,Logan
5155.county,Ouay,Ouray
15998.statevalue,aKnsas,Kansas
4499.county,Cheyenne***,Cheyenne
45726.statevalue,pTexas,Texas
19512.county,Pendlton,Pendleton
41590.county,aWshington,Washington
53616.county,Sohomish,Snohomish
35716.statevalue,Nortih Carolina,North Carolina
4984.county,aLs Animas,Las Animas
34881.county,ee,Lee
33911.statevalue,Ne wYork,New York
12321.statevalue,Ililnois,Illinois
7800.statevalue,Geogria,Georgia
19085.statevalue,Kentuocky,Kentucky
5901.statevalue,Floida,Florida
26000.county,Montgmoery,Montgomery
41897.county,Dlilon,Dillon
39281.county,Osge,Osage
9210.county,Sutmer,Sumter
28270.county,tS Clair,St Clair
47618.county,arnes,Karnes
49715.statevalue,Teaxs,Texas
45947.county,astro,Castro
43595.county,Yankon,Yankton
32633.county,Roosuevelt,Roosevelt
5910.statevalue,lForida,Florida
1607.county,Waed Hampton,Wade Hampton
20672.statevalue,Lousiana,Louisiana
28589.county,Wayen,Wayne
17088.county,Nosho,Neosho
36613.county,Traifll,Traill
30830.statevalue,ebraska,Nebraska
36689.statevalue,hOio,Ohio
20891.statevalue,Louisiaan,Louisiana
18407.statevalue,Kenktucky,Kentucky
53486.county,kanogan,Okanogan
1894.statevalue,Ariznoa,Arizona
32668.statevalue,New Mxico,New Mexico
49833.statevalue,eTxas,Texas
39934.statevalue,Oresgon,Oregon
27838.county,Monrore,Monroe
12338.county,ayne,Wayne
40501.county,Cameyron,Cameron
21365.county,Washinogton,Washington
45620.county,Bordean,Borden
44607.county,Macn,Macon
24139.statevalue,Minesota,Minnesota
40789.county,Frankiln,Franklin
35323.county,Robeszon,Robeson
49606.county,Wagrd,Ward
20909.statevalue,Louiiana,Louisiana
39113.county,sMajor,Major
12606.county,Czass,Cass
23577.statevalue,iMnnesota,Minnesota
48014.statevalue,gTexas,Texas
28962.county,Gllatin,Gallatin
24397.county,Meekrer,Meeker
32706.statevalue,New Mxico,New Mexico
55347.statevalue,Wisconnsin,Wisconsin
32203.statevalue,New Jversey,New Jersey
20547.statevalue,Louiiana,Louisiana
21538.statevalue,Mryland,Maryland
25718.statevalue,Mississippi***,Mississippi
47226.county,Hempihll,Hemphill
39359.county,Pittsbubrg,Pittsburg
22007.statevalue,assachusetts,Massachusetts
10378.statevalue,dIdaho,Idaho
21210.statevalue,Maihne,Maine
9482.county,Unxion,Union
24606.statevalue,Minnsota,Minnesota
24600.statevalue,Minensota,Minnesota
43972.statevalue,Tenessee,Tennessee
40881.county,Jeffrson,Jefferson
16104.statevalue,Kansmas,Kansas
21154.statevalue,Maie,Maine
16513.county,ray,Gray
42345.county,Spartvanburg,Spartanburg
29707.statevalue,Nebrtaska,Nebraska
45189.statevalue,Tdennessee,Tennessee
15019.statevalue,owa,Iowa
18080.statevalue,eKntucky,Kentucky
37021.county,Dake,Darke
47782.county,Klebreg,Kleberg
36139.statevalue,North akota,North Dakota
31806.statevalue,Neww Hampshire,New Hampshire
10872.county,Clniton,Clinton
3784.statevalue,Caalifornia,California
6014.statevalue,Flrida,Florida
11105.statevalue,llinois,Illinois
13953.county,Vigpo,Vigo
14693.county,Ffayette,Fayette
25296.statevalue,Mississippi***,Mississippi
43924.statevalue,Telnnessee,Tennessee
11310.county,Jakson,Jackson
53989.county,Greenbrir,Greenbrier
4964.county,Lrimer,Larimer
20723.statevalue,Louisziana,Louisiana
4311.statevalue,Caxlifornia,California
47690.county,eKnt,Kent
8895.county,Pickes,Pickens
8912.statevalue,Geogria,Georgia
1133.county,Tuscalxoosa,Tuscaloosa
22016.county,Plymouuth,Plymouth
50211.county,Salt Laek,Salt Lake
53327.county,sland,Island
32063.statevalue,New Jersye,New Jersey
12577.statevalue,ndiana,Indiana
53387.statevalue,Wacshington,Washington
11137.statevalue,llinois,Illinois
52474.county,Clonial Heights City,Colonial Heights City
42332.county,Sluda,Saluda
54028.county,aHncock,Hancock
5265.statevalue,Coolrado,Colorado
30244.statevalue,Nebarska,Nebraska
16325.county,Ezdwards,Edwards
21.statevalue,Alfabama,Alabama
10997.county,Doglas,Douglas
54735.statevalue,West Virginiva,West Virginia
35360.statevalue,North Caolina,North Carolina
20610.statevalue,Louiisana,Louisiana
32277.statevalue,Ne Mexico,New Mexico
32578.county,Oteo,Otero
18658.statevalue,Kntucky,Kentucky
21395.county,Alleany,Allegany
44139.statevalue,Tenenssee,Tennessee
40887.county,Jexfferson,Jefferson
43771.county,Caroll,Carroll
9805.county,Kuai,Kauai
2017.statevalue,Arkaansas,Arkansas
54657.county,Wanye,Wayne
36559.statevalue,North aDkota,North Dakota
50383.statevalue,Uth,Utah
20019.statevalue,Louisana,Louisiana
30153.statevalue,Nebdraska,Nebraska
34070.statevalue,Norh Carolina,North Carolina
8956.statevalue,Georia,Georgia
15735.statevalue,Ikowa,Iowa
12371.county,Whitesdie,Whiteside
34027.county,Avry,Avery
35541.statevalue,NorthC arolina,North Carolina
23615.county,Beckre,Becker
25476.county,Georeg,George
56198.county,Hot iSprings,Hot Springs
51867.county,Paeg,Page
18784.statevalue,Kentuky,Kentucky
46249.statevalue,Txexas,Texas
31300.statevalue,Nebrasak,Nebraska
53045.statevalue,Virgkinia,Virginia
48527.statevalue,Txas,Texas
2149.statevalue,Arkasnas,Arkansas
52566.county,Falls kChurch City,Falls Church City
36562.county,tSutsman,Stutsman
45607.statevalue,Txas,Texas
5887.county,Colmbia,Columbia
22279.statevalue,Michian,Michigan
47675.county,Keneyd,Kenedy
53393.statevalue,Washingtn,Washington
44887.county,Putnma,Putnam
49260.county,Sjwisher,Swisher
34739.statevalue,Nvorth Carolina,North Carolina
4247.county,Tluare,Tulare
11634.county,Mclen,Mclean
45187.statevalue,Tennesksee,Tennessee
42566.statevalue,Sout hDakota,South Dakota
19143.statevalue,entucky,Kentucky
44365.county,Houstno,Houston
21491.statevalue,Marylatnd,Maryland
45159.statevalue,Tennesse,Tennessee
19590.statevalue,Kentucyk,Kentucky
23765.county,Chigppewa,Chippewa
1056.statevalue,Alabmaa,Alabama
50099.statevalue,tah,Utah
46618.county,Erarth,Erath
37688.statevalue,hio,Ohio
2224.county,Crawfrod,Crawford
27655.county,Livington,Livingston
55002.statevalue,Wiscnsin,Wisconsin
6565.statevalue,Florda,Florida
12400.county,ill,Will
1906.county,zYavapai,Yavapai
18797.county,Jessaine,Jessamine
10980.statevalue,Icllinois,Illinois
18652.county,Harison,Harrison
359.statevalue,Alaibama,Alabama
34815.statevalue,North Carlina,North Carolina
10293.county,Jeferson,Jefferson
16238.county,iDecatur,Decatur
37257.statevalue,Ohoi,Ohio
18591.county,Gresenup,Greenup
2649.county,Little Rivr,Little River
6672.statevalue,Floirda,Florida
46858.statevalue,Thexas,Texas
55650.county,ortage,Portage
19834.county,arren,Warren
38032.county,Shlby,Shelby
40204.county,Uinon,Union
33919.statevalue,Ne wYork,New York
52029.county,Richmod,Richmond
42298.statevalue,South aCrolina,South Carolina
9916.statevalue,Iaho,Idaho
3429.county,l Dorado,El Dorado
32780.statevalue,New exico,New Mexico
10183.statevalue,daho,Idaho
14292.statevalue,Ioaw,Iowa
12436.statevalue,lIlinois,Illinois
53051.county,Winhcester City,Winchester City
43153.county,Licnoln,Lincoln
46258.county,Clrane,Crane
47484.statevalue,Tlexas,Texas
41289.statevalue,Pennlsylvania,Pennsylvania
44351.county,Hickan,Hickman
38729.statevalue,Okllahoma,Oklahoma
41311.statevalue,Pennqsylvania,Pennsylvania
25020.statevalue,Minnnesota,Minnesota
44747.county,Montgomeyr,Montgomery
19633.statevalue,Kenucky,Kentucky
33352.statevalue,New Yokr,New York
15839.county,Widnneshiek,Winneshiek
54733.county,Wodo,Wood
24741.statevalue,Minnedsota,Minnesota
44727.statevalue,Tennesse,Tennessee
2539.statevalue,Arkanass,Arkansas
33777.county,Tiowga,Tioga
25557.statevalue,nMississippi,Mississippi
41522.county,Birstol,Bristol
54629.statevalue,West Virtginia,West Virginia
34021.statevalue,Nort hCarolina,North Carolina
25990.statevalue,Mississippi***,Mississippi
33061.statevalue,New Yokr,New York
41076.county,Msercer,Mercer
21217.county,Konx,Knox
4453.county,Brobomfield,Broomfield
14784.county,rGundy,Grundy
52081.statevalue,Virginai,Virginia
46360.statevalue,exas,Texas
48195.county,aMson,Mason
6163.statevalue,Flroida,Florida
36488.statevalue,orth Dakota,North Dakota
20828.statevalue,Louisiaan,Louisiana
16487.statevalue,Kanas,Kansas
44235.statevalue,Tennesse,Tennessee
48160.county,Marifon,Marion
12050.county,Richand,Richland
45236.statevalue,Tennsesee,Tennessee
33132.statevalue,New Yokr,New York
33047.county,Dlaware,Delaware
50572.county,Orage,Orange
42198.statevalue,South Carolia,South Carolina
40449.statevalue,Pkennsylvania,Pennsylvania
887.county,Muonroe,Monroe
25894.county,Lncoln,Lincoln
16496.statevalue,Kaknsas,Kansas
28690.county,Beauverhead,Beaverhead
3359.county,Clalaveras,Calaveras
26953.county,Cdar,Cedar
30294.county,Gakge,Gage
9404.statevalue,Gergia,Georgia
28839.statevalue,Motana,Montana
44621.statevalue,Tennessee***,Tennessee
52692.statevalue,Vrginia,Virginia
34961.county,Madson,Madison
34847.statevalue,North Caorlina,North Carolina
54046.county,Hadry,Hardy
47266.statevalue,Texazs,Texas
27315.statevalue,Misosuri,Missouri
37272.statevalue,Oiho,Ohio
56454.statevalue,Wyomng,Wyoming
12750.county,Dei Kalb,De Kalb
39085.statevalue,Oklahocma,Oklahoma
12622.county,lark,Clark
7827.statevalue,Georpgia,Georgia
3181.statevalue,Arkanssa,Arkansas
50389.statevalue,Uth,Utah
12511.statevalue,Indiuana,Indiana
13673.statevalue,Indiaan,Indiana
50181.county,Piuet,Piute
51070.statevalue,Virfginia,Virginia
30800.statevalue,Nebaska,Nebraska
39089.county,McnItosh,McIntosh
6597.county,asco,Pasco
33020.county,Cotrland,Cortland
43543.statevalue,South Dakobta,South Dakota
36847.county,Carorll,Carroll
31086.county,Saunderqs,Saunders
47433.statevalue,Teaxs,Texas
22684.statevalue,Michigna,Michigan
23006.statevalue,Michiagn,Michigan
51698.statevalue,Vriginia,Virginia
28990.county,Glacieor,Glacier
10826.county,Calrk,Clark
49365.county,Titsu,Titus
4683.county,Elabert,Elbert
30065.county,Dakotqa,Dakota
50697.county,bAlbemarle,Albemarle
40076.county,Matrion,Marion
42609.county,Charles dMix,Charles Mix
33755.county,Sullivapn,Sullivan
21377.statevalue,Maien,Maine
8619.statevalue,Georgai,Georgia
19651.statevalue,Kentpucky,Kentucky
6141.county,Hernanddo,Hernando
42791.county,oDuglas,Douglas
53916.statevalue,West Virginai,West Virginia
21683.statevalue,Marylzand,Maryland
44523.statevalue,Tnnessee,Tennessee
34132.statevalue,North Carolihna,North Carolina
52454.statevalue,Virinia,Virginia
42773.statevalue,Sotuh Dakota,South Dakota
33378.county,Nigaara,Niagara
14359.statevalue,oIwa,Iowa
3390.statevalue,Californai,California
44757.county,Mooer,Moore
19257.statevalue,Kentucyk,Kentucky
12634.county,lark,Clark
13199.statevalue,Indiaan,Indiana
45194.statevalue,Tenessee,Tennessee
21770.county,Wicomoico,Wicomico
23233.statevalue,Michigvan,Michigan
6522.statevalue,Floida,Florida
37545.statevalue,hio,Ohio
2701.statevalue,Arknasas,Arkansas
51790.statevalue,irginia,Virginia
2959.statevalue,Arkansats,Arkansas
6245.county,ackson,Jackson
25524.statevalue,Misssisippi,Mississippi
55444.county,Mraquette,Marquette
22155.statevalue,Mchigan,Michigan
49562.county,Waker,Walker
25590.county,Holems,Holmes
43044.county,Jakson,Jackson
14266.county,Bremr,Bremer
45049.statevalue,Tennzessee,Tennessee
11854.statevalue,Illinios,Illinois
7178.county,Bullocph,Bulloch
55606.county,Piere,Pierce
19199.statevalue,eKntucky,Kentucky
45067.county,Stewat,Stewart
13193.statevalue,Idniana,Indiana
52120.statevalue,iVrginia,Virginia
19808.county,nUion,Union
20244.statevalue,Loiusiana,Louisiana
42242.statevalue,South fCarolina,South Carolina
55008.county,Dodgse,Dodge
3862.county,Riversde,Riverside
23351.statevalue,Michigna,Michigan
22943.statevalue,Michigann,Michigan
37542.statevalue,hio,Ohio
56260.statevalue,Wymoing,Wyoming
14267.statevalue,Iwoa,Iowa
10604.statevalue,daho,Idaho
21623.statevalue,Marygland,Maryland
49144.county,Somervell***,Somervell
27977.county,Ozakr,Ozark
20107.county,Calcasiue,Calcasieu
10894.statevalue,llinois,Illinois
23719.county,Carton,Carlton
46136.statevalue,exas,Texas
18859.statevalue,Kentcuky,Kentucky
21099.statevalue,Maien,Maine
38895.county,Johnstfon,Johnston
47624.county,Krnes,Karnes
43484.statevalue,South Daktota,South Dakota
7952.statevalue,Georgria,Georgia
28594.county,Wayen,Wayne
11776.county,enard,Menard
20033.county,voyelles,Avoyelles
46703.county,Flyod,Floyd
1889.statevalue,Aizona,Arizona
12451.statevalue,Illinis,Illinois
35353.statevalue,North Carolnia,North Carolina
53454.county,Lmincoln,Lincoln
16812.county,Laen,Lane
51785.county,Niew Kent,New Kent
5351.statevalue,Coloraod,Colorado
13764.statevalue,Indianga,Indiana
5269.statevalue,Colordao,Colorado
29960.county,Cheryr,Cherry
16890.county,Lyopn,Lyon
10423.county,Mniidoka,Minidoka
3413.county,Dxel Norte,Del Norte
10620.county,ashington,Washington
42879.statevalue,Sout Dakota,South Dakota
605.statevalue,Alrabama,Alabama
4134.county,Slano,Solano
19818.statevalue,Kentcuky,Kentucky
36979.statevalue,Ohoi,Ohio
18057.statevalue,Ketnucky,Kentucky
55126.county,Fofrest,Forest
39346.statevalue,Oklahoa,Oklahoma
18649.statevalue,Kenucky,Kentucky
23593.county,nAoka,Anoka
6621.statevalue,Flordia,Florida
24387.county,Martni,Martin
537.county,Frankiln,Franklin
41345.statevalue,Penntsylvania,Pennsylvania
50638.county,Winidham,Windham
38538.county,Cal,Coal
42917.statevalue,South Dakotna,South Dakota
3567.county,Lae,Lake
15105.statevalue,Iowea,Iowa
36105.county,Hettiner,Hettinger
21656.county,Prince Georgebs,Prince Georges
21118.statevalue,Mine,Maine
55922.county,Walworkth,Walworth
49633.statevalue,exas,Texas
25176.county,Amitte,Amite
10001.statevalue,Idwaho,Idaho
8362.county,Jenkinys,Jenkins
25120.statevalue,Minnesoat,Minnesota
34269.statevalue,North Carolia,North Carolina
34000.statevalue,Noxrth Carolina,North Carolina
49027.statevalue,Texs,Texas
36041.statevalue,Nourth Dakota,North Dakota
37884.statevalue,Ohoi,Ohio
10746.county,Calhozun,Calhoun
19149.county,Madisn,Madison
21351.county,Washingtlon,Washington
2085.county,Chict,Chicot
52098.county,Rpussell,Russell
38305.county,tAoka,Atoka
22445.statevalue,Michiagn,Michigan
44434.statevalue,Tennessehe,Tennessee
50071.county,cGrand,Grand
46842.statevalue,Teas,Texas
52236.statevalue,Virpginia,Virginia
38389.county,Bryn,Bryan
54915.statevalue,Wicsonsin,Wisconsin
11177.county,Gvreene,Greene
20741.statevalue,Lousiiana,Louisiana
51787.county,Northamptovn,Northampton
38276.county,Aair,Adair
44154.county,Greezne,Greene
2397.county,Gratn,Grant
10376.statevalue,Idaoh,Idaho
23611.statevalue,Minnesoeta,Minnesota
44135.county,Grmainger,Grainger
38688.county,Garfiedl,Garfield
25461.county,Frankliln,Franklin
24419.statevalue,Minnesotka,Minnesota
29096.statevalue,ontana,Montana
29218.statevalue,ontana,Montana
42608.statevalue,Sout Dakota,South Dakota
49338.statevalue,Teas,Texas
29767.county,Blaien,Blaine
18835.statevalue,Kentucyk,Kentucky
33398.county,Oneisda,Oneida
15795.statevalue,Iwoa,Iowa
55963.county,Wauksha,Waukesha
41817.county,Cehsterfield,Chesterfield
32637.statevalue,New Mexioc,New Mexico
54786.county,Asohland,Ashland
36552.county,qSteele,Steele
1966.county,axter,Baxter
39419.county,Pushmathaa,Pushmataha
2752.county,Mliler,Miller
3479.county,Hkumboldt,Humboldt
7482.statevalue,lGeorgia,Georgia
2082.county,Chiot,Chicot
3593.statevalue,Calxifornia,California
51512.statevalue,Virgisnia,Virginia
45156.county,Unici,Unicoi
49511.county,al Verde,Val Verde
14919.county,Honward,Howard
5753.county,Bradfrd,Bradford
25277.statevalue,Misssissippi,Mississippi
41489.county,Wyomign,Wyoming
35555.statevalue,Northu Carolina,North Carolina
32607.statevalue,New Meixco,New Mexico
3318.statevalue,Claifornia,California
6533.county,Okeechocbee,Okeechobee
43317.county,oMody,Moody
4916.statevalue,Colroado,Colorado
54299.statevalue,West Virgilnia,West Virginia
940.statevalue,gAlabama,Alabama
43245.statevalue,South Dakoat,South Dakota
25465.statevalue,iMssissippi,Mississippi
25080.county,iWnona,Winona
24392.statevalue,Mnnesota,Minnesota
54005.county,Hamshire,Hampshire
49551.statevalue,Texs,Texas
12676.county,Crawforvd,Crawford
15383.county,Oxbrien,Obrien
1460.county,Noe,Nome
30931.county,Peirce,Pierce
18140.county,arlisle,Carlisle
13885.statevalue,Idiana,Indiana
46669.county,ayette,Fayette
22306.county,ass,Cass
44271.county,Hwakins,Hawkins
52530.county,Emporia Ciaty,Emporia City
20277.statevalue,Lonuisiana,Louisiana
41841.county,Clarednon,Clarendon
27563.statevalue,Misszouri,Missouri
49549.statevalue,eTxas,Texas
12152.county,Sicott,Scott
25071.statevalue,Minnesta,Minnesota
51201.statevalue,Virgilnia,Virginia
29435.county,Roosevetl,Roosevelt
26105.statevalue,Missisbsippi,Mississippi
5731.county,ay,Bay
24485.statevalue,Minneseota,Minnesota
30305.statevalue,Nebrapska,Nebraska
16293.county,Doglas,Douglas
54634.statevalue,Wesat Virginia,West Virginia
48765.county,Ragan,Reagan
14310.county,Buena Vsta,Buena Vista
33774.statevalue,New Yrok,New York
55363.statevalue,Wsiconsin,Wisconsin
25754.county,Klemper,Kemper
40213.statevalue,rOegon,Oregon
55675.statevalue,iWsconsin,Wisconsin
14371.county,Catss,Cass
20463.county,Lafoucrhe,Lafourche
36402.statevalue,North aDkota,North Dakota
45.county,Barboru,Barbour
46357.county,Dlawson,Dawson
40253.county,Washinghton,Washington
1561.statevalue,Anlaska,Alaska
15812.statevalue,Iocwa,Iowa
54163.county,Laogan,Logan
5682.county,District of Colubmia,District of Columbia
3099.county,ebastian,Sebastian
45312.statevalue,Tnnessee,Tennessee
40311.statevalue,Penwnsylvania,Pennsylvania
54050.statevalue,West Virinia,West Virginia
52198.statevalue,uVirginia,Virginia
36090.statevalue,NorthDakota,North Dakota
4736.statevalue,Colordao,Colorado
9280.county,Tyalor,Taylor
3853.county,Riversdie,Riverside
35030.county,Montfgomery,Montgomery
12507.county,Bazrtholomew,Bartholomew
25094.statevalue,Minesota,Minnesota
31183.county,Satnton,Stanton
24449.county,Moer,Mower
33831.county,Wanrren,Warren
30673.county,Lincolyn,Lincoln
40079.statevalue,Orvegon,Oregon
18767.statevalue,Kentuhcky,Kentucky
45857.county,Callkahan,Callahan
6068.statevalue,lorida,Florida
50611.county,Rutalnd,Rutland
10774.county,Cas,Cass
7587.county,Crwaford,Crawford
8091.county,Gwinentt,Gwinnett
28995.county,Glacire,Glacier
20150.county,Caeron,Cameron
44470.county,Laoke,Lake
49804.county,Wies,Wise
54415.statevalue,tWest Virginia,West Virginia
55978.county,Wauekesha,Waukesha
14918.county,Howrd,Howard
5043.county,Minerl,Mineral
3045.county,Sialine,Saline
30932.statevalue,Nebrasa,Nebraska
45004.statevalue,Tnnessee,Tennessee
31712.statevalue,New Hamsphire,New Hampshire
767.statevalue,Alambama,Alabama
2239.statevalue,rkansas,Arkansas
31453.county,Eurea,Eureka
46150.county,Cmal,Comal
17741.county,iWlson,Wilson
25634.county,Itawama,Itawamba
45888.statevalue,Teexas,Texas
22414.statevalue,ichigan,Michigan
2919.statevalue,Arkancsas,Arkansas
24772.statevalue,Mninesota,Minnesota
49687.statevalue,Txeas,Texas
28708.county,Big oHrn,Big Horn
42783.county,ewey,Dewey
27368.statevalue,issouri,Missouri
36290.county,Neslon,Nelson
19301.statevalue,Kentuky,Kentucky
56281.county,Natroan,Natrona
48413.county,Morris***,Morris
47247.county,Hendrson,Henderson
54514.county,Randolkph,Randolph
28029.county,ettis,Pettis
46351.county,awson,Dawson
44691.statevalue,Tennesseye,Tennessee
4205.statevalue,Californai,California
48099.county,McLennn,McLennan
45242.statevalue,Tnenessee,Tennessee
7347.county,Chattahoocihee,Chattahoochee
16282.county,Donihan,Doniphan
7695.statevalue,Georgiba,Georgia
4806.county,Gunnisocn,Gunnison
53543.statevalue,Wasington,Washington
28060.county,Phleps,Phelps
49045.statevalue,exas,Texas
6693.county,S Lucie,St Lucie
9803.county,Kaauai,Kauai
23020.county,Maosn,Mason
26350.statevalue,Misissippi,Mississippi
44103.statevalue,Txennessee,Tennessee
31607.statevalue,Neavda,Nevada
35317.statevalue,Noth Carolina,North Carolina
6073.statevalue,Forida,Florida
982.county,ike,Pike
20703.statevalue,oLuisiana,Louisiana
50765.statevalue,Virginai,Virginia
17235.county,Pottawatome,Pottawatomie
22039.county,Suffolk***,Suffolk
31756.statevalue,New Hapmshire,New Hampshire
5624.county,eKnt,Kent
54847.statevalue,Wiscyonsin,Wisconsin
12559.statevalue,Idiana,Indiana
25011.statevalue,innesota,Minnesota
8052.statevalue,Georgeia,Georgia
11428.statevalue,Illinosi,Illinois
18821.statevalue,Kenucky,Kentucky
19469.statevalue,Kentuwcky,Kentucky
54266.statevalue,est Virginia,West Virginia
19878.county,Webstwer,Webster
5799.statevalue,Folrida,Florida
20100.statevalue,oLuisiana,Louisiana
37681.county,onroe,Monroe
55691.statevalue,Wisconnsin,Wisconsin
40446.statevalue,Pennsylvzania,Pennsylvania
25402.statevalue,iMssissippi,Mississippi
10657.county,Bonpd,Bond
11014.statevalue,Illinos,Illinois
31079.county,Saundwers,Saunders
11306.county,Jyackson,Jackson
47460.county,bJack,Jack
20480.statevalue,Lousiiana,Louisiana
17157.statevalue,Kannsas,Kansas
54049.county,Hardcy,Hardy
8920.county,ierce,Pierce
1067.county,zSumter,Sumter
43390.county,Robetrs,Roberts
55643.county,Portae,Portage
10837.statevalue,Ililnois,Illinois
16166.county,offey,Coffey
46651.county,Fannin***,Fannin
56436.statevalue,Woyming,Wyoming
31006.county,Richardslon,Richardson
42900.statevalue,Soth Dakota,South Dakota
3961.county,SanJoaquin,San Joaquin
52169.statevalue,Virgina,Virginia
29055.statevalue,Mowntana,Montana
39399.statevalue,Oklahmoa,Oklahoma
33263.statevalue,New Yok,New York
31092.county,Scotts Boluff,Scotts Bluff
8823.statevalue,Gerogia,Georgia
45597.county,Blnaco,Blanco
38562.statevalue,Oklahoam,Oklahoma
54897.county,Calumte,Calumet
55751.county,oSt Croix,St Croix
2206.statevalue,Arkanssa,Arkansas
39233.statevalue,kOlahoma,Oklahoma
47789.county,lKleberg,Kleberg
33191.statevalue,New Yrok,New York
23346.statevalue,Micchigan,Michigan
35073.statevalue,Nortbh Carolina,North Carolina
32433.statevalue,New Mexcio,New Mexico
33361.statevalue,Neww York,New York
14676.county,Emmt,Emmet
8060.statevalue,Gueorgia,Georgia
22717.statevalue,Michgan,Michigan
36718.statevalue,Ohoi,Ohio
53564.statevalue,aWshington,Washington
12204.statevalue,llinois,Illinois
318.statevalue,Alabaam,Alabama
127.county,Calhhoun,Calhoun
45486.county,Baliley,Bailey
8017.county,Glyjnn,Glynn
55991.statevalue,Wsiconsin,Wisconsin
53194.statevalue,Washinogton,Washington
12979.county,Hanscock,Hancock
25672.county,hJasper,Jasper
47806.statevalue,Teaxs,Texas
31243.county,hurston,Thurston
20745.statevalue,Luoisiana,Louisiana
5817.county,Chrlotte,Charlotte
12363.county,hite,White
32393.statevalue,Ne Mexico,New Mexico
49444.county,yler,Tyler
40407.statevalue,Pennsylvanita,Pennsylvania
33171.county,Greee,Greene
34718.statevalue,Norlth Carolina,North Carolina
6771.statevalue,lorida,Florida
28689.statevalue,Montansa,Montana
14448.statevalue,Ioa,Iowa
41608.county,bbeville,Abbeville
5331.county,Sa Juan,San Juan
48484.statevalue,Texs,Texas
28548.county,Vergnon,Vernon
43352.county,Pekins,Perkins
34015.county,she,Ashe
11362.county,Jersy,Jersey
37255.county,Hnacock,Hancock
10790.statevalue,lIlinois,Illinois
31363.county,Churchicll,Churchill
20037.statevalue,ouisiana,Louisiana
8102.statevalue,Gergia,Georgia
21055.statevalue,Lousiiana,Louisiana
32109.statevalue,New Jersye,New Jersey
10142.county,Clearwaetr,Clearwater
8261.county,ouston,Houston
34586.statevalue,North Carlina,North Carolina
55406.county,Mayrathon,Marathon
31796.county,Rockikngham,Rockingham
28914.county,eFrgus,Fergus
17632.statevalue,aKnsas,Kansas
39120.statevalue,Oklahoa,Oklahoma
53124.statevalue,Washyington,Washington
15587.county,Scovtt,Scott
27191.statevalue,Missuori,Missouri
52845.statevalue,Virgniia,Virginia
24206.county,Koochichign,Koochiching
18425.county,Folyd,Floyd
47733.county,Kimbile,Kimble
5300.statevalue,Colrado,Colorado
54697.statevalue,West Virginai,West Virginia
12231.statevalue,Ilinois,Illinois
3563.county,Kins,Kings
15493.statevalue,owa,Iowa
49273.statevalue,eTxas,Texas
20567.county,Natchitocehs,Natchitoches
56330.county,Plate,Platte
13690.statevalue,Indianpa,Indiana
30144.county,Dxon,Dixon
10949.statevalue,Ilinois,Illinois
34064.county,Brtie,Bertie
46037.statevalue,Tfexas,Texas
48330.county,Mixlls,Mills
47503.statevalue,exas,Texas
46624.statevalue,Teas,Texas
29635.county,hWeatland,Wheatland
46287.statevalue,Teas,Texas
24759.county,Rojck,Rock
44907.statevalue,Tfennessee,Tennessee
2908.statevalue,Arkanas,Arkansas
38804.statevalue,Oklajhoma,Oklahoma
42501.statevalue,South Dabkota,South Dakota
42005.county,Greenville***,Greenville
17817.statevalue,Kentucyk,Kentucky
456.county,Elmorce,Elmore
35903.statevalue,Nqorth Dakota,North Dakota
27463.county,Jakcson,Jackson
31749.county,rGafton,Grafton
4529.statevalue,olorado,Colorado
30946.county,Plate,Platte
14454.statevalue,owa,Iowa
17737.county,Wilsno,Wilson
3526.statevalue,aClifornia,California
23360.county,Roscommzon,Roscommon
36808.county,Bpelmont,Belmont
25010.statevalue,Minnesota***,Minnesota
40212.county,Unino,Union
38115.statevalue,Oiho,Ohio
34919.statevalue,Nort Carolina,North Carolina
36047.statevalue,North Dakyota,North Dakota
1760.statevalue,rizona,Arizona
7989.county,Gilemer,Gilmer
55893.county,Vils,Vilas
2334.statevalue,rAkansas,Arkansas
24518.statevalue,Mijnnesota,Minnesota
3723.statevalue,Califrnia,California
31446.county,Esmrealda,Esmeralda
55708.county,Richlavnd,Richland
21367.statevalue,hMaine,Maine
27414.county,oHward,Howard
44070.statevalue,Tentnessee,Tennessee
20977.statevalue,Louisicana,Louisiana
7429.county,Claay,Clay
14367.county,Cmass,Cass
39962.county,Kalmath,Klamath
46798.county,rio,Frio
45891.county,Capm,Camp
21881.statevalue,Massacusetts,Massachusetts
50467.county,Caledona,Caledonia
38767.county,Grere,Greer
22564.county,Gand Traverse,Grand Traverse
48597.county,Plo Pinto,Palo Pinto
45270.county,Weakely,Weakley
5425.county,Washingtno,Washington
24955.statevalue,Minensota,Minnesota
49040.statevalue,exas,Texas
5006.county,Logna,Logan
14550.statevalue,Ioaw,Iowa
11753.county,Masn,Mason
50203.county,Salt Lkae,Salt Lake
5523.statevalue,onnecticut,Connecticut
32392.county,Granqt,Grant
18006.statevalue,jKentucky,Kentucky
65.statevalue,Awlabama,Alabama
50823.statevalue,Virginwia,Virginia
38473.county,hoctaw,Choctaw
27160.statevalue,Missouir,Missouri
17026.statevalue,Kasnas,Kansas
52409.county,Britsol City,Bristol City
11124.county,Frjanklin,Franklin
23406.county,Set Joseph,St Joseph
2154.county,Clevealnd,Cleveland
39633.statevalue,Oklahoa,Oklahoma
554.county,Genevna,Geneva
50156.statevalue,Uath,Utah
23287.county,Osoda,Oscoda
42264.county,conee,Oconee
69.statevalue,Azlabama,Alabama
4939.statevalue,Colordo,Colorado
44346.statevalue,Tenenssee,Tennessee
11279.statevalue,Illinosi,Illinois
26028.county,Newshoba,Neshoba
47778.county,leberg,Kleberg
30308.statevalue,Nebraskja,Nebraska
3523.statevalue,Caloifornia,California
757.county,Lowneds,Lowndes
46089.statevalue,Texais,Texas
47351.statevalue,Txas,Texas
55792.statevalue,Wisconsni,Wisconsin
54654.county,Wayen,Wayne
25373.statevalue,Misssisippi,Mississippi
1288.statevalue,Alasmka,Alaska
11282.statevalue,Illinis,Illinois
7431.statevalue,Gergia,Georgia
5517.county,Litchfiheld,Litchfield
25446.statevalue,Misissippi,Mississippi
25206.county,Beinton,Benton
4797.statevalue,olorado,Colorado
42374.statevalue,Southd Carolina,South Carolina
51498.statevalue,Virgiina,Virginia
11424.county,aKane,Kane
26855.county,allaway,Callaway
54253.statevalue,West Viriginia,West Virginia
14902.county,Heonry,Henry
8881.county,each,Peach
22789.county,Ketn,Kent
33028.statevalue,Nw York,New York
36442.county,oRlette,Rolette
24346.county,Mahnmen,Mahnomen
55760.statevalue,isconsin,Wisconsin
55206.statevalue,isconsin,Wisconsin
34432.county,Drae,Dare
51468.statevalue,Viginia,Virginia
1488.county,North Sloep,North Slope
13246.statevalue,Idiana,Indiana
32911.county,Ckayuga,Cayuga
16198.statevalue,Kansxas,Kansas
26107.county,Paerl River,Pearl River
16436.county,eary,Geary
38145.county,Vinmton,Vinton
47477.county,Jakcson,Jackson
55891.county,ilas,Vilas
48913.county,Runnels***,Runnels
15780.county,Wabyne,Wayne
34766.statevalue,orth Carolina,North Carolina
5781.statevalue,Floida,Florida
32682.county,Sa Miguel,San Miguel
21609.county,Hward,Howard
8160.statevalue,Georngia,Georgia
54976.county,ane,Dane
36031.statevalue,North akota,North Dakota
47238.statevalue,Txas,Texas
4290.statevalue,Claifornia,California
41072.statevalue,Petnnsylvania,Pennsylvania
28971.county,Garafield,Garfield
38341.county,rBeckham,Beckham
45422.county,Arsmtrong,Armstrong
29399.county,aRvalli,Ravalli
53939.statevalue,West Virgiynia,West Virginia
21288.county,Pisactaquis,Piscataquis
17277.county,Rwalins,Rawlins
21233.statevalue,aine,Maine
22356.county,Chebogyan,Cheboygan
25791.county,Lamamr,Lamar
30794.statevalue,Nerbaska,Nebraska
38116.county,nion,Union
50214.statevalue,Utfah,Utah
17868.county,Barren***,Barren
25028.statevalue,Mqinnesota,Minnesota
53421.statevalue,Washnigton,Washington
38912.statevalue,Oklhaoma,Oklahoma
8492.county,Liebrty,Liberty
23284.county,Osoda,Oscoda
24064.county,Hxouston,Houston
25817.county,Lawrennce,Lawrence
29090.county,ake,Lake
19473.statevalue,eKntucky,Kentucky
50987.statevalue,Vriginia,Virginia
24388.statevalue,Milnnesota,Minnesota
45361.county,Angelian,Angelina
1777.county,Lad Paz,La Paz
45328.statevalue,Texeas,Texas
42671.statevalue,South Duakota,South Dakota
13521.county,Owne,Owen
2314.county,rew,Drew
33324.statevalue,New Yoqrk,New York
46875.statevalue,Texs,Texas
53366.statevalue,Washingtjon,Washington
17963.county,Byd,Boyd
52331.county,Wiske,Wise
11076.statevalue,Illinios,Illinois
20625.county,Plauemines,Plaquemines
37820.statevalue,Oho,Ohio
53252.statevalue,Washigton,Washington
12610.county,Casms,Cass
23935.county,Doudglas,Douglas
14737.county,Franklni,Franklin
9104.county,pSchley,Schley
17636.county,Thomfas,Thomas
33629.county,lSaratoga,Saratoga
36690.statevalue,Ohoi,Ohio
34645.county,Geene,Greene
5370.statevalue,Colroado,Colorado
51368.county,reene,Greene
53705.county,Wala Walla,Walla Walla
50870.statevalue,Virgiia,Virginia
39294.statevalue,Oklhaoma,Oklahoma
48697.statevalue,Teaxs,Texas
50563.county,Orage,Orange
6500.statevalue,lorida,Florida
33950.statevalue,North Craolina,North Carolina
21091.statevalue,Lougisiana,Louisiana
47304.statevalue,eTxas,Texas
32652.statevalue,New Meixco,New Mexico
43724.county,Cmapbell,Campbell
13661.county,Putnm,Putnam
47349.statevalue,Txas,Texas
6767.county,umter,Sumter
16755.statevalue,Kmansas,Kansas
52498.county,Covington Ctiy,Covington City
47746.statevalue,Thexas,Texas
53207.county,Cowitz,Cowlitz
382.county,Cullmna,Cullman
55275.county,Junesau,Juneau
43879.county,Coclke,Cocke
18154.county,Carorll,Carroll
15096.statevalue,owa,Iowa
25364.county,Cahoma,Coahoma
52114.county,Soctt,Scott
42531.statevalue,oSuth Dakota,South Dakota
4209.statevalue,Caifornia,California
49878.statevalue,Texaos,Texas
26580.county,Yalobusah,Yalobusha
50745.county,Ahmerst,Amherst
8652.statevalue,eorgia,Georgia
41721.statevalue,Sotuh Carolina,South Carolina
25447.statevalue,Missisippi,Mississippi
46793.statevalue,eTxas,Texas
22998.statevalue,Michbigan,Michigan
20914.statevalue,Lomuisiana,Louisiana
15147.statevalue,Iwowa,Iowa
55669.county,Priec,Price
52583.statevalue,iVrginia,Virginia
41131.statevalue,Pennwsylvania,Pennsylvania
39740.county,Columrbia,Columbia
41143.county,Mondtour,Montour
14846.county,Hancok,Hancock
54998.statevalue,Wuisconsin,Wisconsin
14627.statevalue,wIowa,Iowa
15466.county,Pcahontas,Pocahontas
31523.statevalue,Nvada,Nevada
13397.statevalue,Indiaa,Indiana
18291.county,Cmberland,Cumberland
2470.statevalue,Akransas,Arkansas
13164.statevalue,Indina,Indiana
27752.statevalue,Missori,Missouri
1679.county,tCochise,Cochise
44092.county,ibson,Gibson
13959.county,Vigro,Vigo
17371.statevalue,ansas,Kansas
3058.county,Salien,Saline
15007.statevalue,Ioaw,Iowa
42746.county,Dya,Day
48198.statevalue,exas,Texas
20523.statevalue,Louisana,Louisiana
2141.county,Celburne,Cleburne
50077.county,fIron,Iron
27839.statevalue,Missorui,Missouri
36035.county,Goldien Valley,Golden Valley
32246.statevalue,New Meixco,New Mexico
24214.statevalue,Minnesta,Minnesota
13811.statevalue,Indiaan,Indiana
32531.statevalue,NewMexico,New Mexico
23596.statevalue,Minneosta,Minnesota
1630.county,Yakuztat,Yakutat
2376.county,Fultno,Fulton
34994.county,Meckleburg,Mecklenburg
39130.statevalue,klahoma,Oklahoma
33758.county,Soullivan,Sullivan
46244.county,Carne,Crane
47242.county,Henderyson,Henderson
19894.county,Whtiley,Whitley
37469.county,Lawrenrce,Lawrence
44201.county,Hamiton,Hamilton
35082.statevalue,Norh Carolina,North Carolina
16085.county,Cheroee,Cherokee
44337.statevalue,Tenrnessee,Tennessee
5277.statevalue,Coloradko,Colorado
20907.statevalue,Lozuisiana,Louisiana
33906.county,Wyomingg,Wyoming
12883.county,Frianklin,Franklin
33067.statevalue,Nw York,New York
4419.county,Betn,Bent
44478.statevalue,Tnnessee,Tennessee
26165.statevalue,Missssippi,Mississippi
46330.county,Daellam,Dallam
10917.statevalue,Ilinois,Illinois
30366.county,rGant,Grant
35806.county,ottineau,Bottineau
51814.statevalue,Virginai,Virginia
40114.statevalue,Oregn,Oregon
13443.county,organ,Morgan
21749.statevalue,aryland,Maryland
1495.statevalue,Alcaska,Alaska
23809.statevalue,Minneosta,Minnesota
49917.county,oBx Elder,Box Elder
18620.county,Hardni,Hardin
12257.statevalue,Illinosi,Illinois
728.county,eLe,Lee
45151.statevalue,ennessee,Tennessee
56034.county,innebago,Winnebago
30300.county,bGarden,Garden
35507.statevalue,orth Carolina,North Carolina
14453.statevalue,iIowa,Iowa
15653.county,Tamta,Tama
47301.county,Haockley,Hockley
40054.statevalue,Oreon,Oregon
4706.county,El Psao,El Paso
37913.statevalue,hio,Ohio
8972.statevalue,Georgwia,Georgia
33510.county,Osego,Otsego
55899.statevalue,Wisconsni,Wisconsin
47494.statevalue,Texs,Texas
11628.county,McHerny,McHenry
41004.county,Leihgh,Lehigh
41784.statevalue,South Caorlina,South Carolina
51540.statevalue,Virignia,Virginia
55446.statevalue,Wisconsixn,Wisconsin
30489.statevalue,Neraska,Nebraska
49990.statevalue,tah,Utah
48277.county,Middland,Midland
27826.statevalue,Missori,Missouri
23661.county,Big tSone,Big Stone
38184.statevalue,Ohjio,Ohio
176.county,Chrokee,Cherokee
405.county,Dael,Dale
16284.county,Donipahan,Doniphan
38283.statevalue,Oklaoma,Oklahoma
28442.statevalue,Missouhri,Missouri
32290.county,ibola,Cibola
31707.statevalue,New Hampshirge,New Hampshire
3068.statevalue,Akansas,Arkansas
32187.statevalue,New Jersye,New Jersey
33080.statevalue,New Yiork,New York
11983.statevalue,Ilrlinois,Illinois
43385.statevalue,Soutrh Dakota,South Dakota
961.county,Picekns,Pickens
43515.statevalue,Sowuth Dakota,South Dakota
43080.statevalue,South Daktoa,South Dakota
28963.statevalue,Mondtana,Montana
23831.county,Clearwaetr,Clearwater
34735.county,Hederson,Henderson
53117.county,Bfenton,Benton
26798.statevalue,iMssouri,Missouri
19331.county,Monoe,Monroe
4799.statevalue,Colrado,Colorado
51422.statevalue,Virginiha,Virginia
26342.statevalue,Missssippi,Mississippi
52153.statevalue,irginia,Virginia
20037.county,Beauregad,Beauregard
7883.statevalue,Gejorgia,Georgia
45882.county,Cameon,Cameron
24520.county,Nxorman,Norman
7904.county,Flody,Floyd
37227.statevalue,Oio,Ohio
22482.statevalue,Michigna,Michigan
33900.county,Wyomng,Wyoming
29720.statevalue,Nberaska,Nebraska
16542.county,Greeely,Greeley
1514.county,Prince Wales Kejtchikan,Prince Wales Ketchikan
39095.county,rMcIntosh,McIntosh
30892.statevalue,Nebrasmka,Nebraska
18900.county,Larvue,Larue
55170.county,Green***,Green
37808.county,aPulding,Paulding
53431.county,Lewius,Lewis
5864.county,mClay,Clay
51387.county,reensville,Greensville
34193.statevalue,Notrh Carolina,North Carolina
47817.county,Lamra,Lamar
12704.county,Daviess***,Daviess
1770.county,L Paz,La Paz
20847.statevalue,Louiiana,Louisiana
18223.statevalue,Kentcucky,Kentucky
5628.statevalue,Delawaer,Delaware
41636.county,Alendale,Allendale
42289.county,bPickens,Pickens
29911.statevalue,qNebraska,Nebraska
36572.statevalue,North Dpakota,North Dakota
4599.county,Dgelta,Delta
43105.statevalue,South iDakota,South Dakota
49108.county,Shermaen,Sherman
15822.county,Winebago,Winnebago
20301.county,Evzangeline,Evangeline
6499.county,Okaoosa,Okaloosa
39857.county,rGant,Grant
20862.statevalue,Louisiaan,Louisiana
35726.statevalue,North Cadrolina,North Carolina
23723.statevalue,innesota,Minnesota
13201.county,nKox,Knox
55453.statevalue,Wisonsin,Wisconsin
7654.statevalue,Georgira,Georgia
52582.county,FranklinC ity,Franklin City
43885.county,Cofee,Coffee
48407.county,Morrgis,Morris
45647.statevalue,yTexas,Texas
7380.statevalue,Geocrgia,Georgia
45623.county,orden,Borden
18793.county,Jessamne,Jessamine
35622.statevalue,Nrth Carolina,North Carolina
13957.county,Visgo,Vigo
53624.county,Spokajne,Spokane
10875.statevalue,Ilinois,Illinois
6237.county,Jacksno,Jackson
37335.statevalue,Oiho,Ohio
13722.statevalue,Iandiana,Indiana
56357.statevalue,Wyomig,Wyoming
50374.county,Washnigton,Washington
25878.county,Lefnlore,Leflore
45114.statevalue,Tennssee,Tennessee
49817.statevalue,Tkexas,Texas
31432.statevalue,Nevda,Nevada
26380.statevalue,Mississnippi,Mississippi
41005.statevalue,Pennsylvana,Pennsylvania
2239.county,Crittqenden,Crittenden
6274.statevalue,Folrida,Florida
9017.county,Quitmn,Quitman
17909.county,Bel,Bell
25191.statevalue,Mississrippi,Mississippi
17318.county,Rce,Rice
12672.statevalue,Indianta,Indiana
21122.county,Aroostoqok,Aroostook
51546.county,King Geourge,King George
33235.county,hKings,Kings
22905.statevalue,ichigan,Michigan
35543.county,Uion,Union
44934.county,Robertsno,Robertson
50070.county,Garnd,Grand
47970.statevalue,hTexas,Texas
48335.statevalue,Tjexas,Texas
46912.county,Gnozales,Gonzales
48105.statevalue,Texsa,Texas
19992.statevalue,Leouisiana,Louisiana
49284.county,Trarant,Tarrant
938.statevalue,Alabaa,Alabama
44574.county,cMinn,McMinn
18209.statevalue,Kentucwky,Kentucky
32729.county,iSocorro,Socorro
20492.county,Lidncoln,Lincoln
16966.statevalue,ansas,Kansas
22977.county,Mnistee,Manistee
15172.county,Luczas,Lucas
16537.statevalue,Kanrsas,Kansas
55067.statevalue,Wiscdonsin,Wisconsin
14931.county,umboldt,Humboldt
36626.county,Wralsh,Walsh
31872.statevalue,eNw Jersey,New Jersey
2166.county,Columia,Columbia
28851.statevalue,Montna,Montana
25285.statevalue,ississippi,Mississippi
51328.statevalue,Virignia,Virginia
48042.statevalue,Texsa,Texas
12737.county,Deczatur,Decatur
15990.statevalue,Knasas,Kansas
48066.statevalue,Teyxas,Texas
52671.statevalue,Virginai,Virginia
13368.statevalue,Indianya,Indiana
36563.statevalue,Norht Dakota,North Dakota
55014.county,oor,Door
18031.county,Breckindridge,Breckinridge
28106.county,Pokl,Polk
22705.county,Irno,Iron
20085.county,Bosiser,Bossier
2015.statevalue,rkansas,Arkansas
18804.statevalue,Ketnucky,Kentucky
19173.county,arion,Marion
40333.county,Allegehny,Allegheny
42696.county,orson,Corson
40117.county,Multnomha,Multnomah
37730.statevalue,Oio,Ohio
51799.county,Northamptno,Northampton
28295.statevalue,Missouri***,Missouri
41056.county,McKekan,McKean
9809.statevalue,Htawaii,Hawaii
50972.county,Carloine,Caroline
15159.statevalue,Iwoa,Iowa
40959.county,Lawrenec,Lawrence
12329.county,Washngton,Washington
50360.statevalue,Uah,Utah
41509.statevalue,RhodeI sland,Rhode Island
33671.statevalue,New Yok,New York
42938.statevalue,Soxuth Dakota,South Dakota
13357.county,Marztin,Martin
46986.statevalue,Texs,Texas
31142.county,Shermzan,Sherman
35698.statevalue,Nokrth Carolina,North Carolina
41354.county,Tjioga,Tioga
49931.county,Box Ehlder,Box Elder
45206.county,Waxrren,Warren
42241.county,Newebrry,Newberry
27132.county,aDallas,Dallas
1619.statevalue,Alaka,Alaska
7753.county,Dofuglas,Douglas
2685.statevalue,rkansas,Arkansas
5110.statevalue,Colorao,Colorado
53657.county,Steves,Stevens
27014.county,Clrak,Clark
4638.statevalue,pColorado,Colorado
48421.statevalue,Teas,Texas
10696.statevalue,lIlinois,Illinois
38640.statevalue,Oklahoam,Oklahoma
5120.statevalue,gColorado,Colorado
12624.statevalue,Indiaan,Indiana
38658.statevalue,Oklahmoa,Oklahoma
22121.county,Allgan,Allegan
17901.county,Bebll,Bell
33460.county,Ornge,Orange
39919.county,Jackhson,Jackson
29688.statevalue,Neraska,Nebraska
27301.statevalue,Mssouri,Missouri
13759.statevalue,Iundiana,Indiana
34923.county,MDowell,McDowell
34874.county,Lexe,Lee
29913.county,Css,Cass
35819.statevalue,North Dalkota,North Dakota
31318.county,xWebster,Webster
49580.statevalue,Texsa,Texas
14023.county,ashington,Washington
25975.county,Mnoroe,Monroe
11668.county,Myacoupin,Macoupin
15860.county,Wroth,Worth
8325.county,Jeff Dmavis,Jeff Davis
50140.county,Millrd,Millard
22104.statevalue,Michiagn,Michigan
9859.county,dams,Adams
17472.county,Sewad,Seward
11935.statevalue,Ilinois,Illinois
31986.county,Gloucesrter,Gloucester
20025.county,Aoyelles,Avoyelles
4688.statevalue,Colrado,Colorado
36173.statevalue,North Dakaota,North Dakota
52810.county,Norfol kCity,Norfolk City
14302.statevalue,Iwa,Iowa
9113.statevalue,cGeorgia,Georgia
21176.statevalue,Mane,Maine
35743.county,Adas,Adams
7744.county,Dounglas,Douglas
28363.county,chuyler,Schuyler
50828.county,ath,Bath
1902.county,avapai,Yavapai
31218.county,Thokmas,Thomas
5.county,Autauag,Autauga
5008.statevalue,Coloraod,Colorado
42719.statevalue,South Daktoa,South Dakota
45369.statevalue,Teqxas,Texas
8335.statevalue,Gehorgia,Georgia
50188.statevalue,iUtah,Utah
34298.statevalue,North Carlina,North Carolina
53658.county,Stedvens,Stevens
41420.statevalue,Pensylvania,Pennsylvania
30392.statevalue,Nebaska,Nebraska
5047.county,Mienral,Mineral
16840.statevalue,ansas,Kansas
46586.county,l Paso,El Paso
17791.county,dair,Adair
50726.statevalue,Virgina,Virginia
54618.county,Tylr,Tyler
50523.statevalue,Vemont,Vermont
37963.county,Sandsky,Sandusky
53445.statevalue,Wahsington,Washington
19749.county,Tqodd,Todd
1475.statevalue,Alaskja,Alaska
7813.county,bElbert,Elbert
53039.statevalue,Virginai,Virginia
16918.county,McPhrson,McPherson
34224.county,Casjwell,Caswell
12943.statevalue,Idiana,Indiana
16359.statevalue,aKnsas,Kansas
40323.statevalue,Pennysylvania,Pennsylvania
37521.statevalue,Oho,Ohio
14810.statevalue,owa,Iowa
34092.county,Blden,Bladen
22345.county,Cheboyagn,Cheboygan
54732.statevalue,iWest Virginia,West Virginia
9495.county,Uposn,Upson
2535.county,Jacksno,Jackson
35794.statevalue,jNorth Dakota,North Dakota
46261.statevalue,Texsa,Texas
34181.county,Caldewll,Caldwell
28156.statevalue,Misosuri,Missouri
56033.statevalue,rWisconsin,Wisconsin
36176.statevalue,Notrh Dakota,North Dakota
51699.statevalue,Virgginia,Virginia
23582.statevalue,Minnezsota,Minnesota
41328.statevalue,Pnnsylvania,Pennsylvania
43874.statevalue,Tennesee,Tennessee
15183.county,yon,Lyon
29074.statevalue,Montnana,Montana
28491.county,Slulivan,Sullivan
39071.county,McCrtain,McCurtain
49972.statevalue,Uth,Utah
28120.statevalue,Msisouri,Missouri
849.county,uMarshall,Marshall
26454.county,Walthll,Walthall
14460.statevalue,Ipowa,Iowa
5202.county,Pillips,Phillips
1.county,Autaauga,Autauga
41276.statevalue,Pensylvania,Pennsylvania
16848.county,Lincokln,Lincoln
11880.county,oultrie,Moultrie
34282.statevalue,North Caorlina,North Carolina
53755.county,aYkima,Yakima
22070.statevalue,Michigian,Michigan
29752.county,Bnaner,Banner
11294.statevalue,Illniois,Illinois
49101.county,Shleby,Shelby
54816.county,Bayfiedl,Bayfield
51149.statevalue,Virginnia,Virginia
10216.county,remont,Fremont
18873.statevalue,Kntucky,Kentucky
7091.statevalue,Gpeorgia,Georgia
2857.statevalue,Araknsas,Arkansas
23192.statevalue,Mdichigan,Michigan
35070.statevalue,Noth Carolina,North Carolina
23241.county,ntonagon,Ontonagon
28139.county,Putnma,Putnam
19807.county,Unoin,Union
55352.statevalue,Wizsconsin,Wisconsin
42803.statevalue,South Dakoat,South Dakota
55264.county,xJuneau,Juneau
7238.statevalue,Geogria,Georgia
14855.statevalue,Ioa,Iowa
41156.county,Norrthampton,Northampton
55476.statevalue,Wisconisn,Wisconsin
7262.county,andler,Candler
23881.statevalue,Minnesota***,Minnesota
4550.statevalue,Coloardo,Colorado
43493.statevalue,South Daktoa,South Dakota
49702.county,ilbarger,Wilbarger
35457.statevalue,North Carloina,North Carolina
45844.county,Calhoutn,Calhoun
53565.county,aSn Juan,San Juan
50607.county,Rutlanqd,Rutland
33992.county,Ansno,Anson
39905.statevalue,regon,Oregon
43974.statevalue,oTennessee,Tennessee
51620.county,Loudioun,Loudoun
54668.county,Weboster,Webster
38856.statevalue,bOklahoma,Oklahoma
23668.county,ig Stone,Big Stone
1866.county,Pinwal,Pinal
5361.county,San Mgiuel,San Miguel
49866.statevalue,exas,Texas
16988.county,Mijami,Miami
16576.county,Hamlton,Hamilton
38003.county,Seenca,Seneca
28793.statevalue,oMntana,Montana
34403.county,Curritcuk,Currituck
20529.county,Madson,Madison
48690.statevalue,Teas,Texas
46779.county,Ferestone,Freestone
33515.county,Otlsego,Otsego
7012.statevalue,Georgai,Georgia
48022.county,iLlano,Llano
34137.county,urke,Burke
41167.statevalue,Pentnsylvania,Pennsylvania
35066.county,ash,Nash
22253.statevalue,Mcihigan,Michigan
21998.county,Norfoflk,Norfolk
41190.county,Perrby,Perry
14769.statevalue,Ioaw,Iowa
18402.statevalue,Kerntucky,Kentucky
15954.statevalue,ansas,Kansas
11587.statevalue,lIlinois,Illinois
31740.county,Gratfon,Grafton
10956.county,De alb,De Kalb
35434.statevalue,Notrh Carolina,North Carolina
21018.county,ebster,Webster
27543.county,eLaclede,Laclede
10708.county,Brojwn,Brown
47436.statevalue,exas,Texas
51061.statevalue,Viginia,Virginia
2461.county,Hot Spreing,Hot Spring
27978.county,Ozrak,Ozark
13032.county,Hnedricks,Hendricks
45265.county,Weakey,Weakley
30768.county,Merrik,Merrick
14016.county,Warrikc,Warrick
54548.statevalue,West iVrginia,West Virginia
22395.county,Cinton,Clinton
35283.statevalue,North Carolian,North Carolina
39534.statevalue,lOklahoma,Oklahoma
34841.county,Johston,Johnston
7021.county,Bartw,Bartow
8410.county,Lamr,Lamar
53337.statevalue,Washingtno,Washington
3268.county,Yel,Yell
34267.statevalue,North mCarolina,North Carolina
21831.statevalue,Massachustets,Massachusetts
46499.county,uval,Duval
43501.statevalue,outh Dakota,South Dakota
11581.county,ogan,Logan
56373.statevalue,Wyoing,Wyoming
47070.county,Hamiltn,Hamilton
25928.statevalue,Misissippi,Mississippi
14677.county,Emmt,Emmet
48949.statevalue,Texaps,Texas
27801.statevalue,Mnissouri,Missouri
15849.county,Woodburty,Woodbury
33365.statevalue,New Yoerk,New York
20471.statevalue,Loisiana,Louisiana
17002.county,itchell,Mitchell
38139.statevalue,Obhio,Ohio
51932.county,Prince Edwqard,Prince Edward
13571.county,erry,Perry
54979.county,Daen,Dane
5157.county,Ouary,Ouray
31515.county,Linconl,Lincoln
25724.statevalue,Mississippi***,Mississippi
56116.county,arbon,Carbon
7290.statevalue,Gqeorgia,Georgia
42133.statevalue,oSuth Carolina,South Carolina
37330.statevalue,hio,Ohio
17270.county,Rawliwns,Rawlins
20566.county,Natchitochse,Natchitoches
55932.statevalue,Wiscosin,Wisconsin
21384.statevalue,Magine,Maine
36186.statevalue,North akota,North Dakota
6908.statevalue,Georia,Georgia
45136.county,Trousdalle,Trousdale
3377.county,Coluas,Colusa
50367.county,Washinton,Washington
27346.county,Henyr,Henry
30325.statevalue,Nerbaska,Nebraska
36239.statevalue,North qDakota,North Dakota
48265.statevalue,Texsa,Texas
5733.statevalue,Florigda,Florida
24551.statevalue,Minnsota,Minnesota
30826.county,Nemaah,Nemaha
54659.county,Waynje,Wayne
9940.statevalue,Iaho,Idaho
29675.statevalue,Monana,Montana
9585.statevalue,Georiga,Georgia
52095.county,Russll,Russell
9461.county,Tywiggs,Twiggs
7459.county,lCinch,Clinch
5121.county,Moragn,Morgan
52332.county,Wie,Wise
34438.county,Davidsno,Davidson
12414.statevalue,Illinos,Illinois
33812.statevalue,New Yoerk,New York
37050.county,Deolaware,Delaware
35295.statevalue,Northm Carolina,North Carolina
51938.county,Prince dEward,Prince Edward
11265.county,Hendersojn,Henderson
47805.county,nKox,Knox
40760.county,Fayetxte,Fayette
30812.county,iNance,Nance
53988.county,Greenbrievr,Greenbrier
29813.county,oyd,Boyd
38213.county,gWayne,Wayne
683.county,Laar,Lamar
21721.statevalue,Mayland,Maryland
2444.county,Hmepstead,Hempstead
38868.statevalue,Oklahoam,Oklahoma
5064.statevalue,Coloado,Colorado
36013.statevalue,NorthDakota,North Dakota
55935.statevalue,Wicsonsin,Wisconsin
52836.county,Peterasburg City,Petersburg City
50822.county,Bawth,Bath
7481.statevalue,eorgia,Georgia
54970.county,Crawfocrd,Crawford
26110.statevalue,Mississipi,Mississippi
53979.statevalue,Westb Virginia,West Virginia
40798.county,Franlkin,Franklin
35456.statevalue,Nortrh Carolina,North Carolina
15302.statevalue,Iowda,Iowa
916.statevalue,labama,Alabama
42546.county,yBrule,Brule
2764.statevalue,Arkasas,Arkansas
9213.statevalue,Gorgia,Georgia
39155.county,Murary,Murray
51945.statevalue,Virgiia,Virginia
6099.county,aHmilton,Hamilton
18330.statevalue,Ketucky,Kentucky
23535.county,Wanye,Wayne
2198.county,Craighesad,Craighead
30126.county,Deel,Deuel
7353.statevalue,Georgbia,Georgia
26873.county,Camedn,Camden
41429.county,Washngton,Washington
50909.statevalue,Virignia,Virginia
24323.county,MtcLeod,McLeod
55354.statevalue,Wisonsin,Wisconsin
47327.statevalue,Tezxas,Texas
27604.statevalue,Missori,Missouri
35150.county,Oraneg,Orange
10315.statevalue,Idahco,Idaho
45966.county,Chabmers,Chambers
1066.county,Sukmter,Sumter
21550.statevalue,aryland,Maryland
11444.county,Kankakee***,Kankakee
53686.statevalue,Wahsington,Washington
53902.statevalue,Wets Virginia,West Virginia
1251.county,Achorage,Anchorage
3469.statevalue,Califronia,California
39020.statevalue,Okalhoma,Oklahoma
31855.statevalue,Nw Jersey,New Jersey
54966.county,Crawfodr,Crawford
6828.statevalue,Florxida,Florida
48428.county,Maotley,Motley
12757.county,De Kabl,De Kalb
55413.county,Mraathon,Marathon
14997.statevalue,sIowa,Iowa
11583.county,Lgoan,Logan
17970.statevalue,Kentcuky,Kentucky
53663.statevalue,Washintgon,Washington
12392.county,ill,Will
51795.county,Nrthampton,Northampton
32208.county,Warreen,Warren
15829.statevalue,Iwoa,Iowa
14660.county,Dubquue,Dubuque
39354.statevalue,Ocklahoma,Oklahoma
30232.county,xFranklin,Franklin
2770.statevalue,Arkanass,Arkansas
4966.statevalue,Colorao,Colorado
48986.statevalue,Tjexas,Texas
44647.county,Mraion,Marion
39102.statevalue,Oklahoam,Oklahoma
1799.county,Maicopa,Maricopa
12462.county,Adas,Adams
46454.county,Dikcens,Dickens
52722.county,Lnchburg City,Lynchburg City
4110.county,Sikiyou,Siskiyou
43871.county,Coce,Cocke
3223.statevalue,mArkansas,Arkansas
35101.county,Northmpton,Northampton
55386.statevalue,Wisaconsin,Wisconsin
41706.statevalue,South lCarolina,South Carolina
47024.statevalue,Texaas,Texas
1075.statevalue,lAabama,Alabama
8297.statevalue,eorgia,Georgia
52682.statevalue,Vqirginia,Virginia
51043.county,Chesterfeld,Chesterfield
33632.statevalue,New ork,New York
15636.county,tory,Story
6766.county,Sumetr,Sumter
42335.statevalue,South Caroilna,South Carolina
19849.county,Washignton,Washington
36812.statevalue,Ohoi,Ohio
12504.county,Bartholomdew,Bartholomew
6981.county,Baldwni,Baldwin
15008.county,Jaszper,Jasper
12791.county,Duzbois,Dubois
5893.statevalue,Floriad,Florida
18781.county,Jtefferson,Jefferson
36282.statevalue,North akota,North Dakota
7956.county,ranklin,Franklin
44821.statevalue,Tenneswsee,Tennessee
49174.statevalue,Tehxas,Texas
31407.county,Douglmas,Douglas
5687.statevalue,Districto f Columbia,District of Columbia
49596.county,Warbd,Ward
35622.county,Washwington,Washington
14046.county,Waye,Wayne
53871.statevalue,West iVrginia,West Virginia
48534.statevalue,eTxas,Texas
40245.statevalue,rOegon,Oregon
53715.statevalue,Washnigton,Washington
18333.county,wEdmonson,Edmonson
45491.county,Bandelra,Bandera
45205.county,aWrren,Warren
4883.statevalue,Coloraod,Colorado
8615.statevalue,Gjeorgia,Georgia
19527.county,Pery,Perry
39238.county,Okfusklee,Okfuskee
26621.statevalue,Missorui,Missouri
54470.county,hPutnam,Putnam
36958.statevalue,Ohaio,Ohio
56266.county,Linocln,Lincoln
52726.statevalue,Virgiina,Virginia
15491.statevalue,Iowha,Iowa
36792.statevalue,Ohoi,Ohio
47700.county,Ketn,Kent
4038.county,Snta Clara,Santa Clara
14242.statevalue,owa,Iowa
41871.county,Darlngton,Darlington
29245.county,Missuola,Missoula
20808.county,St John The aBptist,St John The Baptist
17989.county,Backen,Bracken
636.statevalue,Alabnama,Alabama
10074.county,Caynon,Canyon
18179.county,Cuarter,Carter
11327.county,Jsper,Jasper
34945.statevalue,North Cazrolina,North Carolina
55375.statevalue,Wisconin,Wisconsin
48166.statevalue,Teas,Texas
50028.county,Emerwy,Emery
31340.statevalue,Nerbaska,Nebraska
5077.statevalue,Clorado,Colorado
41387.statevalue,Pensylvania,Pennsylvania
26964.statevalue,Missouri***,Missouri
15087.statevalue,oIwa,Iowa
40712.county,Delwaare,Delaware
1957.statevalue,Arknsas,Arkansas
18426.county,Flody,Floyd
2037.statevalue,Aransas,Arkansas
1968.statevalue,Arkanas,Arkansas
54156.county,Lnicoln,Lincoln
22399.statevalue,ichigan,Michigan
19479.county,Owsly,Owsley
27941.county,Oregotn,Oregon
43056.statevalue,SouthD akota,South Dakota
24774.statevalue,Minnjesota,Minnesota
9532.county,Waltno,Walton
54798.statevalue,Wiconsin,Wisconsin
4197.statevalue,Caliofrnia,California
55797.statevalue,Wiconsin,Wisconsin
39720.statevalue,Oraegon,Oregon
47231.statevalue,Txeas,Texas
37352.statevalue,Oho,Ohio
9073.statevalue,Goergia,Georgia
26471.county,yWarren,Warren
13159.statevalue,Indiaan,Indiana
19778.county,Torigg,Trigg
31842.statevalue,New Hjampshire,New Hampshire
40434.county,Brdford,Bradford
38639.county,Delaawre,Delaware
40301.statevalue,Oregno,Oregon
27354.county,tHenry,Henry
47593.statevalue,Teaxs,Texas
40377.statevalue,Pennsylvafnia,Pennsylvania
4777.statevalue,Coloraod,Colorado
5613.county,Winhdam,Windham
13288.statevalue,Indinaa,Indiana
55689.statevalue,Wisconisn,Wisconsin
17974.county,Byole,Boyle
28312.statevalue,Missuri,Missouri
451.county,Elore,Elmore
20525.county,Mdaison,Madison
9946.statevalue,Iwdaho,Idaho
49790.county,Wisme,Wise
19707.statevalue,Kbentucky,Kentucky
28154.statevalue,Missouri***,Missouri
54989.statevalue,Wiscornsin,Wisconsin
39280.statevalue,Oklahpoma,Oklahoma
17557.statevalue,Knasas,Kansas
34713.county,Haywhood,Haywood
52214.statevalue,Virgicnia,Virginia
40077.statevalue,Oreogn,Oregon
48601.statevalue,Txeas,Texas
37971.statevalue,Ohito,Ohio
17043.county,Morrsi,Morris
47621.statevalue,Texsa,Texas
10126.county,Clakr,Clark
3461.county,lenn,Glenn
31581.county,ershing,Pershing
42820.statevalue,South Dakta,South Dakota
51010.county,Chalres City,Charles City
7436.statevalue,Geotrgia,Georgia
24876.statevalue,Minnesta,Minnesota
41156.statevalue,Pennyslvania,Pennsylvania
17412.county,Salien,Saline
11028.county,dgar,Edgar
15549.statevalue,Ioa,Iowa
47747.statevalue,Texs,Texas
34399.statevalue,North Carolna,North Carolina
9905.statevalue,Idxaho,Idaho
21392.statevalue,Mayryland,Maryland
16695.statevalue,Kanzsas,Kansas
23193.county,Oackland,Oakland
26386.county,ippah,Tippah
34173.statevalue,Norht Carolina,North Carolina
7527.statevalue,Georgai,Georgia
45159.county,Uincoi,Unicoi
46569.statevalue,Texsa,Texas
23492.statevalue,Mcihigan,Michigan
20911.county,Tenss,Tensas
17150.statevalue,Kasnas,Kansas
688.statevalue,Aabama,Alabama
51174.statevalue,Virgina,Virginia
54441.county,Pocahntas,Pocahontas
54130.statevalue,West Vrginia,West Virginia
51890.statevalue,Virgibnia,Virginia
21786.statevalue,aryland,Maryland
33022.statevalue,Nnew York,New York
9304.county,Tellfair,Telfair
55200.county,tIowa,Iowa
39168.county,dMurray,Murray
53396.county,Kttitas,Kittitas
12344.statevalue,Ilinois,Illinois
23187.county,Oaklland,Oakland
48078.statevalue,Tebxas,Texas
17315.statevalue,Kansjas,Kansas
42565.county,uBffalo,Buffalo
7936.statevalue,Gerogia,Georgia
5483.county,Fairfiedl,Fairfield
32470.statevalue,Ntew Mexico,New Mexico
6680.county,Szt Lucie,St Lucie
2694.county,Lnoke,Lonoke
13757.county,Selby,Shelby
38152.statevalue,hio,Ohio
25981.statevalue,Mississilppi,Mississippi
17880.statevalue,Knetucky,Kentucky
22224.county,aBy,Bay
43778.statevalue,Tennessxee,Tennessee
2021.statevalue,Arkanas,Arkansas
53610.county,Snohoimsh,Snohomish
39391.county,Pottaatomie,Pottawatomie
22585.statevalue,Michigna,Michigan
19388.county,Nelsorn,Nelson
22361.county,Chirppewa,Chippewa
14950.statevalue,owa,Iowa
10194.statevalue,Idaaho,Idaho
77.county,Blonut,Blount
5456.county,Yuam,Yuma
11742.statevalue,Illiznois,Illinois
10698.statevalue,Illinvois,Illinois
18871.county,Knopx,Knox
7559.county,ook,Cook
2469.county,Howadr,Howard
16241.statevalue,Kanss,Kansas
21678.county,Quee nAnnes,Queen Annes
49670.statevalue,Txas,Texas
3188.county,Vna Buren,Van Buren
7912.statevalue,Gorgia,Georgia
14695.statevalue,Iozwa,Iowa
26137.statevalue,Mississppi,Mississippi
6996.statevalue,Georgai,Georgia
14067.county,ells,Wells
331.county,Coosua,Coosa
18690.statevalue,Kentwucky,Kentucky
38848.county,ackson,Jackson
17496.statevalue,ansas,Kansas
18168.statevalue,Kenutcky,Kentucky
40132.statevalue,rOegon,Oregon
17500.county,sSheridan,Sheridan
18582.statevalue,eKntucky,Kentucky
17728.statevalue,ansas,Kansas
42521.county,rBown,Brown
3974.county,San Joaqauin,San Joaquin
15693.county,Uinon,Union
32153.statevalue,New Jrsey,New Jersey
17934.county,Bourobn,Bourbon
53527.statevalue,Wasington,Washington
39453.statevalue,Oklzahoma,Oklahoma
14101.county,hitley,Whitley
47805.statevalue,Tefxas,Texas
50337.county,Uath,Utah
4287.statevalue,Calihfornia,California
7467.county,Clinh,Clinch
31722.county,oCos,Coos
15213.county,Mahasak,Mahaska
37129.statevalue,Ohoi,Ohio
32319.county,Crry,Curry
14372.statevalue,Iwoa,Iowa
38004.county,Senea,Seneca
55993.statevalue,Wisonsin,Wisconsin
2338.statevalue,Arkanass,Arkansas
11796.county,Merccer,Mercer
13114.statevalue,Indaina,Indiana
32646.county,Sandvoal,Sandoval
35124.county,nslow,Onslow
1051.statevalue,Alabma,Alabama
34283.statevalue,Norht Carolina,North Carolina
55074.statevalue,Wisconsn,Wisconsin
27113.county,Dadae,Dade
35453.county,Stockes,Stokes
1057.statevalue,Alaama,Alabama
12151.county,dScott,Scott
48722.county,Presidoi,Presidio
2084.statevalue,Arkanass,Arkansas
28613.county,Websetr,Webster
42829.county,FallR iver,Fall River
47498.county,Jaspre,Jasper
29425.statevalue,Motana,Montana
35523.statevalue,North qCarolina,North Carolina
47758.statevalue,Teas,Texas
19665.statevalue,Kentcky,Kentucky
41144.county,Monotur,Montour
39038.county,Lve,Love
4061.county,anta Cruz,Santa Cruz
4995.statevalue,Colorpado,Colorado
20881.county,Tangpahoa,Tangipahoa
35986.statevalue,North Dakotba,North Dakota
32940.statevalue,New Yokr,New York
3289.statevalue,aClifornia,California
9972.county,oise,Boise
16233.statevalue,Kasnsas,Kansas
52857.statevalue,Vigrinia,Virginia
34637.county,rGeene,Greene
13697.county,ipley,Ripley
28941.county,lathead,Flathead
22739.statevalue,iMchigan,Michigan
12383.statevalue,Illinos,Illinois
13289.county,Lawrece,Lawrence
49779.statevalue,Teexas,Texas
20420.county,Jefferson Davyis,Jefferson Davis
2032.county,Bradlqey,Bradley
40800.statevalue,Pennlsylvania,Pennsylvania
16983.county,iami,Miami
52225.statevalue,Virignia,Virginia
52565.statevalue,Vivrginia,Virginia
38289.county,Aflalfa,Alfalfa
27081.county,Coopre,Cooper
37758.county,Muskingmu,Muskingum
36349.county,Pierec,Pierce
34007.county,Aseh,Ashe
29238.county,Missolua,Missoula
29303.county,Psetroleum,Petroleum
42428.county,qAurora,Aurora
40155.statevalue,Oregoin,Oregon
25672.statevalue,Misissippi,Mississippi
43638.county,Bedfodr,Bedford
23185.county,Owakland,Oakland
34963.county,Majdison,Madison
41769.statevalue,South Caolina,South Carolina
5092.county,Montrezuma,Montezuma
49468.statevalue,Telxas,Texas
50316.statevalue,tUah,Utah
41908.statevalue,South Carolian,South Carolina
21382.county,Yovrk,York
21076.statevalue,Louisina,Louisiana
45307.statevalue,Tennesee,Tennessee
34632.statevalue,North Craolina,North Carolina
50740.statevalue,Viruginia,Virginia
33782.county,ioga,Tioga
18811.statevalue,mKentucky,Kentucky
44263.statevalue,Tennessee***,Tennessee
38022.county,Shelbty,Shelby
30869.county,Oteo,Otoe
40390.county,Bedfodr,Bedford
33871.county,Wajyne,Wayne
35383.county,Rutherfnord,Rutherford
13220.county,Ksociusko,Kosciusko
35541.county,nUion,Union
27471.statevalue,Misouri,Missouri
26913.statevalue,Msisouri,Missouri
51869.statevalue,Virginica,Virginia
24260.county,Lake of The Wodos,Lake of The Woods
44113.county,Gilnes,Giles
42825.statevalue,South Dakolta,South Dakota
35106.statevalue,orth Carolina,North Carolina
44125.statevalue,Tengnessee,Tennessee
22686.county,Ioco,Iosco
47675.statevalue,eTxas,Texas
33435.statevalue,ew York,New York
36362.county,Ramsye,Ramsey
35655.county,Wyane,Wayne
20424.statevalue,oLuisiana,Louisiana
40039.county,Linn***,Linn
36710.county,llen,Allen
8187.statevalue,Geogia,Georgia
28538.county,Veron,Vernon
54943.statevalue,Wiscoonsin,Wisconsin
45774.county,Bronw,Brown
24129.county,Jackosn,Jackson
33958.county,Alexaknder,Alexander
27846.county,Moxnroe,Monroe
52981.county,Suffolk Caity,Suffolk City
49786.statevalue,Txeas,Texas
4739.county,Garfied,Garfield
3925.county,Sxan Diego,San Diego
52064.county,Rockpbridge,Rockbridge
54196.statevalue,West Vrginia,West Virginia
46003.county,Childresls,Childress
8710.county,Mmitchell,Mitchell
51237.statevalue,Viginia,Virginia
36669.statevalue,North Daokta,North Dakota
4317.statevalue,Caifornia,California
14288.county,Buhanan,Buchanan
35112.statevalue,North Carolinoa,North Carolina
16817.county,Leavegnworth,Leavenworth
50449.county,Boennington,Bennington
3483.county,Humoldt,Humboldt
43385.county,Rboerts,Roberts
6888.county,Waqshington,Washington
53084.statevalue,Wshington,Washington
35972.county,Edyd,Eddy
38076.statevalue,Ohido,Ohio
26853.county,Callawayy,Callaway
5700.county,Adlachua,Alachua
35850.county,Bsurke,Burke
15763.county,Washinton,Washington
51943.statevalue,Virgniia,Virginia
18906.statevalue,Kentucpky,Kentucky
7791.statevalue,Georgai,Georgia
44890.statevalue,Tennsesee,Tennessee
12118.county,Sangmaon,Sangamon
23860.county,Ctotonwood,Cottonwood
53497.county,acific,Pacific
47283.statevalue,exas,Texas
3707.statevalue,aClifornia,California
35200.statevalue,North Caolina,North Carolina
8544.statevalue,Geonrgia,Georgia
7998.county,Glascokc,Glascock
22615.county,Houaghton,Houghton
35279.county,Plk,Polk
50582.statevalue,Vermot,Vermont
55460.statevalue,Wiscojnsin,Wisconsin
11314.statevalue,Illinois***,Illinois
27664.county,Liivngston,Livingston
30561.statevalue,Nebrasuka,Nebraska
36804.county,sBelmont,Belmont
27371.statevalue,Misfsouri,Missouri
27962.county,Oage,Osage
50050.statevalue,Utarh,Utah
18701.county,Hnederson,Henderson
41622.statevalue,Sdouth Carolina,South Carolina
33279.statevalue,New Yordk,New York
8468.county,Lene,Lee
21406.county,Anne Arudnel,Anne Arundel
48795.county,Ral,Real
546.county,Gneeva,Geneva
43544.county,Uion,Union
1217.county,Aluetians East,Aleutians East
53508.county,oPacific,Pacific
23379.statevalue,Mcihigan,Michigan
52686.statevalue,Virginai,Virginia
28907.statevalue,Motana,Montana
3671.statevalue,Caliofrnia,California
3946.statevalue,Califorsnia,California
29891.county,Butvler,Butler
635.statevalue,Alaama,Alabama
22008.statevalue,Massachsuetts,Massachusetts
24577.statevalue,Minnespota,Minnesota
7934.statevalue,Gergia,Georgia
48224.county,averick,Maverick
19320.statevalue,entucky,Kentucky
54004.county,Hapmshire,Hampshire
45991.statevalue,Tpexas,Texas
9431.county,rToup,Troup
10865.statevalue,Illionis,Illinois
11025.county,Edgra,Edgar
46494.statevalue,Texmas,Texas
48628.statevalue,Tesxas,Texas
33933.statevalue,North Caroliina,North Carolina
45976.statevalue,Texqas,Texas
13516.statevalue,oIndiana,Indiana
23081.county,Misaukee,Missaukee
29200.statevalue,Montaan,Montana
25687.county,Jeffersn,Jefferson
51098.county,Culpepre,Culpeper
25233.statevalue,Mississppi,Mississippi
425.statevalue,Alabwama,Alabama
42432.statevalue,South Dkaota,South Dakota
28009.statevalue,Missori,Missouri
31201.county,Thasyer,Thayer
13214.statevalue,Indialna,Indiana
7906.county,Flod,Floyd
30287.county,age,Gage
39433.statevalue,Oiklahoma,Oklahoma
54318.county,Monongalai,Monongalia
34388.county,Cumberaland,Cumberland
11150.statevalue,lIlinois,Illinois
6473.county,Moknroe,Monroe
15782.county,Wyane,Wayne
38654.statevalue,aOklahoma,Oklahoma
27259.statevalue,Missouir,Missouri
3229.statevalue,rAkansas,Arkansas
10506.county,ayette,Payette
12516.county,enton,Benton
35719.statevalue,North Carolian,North Carolina
8275.county,Irwni,Irwin
12782.statevalue,Idniana,Indiana
50596.statevalue,Vemront,Vermont
34235.statevalue,oNrth Carolina,North Carolina
47415.statevalue,Txas,Texas
54211.county,Mawrion,Marion
7755.statevalue,eorgia,Georgia
10448.statevalue,Idho,Idaho
55442.statevalue,Wisconrsin,Wisconsin
4600.statevalue,Colroado,Colorado
48020.county,Llnao,Llano
21861.statevalue,Massachuseytts,Massachusetts
39018.statevalue,Oklhoma,Oklahoma
19598.county,Robretson,Robertson
6180.statevalue,Floridva,Florida
37097.county,Fairfeild,Fairfield
42499.statevalue,South Dakpota,South Dakota
17372.county,ush,Rush
28680.statevalue,Montanla,Montana
21155.county,rFanklin,Franklin
13810.county,Setuben,Steuben
2633.statevalue,rkansas,Arkansas
53380.county,iKtsap,Kitsap
44677.county,Mauyr,Maury
2965.county,Ppe,Pope
4435.statevalue,Coorado,Colorado
13440.statevalue,Incdiana,Indiana
108.statevalue,Alabmaa,Alabama
56079.statevalue,Wyomring,Wyoming
40579.statevalue,Pennsylvsania,Pennsylvania
3576.county,Lae,Lake
51702.county,Mecklenubrg,Mecklenburg
24041.statevalue,Minneosta,Minnesota
24538.county,oOlmsted,Olmsted
22509.statevalue,Michigna,Michigan
14516.statevalue,aIowa,Iowa
20125.county,aldwell,Caldwell
2542.county,Jfferson,Jefferson
13396.statevalue,Indiakna,Indiana
54463.statevalue,West Vigrinia,West Virginia
49756.statevalue,Txas,Texas
25415.statevalue,Missoissippi,Mississippi
30756.county,fMadison,Madison
38048.county,Stavrk,Stark
3574.statevalue,Californai,California
4612.county,Dener,Denver
37088.county,airfield,Fairfield
53317.statevalue,Washigton,Washington
14809.county,Gtuhrie,Guthrie
16121.statevalue,ansas,Kansas
19993.county,Ascensiyon,Ascension
5688.county,District of Clumbia,District of Columbia
39534.county,Tilman,Tillman
34721.statevalue,Nroth Carolina,North Carolina
43559.county,nion,Union
32315.statevalue,New Mexcio,New Mexico
20303.statevalue,Lousiiana,Louisiana
23665.statevalue,Minneseota,Minnesota
40845.county,Huvntingdon,Huntingdon
28396.county,Scott***,Scott
54971.county,Carwford,Crawford
41081.statevalue,oPennsylvania,Pennsylvania
10911.statevalue,Illinolis,Illinois
39139.statevalue,Okahoma,Oklahoma
17461.county,Sewarxd,Seward
19837.county,Washignton,Washington
458.county,Emlore,Elmore
21603.statevalue,Maryladn,Maryland
31506.county,Lnicoln,Lincoln
40053.county,Malheaur,Malheur
47982.statevalue,exas,Texas
52484.county,Colonila Heights City,Colonial Heights City
34372.county,Cravmen,Craven
31282.statevalue,Nebrasak,Nebraska
44449.statevalue,Tennvessee,Tennessee
56279.county,Natroan,Natrona
50070.statevalue,tah,Utah
45710.statevalue,Teixas,Texas
45534.county,Bayljor,Baylor
6227.county,India nRiver,Indian River
52342.county,Wies,Wise
14363.statevalue,fIowa,Iowa
32091.county,Morryis,Morris
55190.county,Iovwa,Iowa
45059.statevalue,Tenessee,Tennessee
55381.county,Linclon,Lincoln
2068.county,Carrol,Carroll
45419.statevalue,Tvexas,Texas
42944.statevalue,South Daktoa,South Dakota
19054.county,ogan,Logan
1666.county,Apachle,Apache
43175.county,yman,Lyman
49263.county,wisher,Swisher
6896.county,Applign,Appling
39875.statevalue,Oregno,Oregon
23264.statevalue,Michigna,Michigan
15321.county,Motnroe,Monroe
17042.statevalue,Kasnas,Kansas
48111.statevalue,exas,Texas
19667.statevalue,Kentuccky,Kentucky
7016.county,Barrow***,Barrow
19721.county,Spencr,Spencer
21675.statevalue,Marylannd,Maryland
40614.statevalue,Pennylvania,Pennsylvania
14164.county,llamakee,Allamakee
23180.statevalue,Micohigan,Michigan
53823.statevalue,Wet Virginia,West Virginia
42425.statevalue,SouthCarolina,South Carolina
1525.statevalue,Alraska,Alaska
31831.statevalue,lNew Hampshire,New Hampshire
9439.statevalue,Geogria,Georgia
32349.statevalue,New Mxico,New Mexico
1941.county,Arkanrsas,Arkansas
15512.statevalue,owa,Iowa
33193.county,Hrekimer,Herkimer
33354.statevalue,ew York,New York
46022.county,Cay,Clay
14635.county,Dckinson,Dickinson
27476.statevalue,Missouir,Missouri
17425.statevalue,Kansaws,Kansas
48761.statevalue,Texeas,Texas
42507.statevalue,South Daktoa,South Dakota
40498.county,Cambrai,Cambria
14340.county,alhoun,Calhoun
24433.statevalue,Minnesoat,Minnesota
46827.statevalue,Tcexas,Texas
28625.county,orth,Worth
48322.statevalue,Teas,Texas
164.county,Chearokee,Cherokee
9503.county,pUson,Upson
1648.county,Yukon Koyukuck,Yukon Koyukuk
2939.county,Pokl,Polk
25223.county,Bolhivar,Bolivar
43137.county,xLawrence,Lawrence
9259.statevalue,fGeorgia,Georgia
50701.county,Alzbemarle,Albemarle
1921.county,Yuam,Yuma
39945.statevalue,Oreogn,Oregon
36054.county,Grad Forks,Grand Forks
17877.statevalue,Ketnucky,Kentucky
25548.county,Harrsion,Harrison
34216.county,aCrteret,Carteret
24245.county,Lkae,Lake
43647.county,Bemdford,Bedford
22954.statevalue,Mcihigan,Michigan
15636.statevalue,Iwoa,Iowa
16193.county,Comancthe,Comanche
24777.county,Roseu,Roseau
49291.county,sTaylor,Taylor
40922.county,Lacakwanna,Lackawanna
14606.statevalue,oIwa,Iowa
53864.county,Cgabell,Cabell
4038.statevalue,Califzornia,California
22520.county,Gdladwin,Gladwin
46185.county,Concxho,Concho
24321.statevalue,Minnesoat,Minnesota
26658.statevalue,Missoui,Missouri
50703.statevalue,Virginai,Virginia
10349.statevalue,daho,Idaho
31740.statevalue,New Hamshire,New Hampshire
52958.statevalue,Virgiina,Virginia
45752.statevalue,Teas,Texas
55791.statevalue,iWsconsin,Wisconsin
50621.county,ashington,Washington
47029.statevalue,Texaas,Texas
25059.county,Wlkin,Wilkin
41133.statevalue,Pennylvania,Pennsylvania
15885.county,right,Wright
52427.county,BuenaVista City,Buena Vista City
26802.county,bBuchanan,Buchanan
45474.statevalue,Toexas,Texas
3827.county,Placr,Placer
37686.county,Monore,Monroe
14939.statevalue,Iowwa,Iowa
15478.statevalue,Iowia,Iowa
44097.statevalue,Tennessee***,Tennessee
36338.statevalue,North Daokta,North Dakota
16116.county,Clyark,Clark
40024.statevalue,Orebgon,Oregon
22734.statevalue,Mcihigan,Michigan
13925.county,Vandercburgh,Vanderburgh
11316.statevalue,Illniois,Illinois
49778.statevalue,Texs,Texas
33246.statevalue,New Yrok,New York
56389.county,Swweetwater,Sweetwater
49332.county,Teryr,Terry
21472.statevalue,Mrayland,Maryland
33377.county,Niagaar,Niagara
38742.county,Grlant,Grant
36224.county,Mcean,Mclean
46066.statevalue,Txas,Texas
41346.county,Susqueyhanna,Susquehanna
6731.statevalue,lForida,Florida
54116.county,Kanahwa,Kanawha
35782.statevalue,North aDkota,North Dakota
41927.statevalue,South Carolnia,South Carolina
25670.county,asper,Jasper
14038.statevalue,Idiana,Indiana
20884.statevalue,oLuisiana,Louisiana
34460.statevalue,Nroth Carolina,North Carolina
38973.statevalue,mOklahoma,Oklahoma
55825.county,Sheboyagn,Sheboygan
47404.statevalue,Txas,Texas
37704.county,Montgomry,Montgomery
38326.county,Beaer,Beaver
16594.statevalue,Kanssa,Kansas
11284.statevalue,Illionis,Illinois
9718.county,wWilkes,Wilkes
5177.county,Prark,Park
31667.statevalue,New Hapmshire,New Hampshire
53249.county,Franyklin,Franklin
34932.statevalue,North Carolna,North Carolina
13900.county,Udnion,Union
50993.statevalue,Virignia,Virginia
18745.county,uHopkins,Hopkins
48563.county,Oldhma,Oldham
11372.county,eJrsey,Jersey
50887.statevalue,Virignia,Virginia
8530.statevalue,Gorgia,Georgia
22758.county,Klamazoo,Kalamazoo
51895.statevalue,gVirginia,Virginia
13236.county,Lagange,Lagrange
42408.county,Williasburg,Williamsburg
39803.statevalue,Oregn,Oregon
28047.county,helps,Phelps
25984.statevalue,Misisssippi,Mississippi
34433.county,Daer,Dare
199.county,Chnoctaw,Choctaw
16962.statevalue,Kanas,Kansas
11443.county,Kankaeke,Kankakee
37283.county,Harrifson,Harrison
39116.statevalue,Oklahmoa,Oklahoma
3893.county,San Beinto,San Benito
29721.statevalue,eNbraska,Nebraska
54894.statevalue,Wisconszin,Wisconsin
10574.statevalue,dIaho,Idaho
40034.county,Lnin,Linn
4492.county,Cheeynne,Cheyenne
24429.statevalue,Mnnesota,Minnesota
49367.county,vTitus,Titus
43603.statevalue,South akota,South Dakota
19717.county,Specner,Spencer
19397.statevalue,Kentukcy,Kentucky
34311.statevalue,orth Carolina,North Carolina
6552.statevalue,Florioda,Florida
43205.county,MchPerson,McPherson
7342.county,Chathma,Chatham
16320.county,Edwadrs,Edwards
53458.statevalue,Washingtno,Washington
38977.statevalue,Okljahoma,Oklahoma
24118.county,Itasac,Itasca
43346.statevalue,qSouth Dakota,South Dakota
14974.statevalue,Irowa,Iowa
46798.statevalue,exas,Texas
33547.statevalue,Nqew York,New York
18216.county,Christain,Christian
6669.statevalue,Floirda,Florida
51982.statevalue,Viginia,Virginia
42119.statevalue,Suth Carolina,South Carolina
30396.statevalue,ebraska,Nebraska
29143.county,Lincolnn,Lincoln
24730.county,Renville***,Renville
39223.statevalue,Oklahmoa,Oklahoma
41848.statevalue,Souh Carolina,South Carolina
5566.statevalue,Connectiuct,Connecticut
3027.statevalue,Arkasas,Arkansas
29157.statevalue,ontana,Montana
26842.county,Calalway,Callaway
769.county,owndes,Lowndes
3903.county,Sna Benito,San Benito
6254.county,Jefferon,Jefferson
26908.county,Carrol,Carroll
19776.county,Thrigg,Trigg
34886.county,Lehnoir,Lenoir
19108.county,McCrary,McCreary
11767.county,aMssac,Massac
45254.statevalue,Tennesseue,Tennessee
41591.statevalue,Rhode dIsland,Rhode Island
28205.statevalue,Misseouri,Missouri
50247.statevalue,tUah,Utah
13174.statevalue,Indianja,Indiana
37490.statevalue,hio,Ohio
12076.statevalue,Ilolinois,Illinois
34501.county,Durharm,Durham
32586.county,Qauy,Quay
22155.county,ntrim,Antrim
49880.statevalue,Txas,Texas
7042.county,BenHill,Ben Hill
44754.statevalue,Tennaessee,Tennessee
17605.statevalue,Kanss,Kansas
8839.county,Ogletohrpe,Oglethorpe
31480.county,Humboldpt,Humboldt
7102.statevalue,Gergia,Georgia
18320.county,Daviecss,Daviess
39337.statevalue,Oklahmoa,Oklahoma
9077.statevalue,Georia,Georgia
46421.statevalue,Texsa,Texas
9650.county,Whie,White
5071.statevalue,Coloardo,Colorado
54010.statevalue,Wekst Virginia,West Virginia
31844.statevalue,New ersey,New Jersey
45508.county,Bastop,Bastrop
33632.county,Sartaoga,Saratoga
23118.statevalue,Mihigan,Michigan
3480.statevalue,Calfornia,California
22124.county,Alzpena,Alpena
17941.statevalue,entucky,Kentucky
21141.statevalue,Manine,Maine
30477.statevalue,pNebraska,Nebraska
16123.statevalue,Kanass,Kansas
21261.statevalue,Maince,Maine
3833.statevalue,Califorina,California
5614.county,Windhadm,Windham
25147.county,Aclorn,Alcorn
43571.statevalue,outh Dakota,South Dakota
44099.statevalue,Tennejssee,Tennessee
23676.county,Blue aErth,Blue Earth
50636.statevalue,Veront,Vermont
14173.county,Appanoose***,Appanoose
45140.statevalue,Tennssee,Tennessee
44061.statevalue,Tennessee***,Tennessee
6858.county,Wakpulla,Wakulla
28979.statevalue,Motnana,Montana
43082.county,Jonse,Jones
23109.statevalue,Mchigan,Michigan
37650.statevalue,Ohjio,Ohio
54778.county,Aslhand,Ashland
26602.county,azoo,Yazoo
39915.statevalue,Odregon,Oregon
24937.county,Todmd,Todd
13966.county,Vgio,Vigo
11425.statevalue,Illitnois,Illinois
29750.statevalue,Neraska,Nebraska
4842.county,Huefrano,Huerfano
47970.county,Limestoen,Limestone
36972.statevalue,Oio,Ohio
28885.county,Deer Lodeg,Deer Lodge
37403.statevalue,hOio,Ohio
49834.statevalue,Teaxs,Texas
49858.statevalue,mTexas,Texas
14422.statevalue,owa,Iowa
14932.statevalue,Ioaw,Iowa
25278.statevalue,Msisissippi,Mississippi
12775.county,Delawabre,Delaware
24375.statevalue,Minnesotfa,Minnesota
38359.statevalue,Oklaoma,Oklahoma
49880.county,Zvala,Zavala
32189.county,nion,Union
41418.county,Warrne,Warren
32011.statevalue,New Jerbsey,New Jersey
19003.statevalue,eKntucky,Kentucky
44800.county,Obin,Obion
54204.county,Maron,Marion
35128.statevalue,Nortvh Carolina,North Carolina
37697.statevalue,Ohoi,Ohio
55540.statevalue,Wiconsin,Wisconsin
21577.county,kGarrett,Garrett
10711.county,Burau,Bureau
41610.statevalue,South Caolina,South Carolina
32399.statevalue,Newz Mexico,New Mexico
43396.county,Robrets,Roberts
12888.county,Franklibn,Franklin
10504.statevalue,Idyaho,Idaho
14834.statevalue,Iowta,Iowa
11344.county,Jeffgerson,Jefferson
39729.county,olumbia,Columbia
9855.county,dAams,Adams
40247.county,Wacso,Wasco
15798.statevalue,Iwa,Iowa
26422.statevalue,Mississippi***,Mississippi
16411.statevalue,ansas,Kansas
1843.statevalue,Ariznoa,Arizona
50739.statevalue,Vnirginia,Virginia
18144.county,arlisle,Carlisle
17481.statevalue,Knasas,Kansas
18573.statevalue,Keentucky,Kentucky
6795.county,Tyalor,Taylor
37780.county,oNble,Noble
18721.statevalue,Kenucky,Kentucky
51364.statevalue,Virgiinia,Virginia
1372.statevalue,Alasyka,Alaska
36300.statevalue,North Dakoat,North Dakota
36623.county,aWlsh,Walsh
35521.county,fTyrrell,Tyrrell
47267.statevalue,Tjexas,Texas
21332.statevalue,aine,Maine
50439.statevalue,Vrmont,Vermont
41927.county,Edgefild,Edgefield
48606.county,Paonla,Panola
26539.county,Wilkinosn,Wilkinson
24008.county,Goohue,Goodhue
41282.county,nyder,Snyder
19046.statevalue,Knetucky,Kentucky
49368.statevalue,Txeas,Texas
44528.county,Lewsi,Lewis
23176.statevalue,Mijchigan,Michigan
18827.county,Johson,Johnson
12871.statevalue,ndiana,Indiana
11955.county,iPke,Pike
13555.statevalue,Indina,Indiana
52199.statevalue,Virginai,Virginia
17038.statevalue,Kansfas,Kansas
22667.county,Ionai,Ionia
21261.county,Penobbscot,Penobscot
13677.statevalue,Iundiana,Indiana
56054.statevalue,Wyomoing,Wyoming
17961.county,oBoyd,Boyd
52742.statevalue,Virgiia,Virginia
32891.county,Cattarugus,Cattaraugus
21616.statevalue,Marylatnd,Maryland
30443.county,ayes,Hayes
38081.county,Trumbunll,Trumbull
10982.county,Doglas,Douglas
44469.statevalue,Tnenessee,Tennessee
51502.county,Jaems City,James City
36028.county,Gloden Valley,Golden Valley
50989.statevalue,Virginai,Virginia
53347.statevalue,Washingotn,Washington
41217.county,Phiadelphia,Philadelphia
29980.statevalue,Nebarska,Nebraska
19898.county,Whitly,Whitley
24278.statevalue,iMnnesota,Minnesota
15086.statevalue,owa,Iowa
17868.statevalue,Kentucyk,Kentucky
47116.statevalue,Txas,Texas
52195.statevalue,Virbginia,Virginia
46.county,Barbouvr,Barbour
25121.statevalue,Minneosta,Minnesota
53107.county,enton,Benton
38565.county,oCtton,Cotton
56192.statevalue,Wyohming,Wyoming
43370.statevalue,Sout Dakota,South Dakota
38525.county,Cdoal,Coal
9885.county,Beahr Lake,Bear Lake
21116.statevalue,aMine,Maine
34938.county,McoDwell,McDowell
35318.county,Robeon,Robeson
42027.statevalue,xSouth Carolina,South Carolina
47748.county,Kaing,King
2545.statevalue,Akansas,Arkansas
44747.statevalue,eTnnessee,Tennessee
49108.statevalue,Tejxas,Texas
18263.county,Clinon,Clinton
55292.statevalue,Wsconsin,Wisconsin
26072.county,Otkibbeha,Oktibbeha
19180.county,arion,Marion
15331.statevalue,Ioa,Iowa
24117.statevalue,Minnesota***,Minnesota
7148.statevalue,Gerogia,Georgia
7626.county,aDde,Dade
913.statevalue,Aplabama,Alabama
24580.statevalue,Minesota,Minnesota
20240.statevalue,Loxuisiana,Louisiana
23930.statevalue,Minnesofta,Minnesota
8744.county,Mnotgomery,Montgomery
48556.county,lOdham,Oldham
15039.county,Johnzson,Johnson
52270.county,Tzaewell,Tazewell
51072.statevalue,Virgilnia,Virginia
40546.county,eCntre,Centre
27092.statevalue,Mssouri,Missouri
12351.statevalue,Illinois***,Illinois
27865.statevalue,Mjissouri,Missouri
33780.statevalue,New bYork,New York
46988.statevalue,Txas,Texas
31143.statevalue,eNbraska,Nebraska
6740.county,Semignole,Seminole
26708.county,Baton,Barton
25584.county,Holes,Holmes
6402.county,Maonatee,Manatee
18373.statevalue,Kentcky,Kentucky
17041.county,Morirs,Morris
49679.county,Wheelre,Wheeler
48371.county,Maontgomery,Montgomery
17413.statevalue,Kcansas,Kansas
7862.county,Ehvans,Evans
40857.statevalue,Pennsylvnia,Pennsylvania
47274.county,iHll,Hill
50267.statevalue,Utha,Utah
32850.statevalue,New Yorhk,New York
20472.statevalue,Louisbiana,Louisiana
10534.statevalue,Idaoh,Idaho
37829.county,Pery,Perry
23779.statevalue,Mninesota,Minnesota
30643.county,Knozx,Knox
54270.county,Mecrer,Mercer
13006.county,Harrisoyn,Harrison
27901.statevalue,issouri,Missouri
26687.county,Barrly,Barry
38342.county,Beckahm,Beckham
34943.statevalue,Nroth Carolina,North Carolina
50969.county,Caorline,Caroline
42797.statevalue,South Dkaota,South Dakota
6071.statevalue,Floida,Florida
26968.statevalue,Misouri,Missouri
39923.statevalue,Orekgon,Oregon
12622.statevalue,pIndiana,Indiana
6387.statevalue,Floriad,Florida
53459.county,Lincooln,Lincoln
28994.statevalue,ontana,Montana
9630.statevalue,Gergia,Georgia
9567.statevalue,Geogia,Georgia
37795.statevalue,kOhio,Ohio
28805.county,Chmouteau,Chouteau
21891.statevalue,oMassachusetts,Massachusetts
49851.statevalue,exas,Texas
33893.statevalue,Ne York,New York
10583.county,Twinj Falls,Twin Falls
43775.statevalue,Tennesee,Tennessee
46807.statevalue,pTexas,Texas
34756.statevalue,Nort Carolina,North Carolina
14877.statevalue,Ionwa,Iowa
25040.statevalue,Minnsota,Minnesota
22699.statevalue,Micihigan,Michigan
15755.county,Wshington,Washington
40172.county,Tillamoko,Tillamook
21171.statevalue,Mane,Maine
5973.statevalue,Folrida,Florida
50624.statevalue,Vercmont,Vermont
50294.county,ooele,Tooele
3484.county,Humboltd,Humboldt
54185.statevalue,Wset Virginia,West Virginia
48110.statevalue,Teas,Texas
43129.statevalue,South Dakoat,South Dakota
6870.statevalue,Floridna,Florida
29722.county,rthur,Arthur
51861.statevalue,kVirginia,Virginia
36444.county,Rolaette,Rolette
39846.county,Gillim,Gilliam
16208.county,Cdowley,Cowley
25213.statevalue,Misissippi,Mississippi
44980.statevalue,Tennesse,Tennessee
20524.statevalue,Louisiamna,Louisiana
54474.statevalue,Wset Virginia,West Virginia
25624.statevalue,Mississpipi,Mississippi
9165.county,Stpehens,Stephens
50327.county,intah,Uintah
28413.statevalue,Misssouri,Missouri
25440.county,Frrest,Forrest
18911.county,Lpaurel,Laurel
51624.statevalue,Virginiba,Virginia
39185.statevalue,Olkahoma,Oklahoma
54782.statevalue,Wsconsin,Wisconsin
8526.statevalue,eGorgia,Georgia
50604.statevalue,Vemront,Vermont
46451.statevalue,Trexas,Texas
18845.statevalue,Kntucky,Kentucky
14564.county,Davihs,Davis
29077.county,Judith jBasin,Judith Basin
42789.county,Dougas,Douglas
52518.statevalue,Virgzinia,Virginia
45793.county,Burent,Burnet
11997.statevalue,Ilylinois,Illinois
32635.statevalue,New Mexaico,New Mexico
43981.statevalue,Tenenssee,Tennessee
24733.statevalue,Minnesoat,Minnesota
50348.statevalue,Utafh,Utah
19222.county,Malrtin,Martin
41247.statevalue,ennsylvania,Pennsylvania
9035.county,oRabun,Rabun
28397.county,Sott,Scott
45860.statevalue,qTexas,Texas
18151.county,Caxrroll,Carroll
56289.statevalue,Wyming,Wyoming
22459.statevalue,Michian,Michigan
55230.county,Jckson,Jackson
56297.county,Niorbara,Niobrara
9539.statevalue,Goergia,Georgia
15056.statevalue,Iotwa,Iowa
47418.statevalue,Teaxs,Texas
35213.statevalue,Nort Carolina,North Carolina
34422.statevalue,Noth Carolina,North Carolina
11729.county,Marsall,Marshall
46384.county,Deafv Smith,Deaf Smith
27034.statevalue,Misouri,Missouri
48226.county,Maevrick,Maverick
41641.county,Alljendale,Allendale
9167.county,wStephens,Stephens
12911.county,Gibsn,Gibson
47350.county,ouston,Houston
17784.county,Wyandote,Wyandotte
54897.statevalue,Wisconin,Wisconsin
19908.county,Whitlye,Whitley
50734.county,Asmelia,Amelia
41047.statevalue,Pennylvania,Pennsylvania
54092.statevalue,West Virginaia,West Virginia
28096.county,latte,Platte
32394.statevalue,New Meexico,New Mexico
35173.statevalue,North Cahrolina,North Carolina
20314.county,Franklyin,Franklin
47759.statevalue,Teas,Texas
50103.statevalue,tah,Utah
46762.county,Frankin,Franklin
25408.statevalue,Misissippi,Mississippi
4632.statevalue,Colorao,Colorado
35634.county,Watagua,Watauga
22040.county,Suffoylk,Suffolk
11830.statevalue,Ililnois,Illinois
51455.county,eHnry,Henry
9264.county,Tatxtnall,Tattnall
7997.statevalue,Geqorgia,Georgia
36057.statevalue,North Dkota,North Dakota
42905.statevalue,Suth Dakota,South Dakota
52551.county,Fabirfax City,Fairfax City
45232.county,Wahsington,Washington
5462.county,jYuma,Yuma
39441.statevalue,Olkahoma,Oklahoma
37265.statevalue,Oiho,Ohio
3744.statevalue,Californnia,California
39304.county,Ozttawa,Ottawa
8022.statevalue,Georjgia,Georgia
11691.county,Mdaison,Madison
47932.county,eLon,Leon
54043.statevalue,West irginia,West Virginia
6464.statevalue,Floirda,Florida
43870.statevalue,ennessee,Tennessee
22083.county,Alcoan,Alcona
28050.county,Phels,Phelps
46727.county,pFoard,Foard
43212.statevalue,Soukth Dakota,South Dakota
2024.county,gBradley,Bradley
30744.county,McPhersn,McPherson
38505.county,Cleveladn,Cleveland
36222.statevalue,orth Dakota,North Dakota
33121.county,Fuplton,Fulton
12661.county,Clpinton,Clinton
41499.statevalue,Pennylvania,Pennsylvania
20970.county,Vermidlion,Vermilion
7655.county,zDecatur,Decatur
16990.county,Miaim,Miami
20330.statevalue,Loiusiana,Louisiana
53122.statevalue,Washintgon,Washington
27402.county,Hwoard,Howard
32744.statevalue,New Meixco,New Mexico
16661.statevalue,Knsas,Kansas
16120.county,Clafrk,Clark
25741.county,Kemzper,Kemper
24803.statevalue,Mnnesota,Minnesota
4069.county,Shsata,Shasta
31367.county,Churchil,Churchill
22643.statevalue,Michiagn,Michigan
4358.statevalue,Colonrado,Colorado
49883.county,Zvala,Zavala
7398.statevalue,Georgifa,Georgia
44407.statevalue,Tenenssee,Tennessee
39837.statevalue,zOregon,Oregon
22119.statevalue,Mihcigan,Michigan
29809.statevalue,Nerbaska,Nebraska
50946.statevalue,Virgniia,Virginia
15966.statevalue,Knasas,Kansas
36419.county,Richladn,Richland
19973.county,Alln,Allen
6200.statevalue,Floirda,Florida
40599.county,Cearfield,Clearfield
33315.statevalue,New Yokr,New York
27351.statevalue,Missouhri,Missouri
16179.statevalue,ansas,Kansas
14823.county,Hmailton,Hamilton
32649.statevalue,Ne Mexico,New Mexico
18519.statevalue,Kentcky,Kentucky
37241.statevalue,Ohoi,Ohio
17377.statevalue,aKnsas,Kansas
43546.statevalue,SouthDakota,South Dakota
14350.statevalue,Iwa,Iowa
11272.county,Hnery,Henry
7610.county,eCrisp,Crisp
19588.county,Robertsno,Robertson
16901.statevalue,Kanmsas,Kansas
53326.statevalue,Wsahington,Washington
20845.statevalue,sLouisiana,Louisiana
13715.statevalue,ndiana,Indiana
18453.statevalue,Kentucy,Kentucky
42668.county,Cbodington,Codington
12852.statevalue,Indianna,Indiana
43819.county,Chestre,Chester
7133.county,Broosk,Brooks
23226.statevalue,Micihgan,Michigan
11234.county,Harduin,Hardin
17022.statevalue,bKansas,Kansas
17710.county,Washignton,Washington
1241.statevalue,Alasak,Alaska
3684.county,Mendoicno,Mendocino
56253.county,Licoln,Lincoln
1425.statevalue,Alarska,Alaska
56040.statevalue,isconsin,Wisconsin
43124.statevalue,South aDkota,South Dakota
9926.county,Binghma,Bingham
36432.county,Richand,Richland
6039.statevalue,Florda,Florida
8396.statevalue,Georiga,Georgia
33602.statevalue,New ork,New York
39775.statevalue,Orgeon,Oregon
33836.county,arren,Warren
5992.statevalue,lForida,Florida
30348.county,Gsper,Gosper
19039.statevalue,Kentcky,Kentucky
37487.statevalue,Ohmio,Ohio
48256.county,Media,Medina
31673.county,Belnkap,Belknap
3081.county,Seary,Searcy
46482.county,Dnoley,Donley
38949.county,Kioaw,Kiowa
54933.county,Clarhk,Clark
16126.county,lark,Clark
10660.statevalue,Illinois***,Illinois
39273.statevalue,Oklaoma,Oklahoma
29760.county,Blaien,Blaine
21876.county,Dueks,Dukes
55499.statevalue,Wiscontsin,Wisconsin
12370.statevalue,Illinoigs,Illinois
42758.statevalue,South Daktoa,South Dakota
18135.statevalue,oKentucky,Kentucky
30729.statevalue,Nberaska,Nebraska
3031.statevalue,Arkanssa,Arkansas
38695.county,Gharfield,Garfield
54614.statevalue,West Virignia,West Virginia
1855.statevalue,Airzona,Arizona
34026.statevalue,North Carolia,North Carolina
36288.county,Mounrtail,Mountrail
26620.statevalue,Missouvri,Missouri
5358.statevalue,Coloradfo,Colorado
41053.statevalue,Pennsylania,Pennsylvania
36334.statevalue,Novrth Dakota,North Dakota
21221.statevalue,aine,Maine
35472.statevalue,North Carolna,North Carolina
42882.statevalue,South nDakota,South Dakota
4715.statevalue,Cvolorado,Colorado
29018.statevalue,Mnotana,Montana
15667.county,aylor,Taylor
49764.statevalue,Teaxs,Texas
43119.county,Laek,Lake
8104.statevalue,Georga,Georgia
48417.county,Mobrris,Morris
15041.statevalue,Iwoa,Iowa
39306.county,Ottaa,Ottawa
3220.statevalue,rkansas,Arkansas
5197.county,Phillpis,Phillips
40146.statevalue,regon,Oregon
34026.county,Apvery,Avery
12771.statevalue,ndiana,Indiana
8688.statevalue,Georia,Georgia
50189.county,Rmich,Rich
11232.county,Hanocck,Hancock
35229.county,ePrson,Person
13909.statevalue,Indiaa,Indiana
6191.statevalue,lorida,Florida
6515.county,kaloosa,Okaloosa
35734.county,oAdams,Adams
3983.county,San iLuis Obispo,San Luis Obispo
47303.county,Hckley,Hockley
55097.statevalue,Wiscnsin,Wisconsin
41074.county,Mercr,Mercer
6617.statevalue,Fluorida,Florida
7668.county,Decatru,Decatur
21020.county,eWbster,Webster
27381.statevalue,Misstouri,Missouri
41799.statevalue,South Carolna,South Carolina
1578.statevalue,Alasak,Alaska
26194.county,Qauitman,Quitman
38876.statevalue,Oklhaoma,Oklahoma
42873.statevalue,Soutch Dakota,South Dakota
40696.county,Dauaphin,Dauphin
49158.county,Smervell,Somervell
26406.statevalue,Migssissippi,Mississippi
8343.county,Jefferon,Jefferson
27380.county,olt,Holt
45265.statevalue,iTennessee,Tennessee
32979.statevalue,New Yok,New York
38752.statevalue,zOklahoma,Oklahoma
13653.statevalue,uIndiana,Indiana
45755.county,Brwooks,Brooks
8573.statevalue,Geogria,Georgia
37284.county,bHarrison,Harrison
37735.county,Morrsow,Morrow
11451.county,sKendall,Kendall
15462.statevalue,Iwa,Iowa
43142.county,Lawrecne,Lawrence
26095.statevalue,Missisisppi,Mississippi
2587.statevalue,Arknsas,Arkansas
18748.county,opkins,Hopkins
44783.statevalue,Tenessee,Tennessee
30644.statevalue,Nebrska,Nebraska
37359.county,Homles,Holmes
45120.county,Tipjton,Tipton
41921.county,Dordchester,Dorchester
52757.statevalue,vVirginia,Virginia
55703.statevalue,Wicsonsin,Wisconsin
56132.county,Convxerse,Converse
37150.statevalue,Oho,Ohio
17291.statevalue,Knasas,Kansas
43698.county,Bloumnt,Blount
11148.statevalue,llinois,Illinois
27772.statevalue,Missouir,Missouri
25248.statevalue,Misisssippi,Mississippi
51019.statevalue,irginia,Virginia
437.statevalue,Alabaam,Alabama
6484.statevalue,Floriyda,Florida
52419.statevalue,Virgiina,Virginia
42075.statevalue,South Caolina,South Carolina
39404.county,Pushmatha,Pushmataha
27220.county,Duknlin,Dunklin
43962.county,Deactur,Decatur
6720.statevalue,Florda,Florida
74.county,Bolount,Blount
23434.statevalue,Micihgan,Michigan
20184.statevalue,Louisiaa,Louisiana
53256.statevalue,Wshington,Washington
28137.statevalue,Misdsouri,Missouri
28539.statevalue,Misouri,Missouri
34444.county,Davidslon,Davidson
41209.county,Philadeqlphia,Philadelphia
26380.county,Tpipah,Tippah
46060.statevalue,Texs,Texas
44532.statevalue,Tenndessee,Tennessee
54074.county,Jacykson,Jackson
20243.county,Easmt Baton Rouge,East Baton Rouge
43547.statevalue,Soruth Dakota,South Dakota
36768.statevalue,hio,Ohio
51648.statevalue,Vigrinia,Virginia
56333.statevalue,Wyorming,Wyoming
45835.statevalue,Texsa,Texas
21140.statevalue,Mainbe,Maine
50717.county,Alpleghany,Alleghany
6245.statevalue,Floridka,Florida
48184.county,Matrin,Martin
31323.statevalue,Nebrasa,Nebraska
41538.county,ent,Kent
37082.county,Fairfkield,Fairfield
12014.statevalue,Illeinois,Illinois
39338.county,Paysne,Payne
40046.statevalue,Oegon,Oregon
36052.statevalue,North Dakoa,North Dakota
17971.statevalue,Kentuckwy,Kentucky
17719.statevalue,Kanas,Kansas
52851.county,Poquosn City,Poquoson City
31879.county,Burington,Burlington
40098.county,orrow,Morrow
12184.county,Shuelby,Shelby
18604.statevalue,Kenucky,Kentucky
36512.statevalue,Norht Dakota,North Dakota
3489.county,Humobldt,Humboldt
46071.statevalue,Txeas,Texas
42259.county,Ocbonee,Oconee
17186.statevalue,ansas,Kansas
49484.statevalue,Texs,Texas
28698.county,Blig Horn,Big Horn
25483.statevalue,Misissippi,Mississippi
52503.statevalue,Virginai,Virginia
42864.county,kGrant,Grant
7657.statevalue,Gseorgia,Georgia
18138.county,arlisle,Carlisle
20650.county,Rappides,Rapides
34113.statevalue,North Caolina,North Carolina
30353.county,rant,Grant
27974.statevalue,Mssouri,Missouri
48875.statevalue,Texams,Texas
16611.county,Harvye,Harvey
39510.statevalue,Oklashoma,Oklahoma
47525.county,Jeffersoqn,Jefferson
11802.statevalue,Illginois,Illinois
5005.county,ogan,Logan
5213.statevalue,Colordao,Colorado
21929.county,Hampdezn,Hampden
42406.county,Williamburg,Williamsburg
8824.statevalue,Georiga,Georgia
43858.statevalue,Tenenssee,Tennessee
4157.county,Soznoma,Sonoma
12232.county,azewell,Tazewell
23770.statevalue,Minensota,Minnesota
41103.county,Monrzoe,Monroe
48262.statevalue,Textas,Texas
385.county,Cullmxan,Cullman
36732.statevalue,Oio,Ohio
18069.county,Bulter,Butler
31321.statevalue,Nebrasa,Nebraska
33014.county,Crotland,Cortland
34189.statevalue,Noth Carolina,North Carolina
45797.statevalue,Texsas,Texas
23535.statevalue,Michigain,Michigan
9746.county,Wotrh,Worth
51525.statevalue,Vifrginia,Virginia
44649.county,Marin,Marion
9601.statevalue,Gergia,Georgia
40439.county,Bradfbord,Bradford
28821.statevalue,Monatna,Montana
25371.county,Coaoma,Coahoma
13008.statevalue,nIdiana,Indiana
35583.county,Wae,Wake
43581.county,Yanktaon,Yankton
54905.statevalue,Wfisconsin,Wisconsin
40917.statevalue,ePnnsylvania,Pennsylvania
39067.statevalue,Oklaheoma,Oklahoma
3276.county,Yelql,Yell
14623.statevalue,oIwa,Iowa
4827.county,Hluerfano,Huerfano
52216.county,Stakfford,Stafford
51420.statevalue,irginia,Virginia
3435.statevalue,Caylifornia,California
26101.county,Peal River,Pearl River
11488.county,wLake,Lake
13403.statevalue,Indiaa,Indiana
22046.county,uSffolk,Suffolk
40567.county,Chehster,Chester
36340.statevalue,North Dkota,North Dakota
39052.county,Mzcclain,Mcclain
13254.statevalue,dIndiana,Indiana
48290.statevalue,exas,Texas
23265.county,Oscela,Osceola
6121.county,Hendrky,Hendry
32782.county,Uinon,Union
48439.statevalue,mTexas,Texas
49264.county,Swishr,Swisher
27400.statevalue,qMissouri,Missouri
985.statevalue,lAabama,Alabama
14090.county,Whte,White
10897.statevalue,lIlinois,Illinois
55593.statevalue,Wiscnsin,Wisconsin
12490.county,Allne,Allen
9513.statevalue,Gorgia,Georgia
10098.statevalue,Idho,Idaho
510.statevalue,Alaabma,Alabama
46243.county,Crawne,Crane
3352.statevalue,Cvalifornia,California
4923.statevalue,Colordao,Colorado
27202.county,Douglsa,Douglas
45843.county,aClhoun,Calhoun
45653.statevalue,Teas,Texas
43913.statevalue,Tenessee,Tennessee
28533.statevalue,Missourvi,Missouri
9212.statevalue,Georgai,Georgia
53814.county,Booen,Boone
11728.statevalue,llinois,Illinois
5107.county,Monrtose,Montrose
20281.county,East Felciana,East Feliciana
42082.county,Jaspre,Jasper
41101.county,Mornoe,Monroe
28591.county,Wayen,Wayne
33422.statevalue,NewY ork,New York
31499.statevalue,Nevaa,Nevada
39340.statevalue,Oklahmoa,Oklahoma
7676.statevalue,Georga,Georgia
44115.statevalue,Tnnessee,Tennessee
47921.statevalue,Txeas,Texas
39938.statevalue,Oreon,Oregon
39697.county,Clackamsa,Clackamas
42892.statevalue,South Dakoa,South Dakota
31257.statevalue,Nberaska,Nebraska
34360.statevalue,North Carolian,North Carolina
7808.statevalue,Georga,Georgia
11217.statevalue,Illniois,Illinois
54797.statevalue,Wisconisn,Wisconsin
39449.statevalue,Okalhoma,Oklahoma
3110.county,Siebastian,Sebastian
15574.statevalue,Iwa,Iowa
51276.statevalue,Virignia,Virginia
55759.county,St aCroix,St Croix
36416.county,Riclhand,Richland
47169.county,Hwartley,Hartley
12575.statevalue,Igndiana,Indiana
29200.county,Meaghr,Meagher
53176.county,Columbai,Columbia
49619.county,aWshington,Washington
25995.statevalue,Mississpipi,Mississippi
5480.county,aFirfield,Fairfield
11770.county,Masac,Massac
43186.county,MceCook,McCook
40029.statevalue,Oregno,Oregon
50048.statevalue,Utha,Utah
2535.statevalue,Arkantsas,Arkansas
55629.county,Polwk,Polk
6746.county,Seminoe,Seminole
22436.statevalue,Michigyan,Michigan
1950.statevalue,Arknasas,Arkansas
56252.county,Linconl,Lincoln
45753.statevalue,exas,Texas
20936.county,Unino,Union
3880.statevalue,alifornia,California
16627.county,aHaskell,Haskell
37466.statevalue,Ohzio,Ohio
2608.statevalue,Acrkansas,Arkansas
13939.county,dVermillion,Vermillion
47892.county,avaca,Lavaca
22063.county,Worcseter,Worcester
8286.county,ackson,Jackson
42307.statevalue,Souh Carolina,South Carolina
51939.statevalue,Virgiia,Virginia
14094.county,Whiet,White
10488.statevalue,Idatho,Idaho
19371.county,Muhlnberg,Muhlenberg
44411.county,Jefferxson,Jefferson
14328.county,Butlder,Butler
35847.statevalue,oNrth Dakota,North Dakota
4770.county,Gilpn,Gilpin
16028.statevalue,aKnsas,Kansas
41085.statevalue,gPennsylvania,Pennsylvania
47879.county,Lka Salle,La Salle
15633.county,Stnory,Story
47285.statevalue,Teaxs,Texas
19678.statevalue,Kenttucky,Kentucky
6233.county,Jeackson,Jackson
19544.statevalue,Ketucky,Kentucky
21325.statevalue,Miane,Maine
48759.county,Randadll,Randall
52983.statevalue,Virginai,Virginia
31489.statevalue,Nevqada,Nevada
14460.county,Clrake,Clarke
49184.county,Stephnes,Stephens
31590.county,ershing,Pershing
25051.statevalue,Minnesoat,Minnesota
38634.statevalue,Oklhaoma,Oklahoma
22919.statevalue,Michpigan,Michigan
4208.county,kTehama,Tehama
8617.statevalue,Georia,Georgia
25719.county,Jeferson Davis,Jefferson Davis
12231.county,Tazeewll,Tazewell
22502.statevalue,Mcihigan,Michigan
14276.statevalue,Ioaw,Iowa
5297.county,Rouvtt,Routt
8838.statevalue,eGorgia,Georgia
24290.statevalue,Minnesota***,Minnesota
42853.county,Faukl,Faulk
23116.statevalue,Mgichigan,Michigan
18544.county,Garyson,Grayson
6979.county,Balwdin,Baldwin
31490.county,Lnader,Lander
7945.statevalue,Georgiga,Georgia
13030.county,Hendriucks,Hendricks
8050.county,Grayd,Grady
50885.county,otetourt,Botetourt
44883.statevalue,Tennsesee,Tennessee
44242.statevalue,Tennwessee,Tennessee
49738.statevalue,exas,Texas
7249.statevalue,Georgiea,Georgia
27134.statevalue,Missouir,Missouri
29210.statevalue,Mxontana,Montana
16610.statevalue,Kasnas,Kansas
7921.county,Forsvyth,Forsyth
31060.county,Sapry,Sarpy
39423.statevalue,Okalhoma,Oklahoma
26661.statevalue,Missoeuri,Missouri
1956.county,Ashly,Ashley
39387.county,Pottawatmoie,Pottawatomie
18558.county,Graysovn,Grayson
43695.county,lount,Blount
39700.county,Clacakmas,Clackamas
17861.statevalue,Ketucky,Kentucky
13924.county,Vanderburmgh,Vanderburgh
49535.county,Vapn Zandt,Van Zandt
24895.statevalue,Mnnesota,Minnesota
13364.county,artin,Martin
15405.statevalue,Ioaw,Iowa
40242.county,asco,Wasco
53821.county,Brarxton,Braxton
12971.county,Hamilaton,Hamilton
54476.county,Ptunam,Putnam
42352.county,Spartabnurg,Spartanburg
23882.statevalue,Minnesdota,Minnesota
21073.county,est Feliciana,West Feliciana
39156.county,Muray,Murray
35288.statevalue,North Carolnina,North Carolina
41832.statevalue,South Carlina,South Carolina
1840.statevalue,Arizeona,Arizona
11373.statevalue,Illinios,Illinois
54870.statevalue,Wiscbonsin,Wisconsin
49117.county,Sheman,Sherman
39161.statevalue,Oklaoma,Oklahoma
39138.county,tMayes,Mayes
22688.statevalue,Michgan,Michigan
39717.county,latsop,Clatsop
33184.county,Hamiltxon,Hamilton
30229.county,Fraknlin,Franklin
14428.statevalue,Irowa,Iowa
23874.statevalue,Minensota,Minnesota
39341.statevalue,Oklahooma,Oklahoma
13197.county,Knxo,Knox
44009.county,Dicson,Dickson
28456.county,Stohddard,Stoddard
42459.statevalue,South Dakolta,South Dakota
41293.statevalue,Pennsyvania,Pennsylvania
11918.statevalue,llinois,Illinois
44689.statevalue,Tenenssee,Tennessee
12045.statevalue,Ilinois,Illinois
7623.statevalue,eorgia,Georgia
53079.county,dAams,Adams
6879.county,Washinpgton,Washington
3782.statevalue,yCalifornia,California
44544.county,wLincoln,Lincoln
30902.statevalue,Nnebraska,Nebraska
27397.county,Hkoward,Howard
50297.statevalue,tUah,Utah
4948.county,La Pata,La Plata
26023.county,Neshoab,Neshoba
34240.statevalue,Norjth Carolina,North Carolina
20717.statevalue,Louisiaxna,Louisiana
29145.statevalue,Monytana,Montana
53484.county,Okangoan,Okanogan
18222.county,Clak,Clark
34244.statevalue,North Crolina,North Carolina
38049.statevalue,hio,Ohio
49680.statevalue,Teaxs,Texas
493.statevalue,labama,Alabama
21997.statevalue,Malssachusetts,Massachusetts
46955.county,Gryson,Grayson
30915.county,hPelps,Phelps
11239.county,Hkardin,Hardin
24466.statevalue,Minnejsota,Minnesota
13441.statevalue,Indinaa,Indiana
18198.statevalue,entucky,Kentucky
6682.statevalue,Folrida,Florida
43594.statevalue,Souh Dakota,South Dakota
28075.county,Pikke,Pike
26694.county,Bary,Barry
49252.statevalue,Terxas,Texas
49422.county,rinity,Trinity
48488.statevalue,Teas,Texas
7174.statevalue,Georgiwa,Georgia
4727.county,Frmeont,Fremont
45143.county,Trusdale,Trousdale
18753.statevalue,Kenthucky,Kentucky
6034.county,Gtilchrist,Gilchrist
44475.statevalue,Tenessee,Tennessee
14112.county,Whitlye,Whitley
31427.county,lko,Elko
20869.county,St Tmmany,St Tammany
19187.statevalue,Kentcky,Kentucky
29539.county,Sweet Grass***,Sweet Grass
29365.county,Poewll,Powell
40965.county,Lawrnce,Lawrence
37600.statevalue,hio,Ohio
37489.statevalue,Oio,Ohio
15402.statevalue,Ioa,Iowa
45213.statevalue,Tnenessee,Tennessee
5971.county,tEscambia,Escambia
26494.county,Wahshington,Washington
53777.county,Barboru,Barbour
46095.county,Clolin,Collin
43880.statevalue,Tnenessee,Tennessee
40757.county,Fyaette,Fayette
19795.county,rimble,Trimble
53503.county,Paicfic,Pacific
25375.county,Cahoma,Coahoma
9042.county,Randorlph,Randolph
30589.county,Keiht,Keith
51674.county,Mvadison,Madison
32527.county,Mckiley,Mckinley
54518.statevalue,West Vriginia,West Virginia
28659.statevalue,Msisouri,Missouri
165.statevalue,Albama,Alabama
20399.county,Jeffersomn,Jefferson
35256.statevalue,Noorth Carolina,North Carolina
8073.statevalue,Geiorgia,Georgia
53340.statevalue,Washnington,Washington
9433.county,Turnr,Turner
9547.county,Wrae,Ware
44549.statevalue,Tennessee***,Tennessee
38232.statevalue,hio,Ohio
22551.county,Gogeibc,Gogebic
45454.county,ustin,Austin
27437.county,Imron,Iron
28496.county,Tanye,Taney
28797.statevalue,Montnaa,Montana
27194.statevalue,Missouri***,Missouri
31449.statevalue,Nevadla,Nevada
45362.statevalue,Tedxas,Texas
7207.statevalue,Georgtia,Georgia
18492.statevalue,Kenttucky,Kentucky
6367.county,Lierty,Liberty
25032.statevalue,Mqinnesota,Minnesota
47731.statevalue,Tezxas,Texas
3097.statevalue,Arknsas,Arkansas
55487.county,Miwaukee,Milwaukee
13683.county,Rmipley,Ripley
43075.statevalue,outh Dakota,South Dakota
17801.statevalue,Kuentucky,Kentucky
39855.statevalue,Orebgon,Oregon
45722.county,Biscoe,Briscoe
34419.county,Darpe,Dare
22392.statevalue,ichigan,Michigan
40972.county,Lbanon,Lebanon
17999.county,Braclken,Bracken
38691.county,Giarfield,Garfield
19294.statevalue,Kentucyk,Kentucky
3953.statevalue,Califorqnia,California
54521.statevalue,West Viginia,West Virginia
19753.statevalue,Khentucky,Kentucky
966.county,Pickesn,Pickens
36714.county,Allne,Allen
12195.statevalue,Ilinois,Illinois
11555.county,Lee***,Lee
44277.statevalue,Tennessee***,Tennessee
25667.county,Jacksno,Jackson
33519.statevalue,Nwe York,New York
33266.statevalue,New Yrk,New York
19783.statevalue,Kentuky,Kentucky
51128.statevalue,Viginia,Virginia
2324.statevalue,Arkanss,Arkansas
19056.county,ogan,Logan
53609.statevalue,Washinton,Washington
20906.county,Tnesas,Tensas
12172.statevalue,llinois,Illinois
22943.county,hMackinac,Mackinac
35007.county,Mecklenbutrg,Mecklenburg
19258.statevalue,entucky,Kentucky
21170.statevalue,Maien,Maine
8894.statevalue,Geogia,Georgia
48060.county,Lubbcok,Lubbock
9565.county,Warrn,Warren
41089.statevalue,Pennsylvaknia,Pennsylvania
40233.statevalue,qOregon,Oregon
27580.county,Lmawrence,Lawrence
54281.county,Mieral,Mineral
47526.county,efferson,Jefferson
45451.county,ustin,Austin
28640.statevalue,Missuri,Missouri
55147.county,Gtrant,Grant
3449.county,rFesno,Fresno
1241.county,Aleutians Weswt,Aleutians West
15456.county,Plmouth,Plymouth
487.county,tEowah,Etowah
39985.county,Lkake,Lake
26368.county,ate,Tate
7728.county,Dougheryt,Dougherty
51260.county,rFanklin,Franklin
32256.statevalue,wNew Mexico,New Mexico
34045.county,Beauqfort,Beaufort
20583.statevalue,Louisiaan,Louisiana
26666.county,uAdrain,Audrain
23041.county,Menbominee,Menominee
10433.statevalue,daho,Idaho
31566.statevalue,Nevaida,Nevada
24657.statevalue,Minnesofta,Minnesota
45783.statevalue,Texsas,Texas
54727.county,Wod,Wood
29990.county,Caly,Clay
1718.statevalue,Arizzona,Arizona
9880.county,Bnanock,Bannock
19264.statevalue,Kentugcky,Kentucky
45450.statevalue,eTxas,Texas
29384.county,Praiie,Prairie
42038.statevalue,outh Carolina,South Carolina
47750.statevalue,Texsa,Texas
31575.county,Pershign,Pershing
138.county,Calhnoun,Calhoun
41838.statevalue,South Carolian,South Carolina
18875.county,Knx,Knox
27186.county,kDent,Dent
30130.statevalue,Nebrsaka,Nebraska
32713.county,Siera,Sierra
6974.county,Balwdwin,Baldwin
21135.county,Cumerland,Cumberland
41498.county,Yokr,York
4335.statevalue,Clorado,Colorado
41329.county,Susuehanna,Susquehanna
30375.statevalue,Nebraskda,Nebraska
39278.county,Osague,Osage
55317.county,L Crosse,La Crosse
21824.statevalue,Massacuhsetts,Massachusetts
46830.county,Galvestno,Galveston
28366.county,chuyler,Schuyler
23937.statevalue,Minesota,Minnesota
12590.statevalue,Indianua,Indiana
20879.county,St Tammayn,St Tammany
46619.county,Erxath,Erath
24058.statevalue,Minensota,Minnesota
30879.county,awnee,Pawnee
46476.statevalue,Tetxas,Texas
9419.county,Trop,Troup
39564.county,Tulas,Tulsa
1600.county,Valdez Cordolva,Valdez Cordova
34924.county,McDwoell,McDowell
35682.county,Wixlson,Wilson
9267.statevalue,eorgia,Georgia
7449.statevalue,Gxeorgia,Georgia
12373.statevalue,Ililnois,Illinois
47511.statevalue,Texsa,Texas
19938.county,Wooddford,Woodford
42271.statevalue,Soutwh Carolina,South Carolina
45450.county,tascosa,Atascosa
13052.county,Howad,Howard
45317.county,Wmilson,Wilson
15965.statevalue,Kansias,Kansas
41999.county,reenville,Greenville
50593.county,Olreans,Orleans
23028.county,Mecsota,Mecosta
31949.statevalue,New Jesey,New Jersey
41261.county,cShuylkill,Schuylkill
50231.statevalue,tah,Utah
9869.statevalue,Indaho,Idaho
9535.county,Watlon,Walton
41312.county,Sulilvan,Sullivan
1774.statevalue,Arizoan,Arizona
30573.statevalue,Nebrska,Nebraska
23113.statevalue,Michiagn,Michigan
10878.statevalue,Ilinois,Illinois
39466.county,Seminoel,Seminole
34080.county,Bladeen,Bladen
49131.statevalue,Txeas,Texas
12530.county,Blackfodr,Blackford
3550.statevalue,Caliofrnia,California
30485.county,olt,Holt
13310.county,Madwison,Madison
53040.statevalue,Vigrinia,Virginia
25260.county,Carrol,Carroll
7381.statevalue,Gerogia,Georgia
49138.statevalue,Teaxs,Texas
7727.statevalue,Georga,Georgia
5008.county,dLogan,Logan
1876.county,Sant aCruz,Santa Cruz
22821.statevalue,ichigan,Michigan
20636.statevalue,gLouisiana,Louisiana
4728.statevalue,Coorado,Colorado
54131.county,Leiws,Lewis
52758.statevalue,Vnirginia,Virginia
49270.county,Tarratn,Tarrant
8007.statevalue,Georgiqa,Georgia
8599.statevalue,Gerogia,Georgia
9575.county,Warroen,Warren
41299.county,Somrset,Somerset
53413.statevalue,Washaington,Washington
32747.statevalue,NewMexico,New Mexico
18114.statevalue,Kentukcy,Kentucky
22963.county,Maocmb,Macomb
1254.statevalue,lAaska,Alaska
8502.county,Lincozln,Lincoln
28508.county,Tanely,Taney
37232.county,Hamilon,Hamilton
12002.statevalue,Illinis,Illinois
53484.statevalue,Washingtno,Washington
30733.county,cPherson,McPherson
49205.statevalue,Teas,Texas
35565.statevalue,Noxrth Carolina,North Carolina
42747.county,Dya,Day
30021.county,oClfax,Colfax
21979.county,Natnucket,Nantucket
28716.statevalue,Mntana,Montana
25597.statevalue,Milssissippi,Mississippi
55397.statevalue,isconsin,Wisconsin
47676.statevalue,eTxas,Texas
44083.county,ibson,Gibson
2247.county,Crittepnden,Crittenden
51102.county,Culepper,Culpeper
36784.county,Auglakize,Auglaize
13691.county,Riplexy,Ripley
5437.county,Wedl,Weld
37814.county,Papulding,Paulding
8733.county,Mnotgomery,Montgomery
11522.county,Lawrecne,Lawrence
25352.statevalue,Missssippi,Mississippi
37214.statevalue,Ohijo,Ohio
10648.county,jAlexander,Alexander
42755.statevalue,Soutfh Dakota,South Dakota
29479.county,Saders,Sanders
25651.county,Jauckson,Jackson
18413.statevalue,entucky,Kentucky
28739.county,Broadwatre,Broadwater
41161.statevalue,Pennyslvania,Pennsylvania
19362.statevalue,Kentcky,Kentucky
22772.statevalue,Michqigan,Michigan
19623.statevalue,entucky,Kentucky
4893.statevalue,Colroado,Colorado
52451.statevalue,Virgnia,Virginia
56341.county,Sheeridan,Sheridan
19925.county,Wlfe,Wolfe
25728.county,Jnoes,Jones
48115.county,MtcMullen,McMullen
52252.statevalue,Vrginia,Virginia
53725.county,Whatcoim,Whatcom
52261.county,Tazqewell,Tazewell
31392.statevalue,Neada,Nevada
5558.statevalue,Conneticut,Connecticut
39908.statevalue,Oregxon,Oregon
48163.county,Mairon,Marion
1061.statevalue,Alaabma,Alabama
9465.statevalue,Georgai,Georgia
46269.statevalue,Texs,Texas
55790.county,Sawyjer,Sawyer
8816.statevalue,eorgia,Georgia
17984.statevalue,Kenutcky,Kentucky
48698.county,Pottre,Potter
10018.county,Boundarzy,Boundary
45946.statevalue,Texs,Texas
47363.statevalue,eTxas,Texas
29621.county,Vallye,Valley
37748.county,Muskignum,Muskingum
1189.statevalue,labama,Alabama
19278.statevalue,Ketnucky,Kentucky
21910.county,Frankin,Franklin
38472.statevalue,Oklhoma,Oklahoma
49867.statevalue,eTxas,Texas
10427.statevalue,Idahto,Idaho
32593.statevalue,New Meico,New Mexico
8546.statevalue,Georga,Georgia
44534.statevalue,Tenntessee,Tennessee
19682.county,Shelbty,Shelby
45680.statevalue,Tiexas,Texas
22750.statevalue,Michidgan,Michigan
47751.statevalue,Txas,Texas
6881.statevalue,Floria,Florida
24478.county,Mrray,Murray
4390.county,Arcyhuleta,Archuleta
49681.county,Wicheita,Wichita
28832.county,Custr,Custer
33015.statevalue,fNew York,New York
29837.statevalue,Nxebraska,Nebraska
34118.statevalue,Nort Carolina,North Carolina
40374.county,Beaer,Beaver
38372.county,Blraine,Blaine
7834.statevalue,Georia,Georgia
16288.county,oniphan,Doniphan
39324.statevalue,Okladhoma,Oklahoma
42516.statevalue,South Dakoat,South Dakota
44975.statevalue,ennessee,Tennessee
28688.county,Beaverehad,Beaverhead
13115.county,Jazsper,Jasper
27.county,Baljdwin,Baldwin
45938.county,Castor,Castro
46292.county,Crsby,Crosby
46990.county,rimes,Grimes
26926.county,Catrer,Carter
27057.statevalue,Msisouri,Missouri
21247.statevalue,Mine,Maine
3766.county,Naqpa,Napa
2170.statevalue,Arkafnsas,Arkansas
4544.county,ostilla,Costilla
3931.county,San Dieggo,San Diego
40521.county,Calrbon,Carbon
34371.statevalue,North Caorlina,North Carolina
30242.county,Froniter,Frontier
46470.statevalue,Texsa,Texas
43269.statevalue,South Dakoat,South Dakota
9808.statevalue,Haawii,Hawaii
1540.statevalue,laska,Alaska
614.county,ouston,Houston
29225.county,Minedral,Mineral
17221.statevalue,Khansas,Kansas
18406.statevalue,Ketucky,Kentucky
1484.county,North Sloppe,North Slope
32268.statevalue,NewMexico,New Mexico
28714.county,Bllaine,Blaine
16328.county,Ekl,Elk
18981.county,Lpetcher,Letcher
24525.county,Normlan,Norman
44559.county,Luodon,Loudon
48881.statevalue,Texaps,Texas
20915.county,eTnsas,Tensas
34700.statevalue,North Caorlina,North Carolina
42301.county,Richladn,Richland
26884.county,kCape Girardeau,Cape Girardeau
13808.county,Setuben,Steuben
117.statevalue,lAabama,Alabama
14832.county,Hamiltoyn,Hamilton
43512.statevalue,South Dtakota,South Dakota
26754.county,ollinger,Bollinger
24982.county,Wabashva,Wabasha
35760.statevalue,North Daktoa,North Dakota
25482.county,Gekorge,George
23692.county,bBrown,Brown
22192.county,Baqraga,Baraga
7003.statevalue,zGeorgia,Georgia
44410.county,Jeffersn,Jefferson
15212.statevalue,Iwoa,Iowa
902.county,Montogmery,Montgomery
3925.statevalue,Cqalifornia,California
42713.statevalue,Sotuh Dakota,South Dakota
53866.county,Cbell,Cabell
28061.statevalue,Misouri,Missouri
42935.statevalue,South Dakoa,South Dakota
364.statevalue,Alabaa,Alabama
56186.statevalue,Wyominng,Wyoming
43935.statevalue,Tennessoee,Tennessee
47230.county,Hemiphill,Hemphill
36029.statevalue,North Daokta,North Dakota
7031.statevalue,Georiga,Georgia
29677.statevalue,Montayna,Montana
10704.county,Bron,Brown
4250.county,Tuolume,Tuolumne
12800.county,Elkxhart,Elkhart
3150.statevalue,rkansas,Arkansas
54206.statevalue,Wet Virginia,West Virginia
26082.statevalue,vMississippi,Mississippi
20937.statevalue,Louisgiana,Louisiana
39352.county,ittsburg,Pittsburg
23422.county,Sainlac,Sanilac
50991.statevalue,Virginzia,Virginia
52853.statevalue,irginia,Virginia
1173.statevalue,Alabmaa,Alabama
12896.statevalue,Indiarna,Indiana
5180.county,Pakr,Park
24028.county,Grat,Grant
6292.county,ake,Lake
2226.county,Crwaford,Crawford
49908.statevalue,Uah,Utah
45457.county,ustin,Austin
46656.statevalue,Txeas,Texas
12851.county,Flpoyd,Floyd
46010.statevalue,Texlas,Texas
19620.county,Rockacstle,Rockcastle
2314.statevalue,Araknsas,Arkansas
4053.county,Sanbta Cruz,Santa Cruz
19083.county,Mcracken,McCracken
30564.statevalue,Neraska,Nebraska
21276.statevalue,Mainde,Maine
43987.county,eDkalb,Dekalb
54892.county,alumet,Calumet
29857.statevalue,eNbraska,Nebraska
4943.county,La Plaa,La Plata
35412.county,Scotlantd,Scotland
39574.county,Wgoner,Wagoner
25986.county,Mnroe,Monroe
12386.county,iWll,Will
15608.statevalue,Iaowa,Iowa
35796.county,Billinrgs,Billings
51854.county,rOange,Orange
18273.county,Cittenden,Crittenden
38661.county,Dewety,Dewey
4471.county,Chaffee***,Chaffee
39420.statevalue,Okahoma,Oklahoma
54554.statevalue,WestV irginia,West Virginia
13001.statevalue,Idiana,Indiana
29702.statevalue,Nebraskia,Nebraska
42462.statevalue,Sotuh Dakota,South Dakota
43523.county,Tripp***,Tripp
54769.county,Admas,Adams
19644.statevalue,kKentucky,Kentucky
14346.statevalue,Iwa,Iowa
29507.county,Silvre Bow,Silver Bow
37029.county,Defince,Defiance
1441.county,Mataunska Susitna,Matanuska Susitna
40568.county,Cehster,Chester
50258.county,Sevvier,Sevier
38750.county,Garnt,Grant
37844.county,Pickawsay,Pickaway
39722.county,Cltasop,Clatsop
29221.county,Minjeral,Mineral
22383.county,lare,Clare
217.statevalue,rAlabama,Alabama
4803.county,uGnnison,Gunnison
52224.statevalue,Virginai,Virginia
51659.county,Lunneburg,Lunenburg
33459.statevalue,New Yormk,New York
10298.statevalue,Iadho,Idaho
13919.county,Vanderbrgh,Vanderburgh
54674.statevalue,Wet Virginia,West Virginia
28376.county,Scotalnd,Scotland
5120.county,Morgna,Morgan
53526.statevalue,Washingtopn,Washington
33558.statevalue,eNw York,New York
34204.statevalue,oNorth Carolina,North Carolina
26248.statevalue,Mississppi,Mississippi
18560.county,Graeen,Green
11705.county,Marino,Marion
42087.county,Kerhaw,Kershaw
14761.county,Gxreene,Greene
42378.county,nion,Union
51792.county,Nortampton,Northampton
4276.county,Vefntura,Ventura
44245.county,Harqdin,Hardin
7041.county,Ben Hill***,Ben Hill
30111.county,rDawson,Dawson
18264.county,lCinton,Clinton
50430.statevalue,Vermotn,Vermont
19659.county,Scott***,Scott
37066.county,Erice,Erie
11172.statevalue,lIlinois,Illinois
34626.county,Grzanville,Granville
13491.county,Ohito,Ohio
7370.county,Chttooga,Chattooga
26909.county,Carroll***,Carroll
51271.statevalue,Virginsia,Virginia
18372.county,Estill***,Estill
27208.statevalue,Missorui,Missouri
38649.statevalue,Oklahma,Oklahoma
53677.statevalue,Wahsington,Washington
40792.statevalue,Pennsylvaia,Pennsylvania
26112.county,Pearl zRiver,Pearl River
40154.statevalue,Oregeon,Oregon
42993.statevalue,South Dakta,South Dakota
50785.county,Arilngton,Arlington
44811.statevalue,Tennsesee,Tennessee
3110.statevalue,rkansas,Arkansas
14743.statevalue,Iaowa,Iowa
51862.statevalue,Viirginia,Virginia
7461.statevalue,Georgkia,Georgia
8395.statevalue,Georiga,Georgia
16176.statevalue,Kanass,Kansas
26673.county,Auzdrain,Audrain
18526.statevalue,Khentucky,Kentucky
52610.county,Freericksburg City,Fredericksburg City
995.county,Randolpuh,Randolph
11546.statevalue,llinois,Illinois
34106.statevalue,North cCarolina,North Carolina
15185.statevalue,owa,Iowa
10376.county,ewis,Lewis
51099.statevalue,Virgiia,Virginia
18411.statevalue,entucky,Kentucky
22756.statevalue,Micmhigan,Michigan
33186.county,Hagmilton,Hamilton
9218.statevalue,eorgia,Georgia
55212.statevalue,Wiksconsin,Wisconsin
24242.statevalue,Minnseota,Minnesota
47929.county,Leno,Leon
42627.county,Clsark,Clark
49929.statevalue,tah,Utah
36384.county,Ransm,Ransom
9495.statevalue,Georgai,Georgia
32267.county,Chvaes,Chaves
38443.county,Cater,Carter
42434.statevalue,South Dakoat,South Dakota
8506.statevalue,eGorgia,Georgia
16176.county,Coffpey,Coffey
24408.county,Meeekr,Meeker
38177.statevalue,Ohioo,Ohio
33223.county,Jfeferson,Jefferson
46940.county,Gay,Gray
32615.statevalue,New Meico,New Mexico
8177.statevalue,Gedorgia,Georgia
24064.statevalue,Minneskota,Minnesota
14932.county,Humbldt,Humboldt
18744.statevalue,Kentcuky,Kentucky
8087.county,Giwnnett,Gwinnett
39788.county,Cury,Curry
34550.county,Frnaklin,Franklin
47122.statevalue,Tekxas,Texas
10097.county,Cribou,Caribou
17837.county,Andeson,Anderson
5049.county,ineral,Mineral
47487.county,Jasepr,Jasper
14894.statevalue,Iwa,Iowa
10172.statevalue,daho,Idaho
3944.county,San Furancisco,San Francisco
51220.county,Flaoyd,Floyd
31481.statevalue,Nveada,Nevada
16896.statevalue,ansas,Kansas
28764.county,arbon,Carbon
13383.statevalue,ndiana,Indiana
3573.statevalue,aClifornia,California
7152.county,Bryn,Bryan
12774.county,wDelaware,Delaware
48996.statevalue,Teaxs,Texas
17085.county,eosho,Neosho
10654.statevalue,Illinoois,Illinois
45766.statevalue,Texsa,Texas
32080.statevalue,Nwe Jersey,New Jersey
27423.statevalue,Missouri***,Missouri
6567.county,Oscoela,Osceola
33862.county,ayne,Wayne
7984.county,Gilemr,Gilmer
2118.statevalue,Arkansmas,Arkansas
34671.statevalue,North Carolian,North Carolina
54602.statevalue,Westb Virginia,West Virginia
9031.statevalue,Geogrgia,Georgia
17518.statevalue,Kanssa,Kansas
25714.county,Jeffeson Davis,Jefferson Davis
34167.statevalue,North Caorlina,North Carolina
41800.statevalue,South arolina,South Carolina
36124.county,Kmidder,Kidder
43802.county,Cheathpam,Cheatham
48467.county,Naavrro,Navarro
24181.statevalue,Minensota,Minnesota
11863.county,Moultie,Moultrie
52424.county,Buena Vistta City,Buena Vista City
27807.statevalue,Misouri,Missouri
49607.county,Wadr,Ward
29897.statevalue,Nebraskwa,Nebraska
39585.county,ashington,Washington
16666.statevalue,Kanssa,Kansas
5063.county,Moffaqt,Moffat
10692.statevalue,Illiois,Illinois
16984.county,Maimi,Miami
54684.statevalue,West Virignia,West Virginia
28102.statevalue,Missorui,Missouri
36604.county,Traill***,Traill
16638.statevalue,Kmansas,Kansas
5585.county,olland,Tolland
21421.county,Baltimoe,Baltimore
40596.county,Clearfieldd,Clearfield
53828.statevalue,WestV irginia,West Virginia
29251.statevalue,ontana,Montana
17230.statevalue,Kainsas,Kansas
37927.county,Richlantd,Richland
16156.statevalue,Kainsas,Kansas
38456.county,Cherokiee,Cherokee
44844.statevalue,Tennecssee,Tennessee
5292.county,Rio Grandse,Rio Grande
43214.county,Mcherson,McPherson
32079.statevalue,New Jersye,New Jersey
49473.statevalue,Teas,Texas
35318.statevalue,North Carlina,North Carolina
14548.statevalue,Iogwa,Iowa
33826.county,Wlarren,Warren
11755.statevalue,Illinosi,Illinois
19990.county,Ascensison,Ascension
50738.county,Amela,Amelia
46165.statevalue,Tpexas,Texas
22897.statevalue,Mtichigan,Michigan
52728.county,aMnassas City,Manassas City
44033.county,Fsayette,Fayette
13059.county,Howrad,Howard
3547.county,Kigs,Kings
35440.county,Stalny,Stanly
10120.county,Clarxk,Clark
17537.county,mith,Smith
54183.county,McDwell,McDowell
10489.statevalue,iIdaho,Idaho
25657.county,Jacksno,Jackson
19295.statevalue,entucky,Kentucky
37882.statevalue,Owhio,Ohio
53691.statevalue,Washingotn,Washington
50360.county,Woasatch,Wasatch
28469.statevalue,Miwssouri,Missouri
45991.county,Chidlress,Childress
9832.county,da,Ada
56029.county,Winnebgo,Winnebago
13437.statevalue,Indianoa,Indiana
37169.county,Gallai,Gallia
38086.county,Turmbull,Trumbull
42596.statevalue,South Dkota,South Dakota
22541.county,ogebic,Gogebic
50139.statevalue,Uath,Utah
29129.county,iberty,Liberty
55023.county,oor,Door
28014.statevalue,iMssouri,Missouri
40007.statevalue,rOegon,Oregon
6891.statevalue,Florda,Florida
8703.county,Miitchell,Mitchell
49355.statevalue,exas,Texas
50745.statevalue,Virginwia,Virginia
8533.statevalue,Gueorgia,Georgia
14209.county,eBnton,Benton
28368.statevalue,Missoluri,Missouri
5657.statevalue,Delawmare,Delaware
23212.county,Ocebana,Oceana
27873.statevalue,Misosuri,Missouri
54342.county,Monreo,Monroe
39808.statevalue,Orgon,Oregon
44678.county,Mary,Maury
44580.statevalue,Tennesee,Tennessee
44248.statevalue,Tnenessee,Tennessee
19794.statevalue,Kentukcky,Kentucky
56270.statevalue,Woming,Wyoming
20441.statevalue,Loisiana,Louisiana
10590.county,Vaklley,Valley
35770.statevalue,orth Dakota,North Dakota
39679.county,Benotn,Benton
38841.statevalue,Oklahowma,Oklahoma
44391.statevalue,ennessee,Tennessee
10852.statevalue,Illinios,Illinois
33885.statevalue,New Yourk,New York
12285.county,Wbash,Wabash
8707.county,Mitchefll,Mitchell
50344.county,Ultah,Utah
5843.statevalue,lorida,Florida
68.statevalue,Alabma,Alabama
43087.county,Joens,Jones
54523.statevalue,Wes tVirginia,West Virginia
52500.statevalue,Virignia,Virginia
24097.county,Isanit,Isanti
8013.statevalue,Gerogia,Georgia
10713.statevalue,Illinosi,Illinois
23201.statevalue,Michigna,Michigan
6464.county,Mnroe,Monroe
8707.statevalue,Geogria,Georgia
15377.statevalue,Ioaw,Iowa
28358.county,Schuylre,Schuyler
43985.county,Dkealb,Dekalb
8852.county,Oglexthorpe,Oglethorpe
15539.statevalue,mIowa,Iowa
33268.statevalue,New Yrok,New York
34792.county,Hyede,Hyde
26215.county,Rnkin,Rankin
32183.statevalue,Ne Jersey,New Jersey
47137.statevalue,Txeas,Texas
17245.statevalue,Kanssa,Kansas
2137.statevalue,Arkanssa,Arkansas
54700.statevalue,West Virginiza,West Virginia
39231.statevalue,Oklaoma,Oklahoma
24873.county,Stearnas,Stearns
13777.statevalue,Idniana,Indiana
4487.statevalue,Colordao,Colorado
49840.statevalue,Teas,Texas
45895.county,Capm,Camp
16478.statevalue,ansas,Kansas
21453.statevalue,Mrayland,Maryland
30023.county,Colfx,Colfax
4649.statevalue,Colorafdo,Colorado
18525.statevalue,entucky,Kentucky
56296.statevalue,Wyomimng,Wyoming
26721.county,Batse,Bates
40776.county,Foret,Forest
6458.county,Mami-Dade,Miami-Dade
36660.statevalue,Northg Dakota,North Dakota
21644.county,Montgoery,Montgomery
36315.statevalue,North Dakta,North Dakota
52904.statevalue,Virgihnia,Virginia
13728.statevalue,wIndiana,Indiana
41804.statevalue,oSuth Carolina,South Carolina
45347.statevalue,Txas,Texas
49867.county,aZpata,Zapata
38819.county,Hskell,Haskell
40569.county,zChester,Chester
21580.county,Garett,Garrett
14197.county,Audubno,Audubon
4274.county,cVentura,Ventura
46938.county,ray,Gray
19456.county,ldham,Oldham
9140.county,Sfeminole,Seminole
33159.statevalue,eNw York,New York
18881.county,Knoax,Knox
19596.county,Robretson,Robertson
44761.statevalue,Tennessee***,Tennessee
4635.county,Doloes,Dolores
43636.county,Bdeford,Bedford
10095.county,Caibou,Caribou
29996.county,Cllay,Clay
20633.county,Pointe Coupe,Pointe Coupee
54923.county,Cnlark,Clark
1951.statevalue,Arukansas,Arkansas
18418.statevalue,Kentucy,Kentucky
45416.statevalue,mTexas,Texas
45197.county,Van uren,Van Buren
51217.county,Flody,Floyd
48403.county,Moris,Morris
2732.county,Mrion,Marion
49343.county,Trhockmorton,Throckmorton
42026.county,Grenewood,Greenwood
7829.statevalue,Georggia,Georgia
38442.statevalue,klahoma,Oklahoma
815.county,arengo,Marengo
12976.county,amilton,Hamilton
12114.statevalue,Illinis,Illinois
11539.statevalue,Illinosi,Illinois
30538.statevalue,Nerbaska,Nebraska
54874.statevalue,Wisconsni,Wisconsin
17798.statevalue,Kentcky,Kentucky
4202.county,Tcehama,Tehama
18901.county,Lbaurel,Laurel
20724.statevalue,Loisiana,Louisiana
34583.county,Glates,Gates
30256.county,Frgontier,Frontier
55073.statevalue,Wiconsin,Wisconsin
6658.statevalue,Floida,Florida
12623.statevalue,Indianea,Indiana
20128.statevalue,Lxouisiana,Louisiana
18253.statevalue,Kentucyk,Kentucky
6187.statevalue,Florimda,Florida
41779.county,Crherokee,Cherokee
46535.county,bEctor,Ector
55396.county,Maniotwoc,Manitowoc
9103.statevalue,Geogia,Georgia
45117.county,iTpton,Tipton
36434.county,Rorlette,Rolette
31117.statevalue,Nebrasak,Nebraska
14106.statevalue,Idiana,Indiana
50193.statevalue,hUtah,Utah
11745.county,ason,Mason
10933.statevalue,lIlinois,Illinois
53554.statevalue,Washingtn,Washington
52964.county,Svtaunton City,Staunton City
32687.statevalue,NewMexico,New Mexico
17127.statevalue,ansas,Kansas
29865.county,urt,Burt
18187.county,Csaey,Casey
35273.statevalue,North Caroklina,North Carolina
43759.statevalue,ennessee,Tennessee
55907.statevalue,Wisocnsin,Wisconsin
52460.county,Chseapeake City,Chesapeake City
29785.county,Booen,Boone
190.statevalue,Almabama,Alabama
31698.county,Carrol,Carroll
11930.county,erry,Perry
46764.statevalue,Teas,Texas
24018.county,Grat,Grant
45387.statevalue,Texams,Texas
56400.county,eton,Teton
53347.county,Jeffesron,Jefferson
32353.county,Don aAna,Dona Ana
43566.statevalue,Suth Dakota,South Dakota
6356.county,Libaerty,Liberty
21665.statevalue,Marylahnd,Maryland
32814.statevalue,New exico,New Mexico
1326.county,Dlilingham,Dillingham
26489.statevalue,Mississipip,Mississippi
6194.statevalue,lorida,Florida
15045.county,ohnson,Johnson
2525.statevalue,lArkansas,Arkansas
36155.county,Logyan,Logan
10246.statevalue,Idhao,Idaho
2911.statevalue,Akansas,Arkansas
55288.county,Kenohsa,Kenosha
28691.statevalue,Motana,Montana
49045.county,Schleichr,Schleicher
47390.statevalue,Txas,Texas
3138.statevalue,Aarkansas,Arkansas
22864.county,Leelanau***,Leelanau
33673.county,Scoharie,Schoharie
38453.statevalue,kOlahoma,Oklahoma
43166.county,yman,Lyman
48730.county,ains,Rains
42450.statevalue,Soutsh Dakota,South Dakota
11087.statevalue,Ililnois,Illinois
50429.statevalue,Vemont,Vermont
42543.county,Brqule,Brule
55775.statevalue,isconsin,Wisconsin
6835.statevalue,Fblorida,Florida
11775.county,Menrad,Menard
22020.statevalue,Massachuesetts,Massachusetts
52212.statevalue,Virgitnia,Virginia
49557.county,Walkzer,Walker
7715.county,Dootly,Dooly
16220.county,Crawfrd,Crawford
45258.county,Waekley,Weakley
55044.county,Douzglas,Douglas
56365.statevalue,Wyominng,Wyoming
53346.statevalue,Washinton,Washington
34906.county,Leincoln,Lincoln
35022.county,Mlitchell,Mitchell
27982.county,Oznark,Ozark
40625.county,Clintno,Clinton
34427.statevalue,Norths Carolina,North Carolina
6811.county,Uniozn,Union
18851.statevalue,Ketucky,Kentucky
5525.statevalue,Connectict,Connecticut
41591.county,Wasjhington,Washington
55234.county,Jaockson,Jackson
51574.statevalue,Virgiia,Virginia
49835.county,Yoakujm,Yoakum
30080.statevalue,eNbraska,Nebraska
49287.statevalue,eTxas,Texas
44967.county,Sott,Scott
33753.county,Sullvan,Sullivan
11959.county,ike,Pike
27725.statevalue,Misslouri,Missouri
2632.county,Linconl,Lincoln
28286.county,Ste Geneveive,Ste Genevieve
26891.statevalue,Misouri,Missouri
8500.county,Licoln,Lincoln
21644.statevalue,Maryjland,Maryland
34556.county,Fanklin,Franklin
51137.county,Dickensopn,Dickenson
34552.county,Frabnklin,Franklin
52158.county,Smth,Smyth
27831.county,Monreo,Monroe
53149.county,Clallaam,Clallam
24731.statevalue,zMinnesota,Minnesota
7751.county,Dougdlas,Douglas
52656.county,oHarrisonburg City,Harrisonburg City
42530.county,Brwon,Brown
35168.statevalue,Notrh Carolina,North Carolina
48605.statevalue,zTexas,Texas
47114.statevalue,Texsa,Texas
18613.county,Hcardin,Hardin
34303.county,oChowan,Chowan
49029.statevalue,Tebxas,Texas
20102.statevalue,Luoisiana,Louisiana
22386.county,Claer,Clare
13216.statevalue,Indiaa,Indiana
29970.statevalue,Neraska,Nebraska
40018.county,Linconl,Lincoln
55203.county,owa,Iowa
28113.county,Poqlk,Polk
33393.county,neida,Oneida
39351.statevalue,Okahoma,Oklahoma
36711.statevalue,hio,Ohio
11361.county,Jersye,Jersey
20183.statevalue,lLouisiana,Louisiana
46514.statevalue,Texsa,Texas
43552.statevalue,Souhth Dakota,South Dakota
22011.statevalue,Massachustts,Massachusetts
43531.statevalue,South Dakotua,South Dakota
4597.statevalue,Coloraod,Colorado
11007.statevalue,lIlinois,Illinois
875.statevalue,Alabsama,Alabama
8142.county,Hancokc,Hancock
35383.statevalue,North Caorlina,North Carolina
31726.statevalue,eNw Hampshire,New Hampshire
21189.county,Kennebce,Kennebec
18460.county,Fultn,Fulton
17597.county,Steves,Stevens
18227.statevalue,Ketucky,Kentucky
12519.statevalue,ndiana,Indiana
50293.statevalue,Uah,Utah
700.county,cLauderdale,Lauderdale
51204.statevalue,Virgninia,Virginia
35755.statevalue,North Dakoat,North Dakota
22218.statevalue,Mihcigan,Michigan
2879.statevalue,Arknsas,Arkansas
55327.county,a Crosse,La Crosse
10132.statevalue,dIaho,Idaho
31691.statevalue,New Hapmshire,New Hampshire
3585.statevalue,Calidfornia,California
2680.statevalue,Arkanssas,Arkansas
16474.county,Gkraham,Graham
2185.county,Cnway,Conway
30883.county,Panwee,Pawnee
54617.statevalue,yWest Virginia,West Virginia
26669.county,Audraoin,Audrain
38847.statevalue,klahoma,Oklahoma
41827.county,hesterfield,Chesterfield
46204.statevalue,Texays,Texas
51312.statevalue,Virgiia,Virginia
23678.county,Blue lEarth,Blue Earth
16616.county,Hasell,Haskell
7475.statevalue,Georgzia,Georgia
44773.statevalue,Tennssee,Tennessee
17826.statevalue,Kwentucky,Kentucky
24913.county,Swifvt,Swift
269.county,Ceburne,Cleburne
13425.statevalue,nIndiana,Indiana
34652.statevalue,North aCrolina,North Carolina
25731.statevalue,Mississipi,Mississippi
8301.statevalue,eGorgia,Georgia
52712.county,Lynchburg wCity,Lynchburg City
6787.county,Tyalor,Taylor
14483.county,Cklay,Clay
29842.statevalue,ebraska,Nebraska
31718.statevalue,New Hamshire,New Hampshire
48161.statevalue,Teas,Texas
1179.statevalue,Albaama,Alabama
20853.county,Sgt Mary,St Mary
23238.statevalue,iMchigan,Michigan
6282.county,afayette,Lafayette
6678.county,St Jonhs,St Johns
35782.county,Bensno,Benson
55761.county,St Crosix,St Croix
46472.statevalue,Teaxs,Texas
40968.county,Lawrencje,Lawrence
56421.county,Unita,Uinta
7169.county,Blloch,Bulloch
26468.statevalue,ississippi,Mississippi
15484.statevalue,vIowa,Iowa
48272.statevalue,exas,Texas
47026.statevalue,Texlas,Texas
21733.county,albot,Talbot
27086.county,pCooper,Cooper
26313.county,Stoe,Stone
19099.county,McCrearny,McCreary
20437.statevalue,Lousiiana,Louisiana
53306.statevalue,Wfashington,Washington
28259.statevalue,Misfsouri,Missouri
33478.county,Orlenas,Orleans
32054.statevalue,New zJersey,New Jersey
2317.statevalue,Arkanseas,Arkansas
36303.county,Neson,Nelson
19585.county,Robertkson,Robertson
27723.statevalue,Myissouri,Missouri
7344.county,Cahtham,Chatham
43511.county,Triqpp,Tripp
9795.county,Kuai,Kauai
20139.statevalue,oLuisiana,Louisiana
5122.county,Moran,Morgan
31291.county,Wanye,Wayne
44025.statevalue,Tennesee,Tennessee
56017.statevalue,Wisconsign,Wisconsin
48877.statevalue,exas,Texas
20926.statevalue,Luoisiana,Louisiana
30197.statevalue,Nebrfaska,Nebraska
53782.county,Barbofur,Barbour
25005.county,Waseac,Waseca
30122.statevalue,Nebrkaska,Nebraska
53540.statevalue,Waschington,Washington
47507.statevalue,Texars,Texas
41246.statevalue,Pennsylvaina,Pennsylvania
2208.county,Craighiead,Craighead
30371.statevalue,Nebraskda,Nebraska
34059.statevalue,NorthC arolina,North Carolina
20336.statevalue,Luisiana,Louisiana
30113.county,awson,Dawson
51536.statevalue,irginia,Virginia
53859.county,abell,Cabell
10619.statevalue,Idho,Idaho
36409.statevalue,North Dakoat,North Dakota
10499.statevalue,Iwdaho,Idaho
24327.statevalue,Minnesota***,Minnesota
21531.county,Dorchesvter,Dorchester
6770.statevalue,Florrida,Florida
49363.statevalue,Txas,Texas
51199.statevalue,Virgginia,Virginia
26265.statevalue,Mississipi,Mississippi
46670.county,Fayetet,Fayette
31929.county,Capfe May,Cape May
20704.county,Sabigne,Sabine
53663.county,hurston,Thurston
6348.statevalue,Floriad,Florida
55704.county,ichland,Richland
47081.statevalue,uTexas,Texas
1967.statevalue,Arkanass,Arkansas
219.statevalue,Aalbama,Alabama
5211.county,Pbitkin,Pitkin
3838.county,Pluams,Plumas
51424.statevalue,Virgina,Virginia
9461.statevalue,Geogia,Georgia
12666.statevalue,Indniana,Indiana
56063.county,Albtany,Albany
1388.statevalue,lAlaska,Alaska
30685.statevalue,Nuebraska,Nebraska
23750.county,pCass,Cass
30681.statevalue,Npebraska,Nebraska
52272.county,Tazeawell,Tazewell
37351.statevalue,hOio,Ohio
40079.county,Marin,Marion
42818.county,Edumnds,Edmunds
29982.county,Cheyensne,Cheyenne
42941.county,Hadn,Hand
33285.county,Mdison,Madison
14167.statevalue,Iowca,Iowa
35853.county,urke,Burke
13292.county,awrence,Lawrence
8703.statevalue,eorgia,Georgia
32536.statevalue,NewMexico,New Mexico
56244.statevalue,yoming,Wyoming
37299.statevalue,Ohzio,Ohio
51232.county,Flduvanna,Fluvanna
11653.statevalue,Illnois,Illinois
13720.county,St Jokseph,St Joseph
19198.statevalue,eKntucky,Kentucky
48000.statevalue,Tcexas,Texas
27597.statevalue,Missonuri,Missouri
5049.statevalue,Cloorado,Colorado
53943.county,Fayetet,Fayette
23158.county,uMskegon,Muskegon
33042.county,Delawrae,Delaware
15175.statevalue,Iwoa,Iowa
5654.county,Sussxe,Sussex
51414.county,Hawnover,Hanover
6174.statevalue,lForida,Florida
40103.county,Mporrow,Morrow
42271.county,rangeburg,Orangeburg
51240.county,Fluanna,Fluvanna
13643.county,Plaski,Pulaski
13611.statevalue,Indialna,Indiana
41775.county,Charlseton,Charleston
26808.county,Bugtler,Butler
55595.statevalue,isconsin,Wisconsin
49182.statevalue,Texsa,Texas
35638.statevalue,Nort Carolina,North Carolina
56263.statevalue,Wyoing,Wyoming
34982.county,Martni,Martin
7064.county,Belrrien,Berrien
10119.county,Cark,Clark
31323.county,Wheleer,Wheeler
11339.county,Jaspr,Jasper
51768.county,Nenlson,Nelson
16462.statevalue,Kagnsas,Kansas
4351.county,Alamoas,Alamosa
31852.county,tlantic,Atlantic
12632.statevalue,Indiaan,Indiana
5949.statevalue,lorida,Florida
3655.statevalue,Claifornia,California
3286.county,Alaeda,Alameda
2802.county,Montgomewry,Montgomery
16642.county,Hogeman,Hodgeman
48626.statevalue,Teas,Texas
14572.county,Davsi,Davis
19375.statevalue,Kentucyk,Kentucky
44281.statevalue,Tenncessee,Tennessee
23706.county,rown,Brown
18440.county,Franklni,Franklin
50721.county,Alrleghany,Alleghany
35334.county,Roeson,Robeson
45611.statevalue,Texeas,Texas
27893.statevalue,Missorui,Missouri
26773.statevalue,Misosuri,Missouri
28687.statevalue,Mntana,Montana
23774.statevalue,Minnesovta,Minnesota
5829.county,Charlotet,Charlotte
7259.county,Cadnler,Candler
1103.statevalue,Alabaam,Alabama
7052.county,Benq Hill,Ben Hill
7205.statevalue,Ggeorgia,Georgia
28396.statevalue,Mirssouri,Missouri
21559.statevalue,aryland,Maryland
35767.statevalue,Norh Dakota,North Dakota
24343.county,Mahnometn,Mahnomen
30293.statevalue,eNbraska,Nebraska
20900.county,ensas,Tensas
16119.statevalue,Kanss,Kansas
38837.statevalue,Oklaoma,Oklahoma
26826.county,aldwell,Caldwell
50272.statevalue,tah,Utah
32990.county,Clionton,Clinton
4512.county,Cleare Creek,Clear Creek
30896.county,Perkis,Perkins
7042.statevalue,Geogria,Georgia
2847.statevalue,Arkanass,Arkansas
25776.county,Lafyette,Lafayette
25222.county,Bolitvar,Bolivar
15314.county,onona,Monona
1687.statevalue,Arizonsa,Arizona
55393.county,aMnitowoc,Manitowoc
32387.statevalue,New Mxeico,New Mexico
42733.statevalue,South akota,South Dakota
21824.county,Barnstalbe,Barnstable
52817.statevalue,Viginia,Virginia
27335.county,Halrrison,Harrison
42535.county,Brue,Brule
41519.statevalue,Rhbode Island,Rhode Island
39758.statevalue,Orgon,Oregon
21795.county,orcester,Worcester
39449.county,Rogrs,Rogers
52696.county,zLexington City,Lexington City
18190.county,Caqsey,Casey
7664.county,Decautr,Decatur
1070.statevalue,Alabma,Alabama
32546.county,iMora,Mora
39192.statevalue,Olkahoma,Oklahoma
11962.county,ike,Pike
20737.county,St Chtarles,St Charles
33554.county,Rensseaer,Rensselaer
49238.county,Suttno,Sutton
42138.statevalue,Soth Carolina,South Carolina
29332.statevalue,Montanga,Montana
11844.county,Mntgomery,Montgomery
28277.statevalue,issouri,Missouri
32147.statevalue,New ersey,New Jersey
16933.statevalue,aKnsas,Kansas
28016.statevalue,issouri,Missouri
50369.county,Wahsington,Washington
21904.county,Esex,Essex
17765.county,Woordson,Woodson
18264.statevalue,Kentcuky,Kentucky
55346.statevalue,Wisonsin,Wisconsin
9349.county,iTft,Tift
24517.statevalue,iMnnesota,Minnesota
41844.statevalue,South Carorlina,South Carolina
56322.county,Prk,Park
8565.county,Lumpkn,Lumpkin
55503.statevalue,Wiscosnin,Wisconsin
34218.county,Carteert,Carteret
50375.county,aWashington,Washington
38867.county,Jeffercson,Jefferson
33651.county,Schenecady,Schenectady
49340.county,Trhockmorton,Throckmorton
14124.statevalue,owa,Iowa
25723.county,Jondes,Jones
11388.statevalue,Illiunois,Illinois
14420.county,Cherokyee,Cherokee
26103.statevalue,Misissippi,Mississippi
5450.statevalue,Caolorado,Colorado
52863.county,Pouqoson City,Poquoson City
36312.county,Oloiver,Oliver
44678.statevalue,Tenenssee,Tennessee
915.statevalue,Alabaam,Alabama
22416.county,Craford,Crawford
30479.county,Hoclt,Holt
48661.statevalue,Teas,Texas
30008.county,Clofax,Colfax
29673.statevalue,Montnaa,Montana
41481.county,Wyming,Wyoming
48123.statevalue,Toexas,Texas
8209.statevalue,Georhgia,Georgia
11823.statevalue,Ililnois,Illinois
44633.county,Maadison,Madison
25927.county,Madiosn,Madison
3640.county,Marni,Marin
41298.county,Slomerset,Somerset
5915.county,DeS oto,De Soto
1266.statevalue,hAlaska,Alaska
31239.statevalue,Nbraska,Nebraska
3957.county,San Frnacisco,San Francisco
8569.county,McuDffie,McDuffie
48040.county,yLoving,Loving
50002.county,Dais,Davis
43049.statevalue,Sout Dakota,South Dakota
36411.statevalue,North Dakoat,North Dakota
33212.statevalue,New Yokr,New York
14097.county,Whitlye,Whitley
54582.statevalue,Wes tVirginia,West Virginia
52116.county,Sctot,Scott
15950.county,Barbre,Barber
6963.statevalue,Geogia,Georgia
17197.county,Phawnee,Pawnee
44347.county,Hickamn,Hickman
43518.statevalue,oSuth Dakota,South Dakota
12477.county,Aleln,Allen
5356.statevalue,Coloraod,Colorado
3680.statevalue,Califorina,California
40583.county,Claarion,Clarion
27173.statevalue,issouri,Missouri
18040.statevalue,Kentucyk,Kentucky
42991.statevalue,South Daokta,South Dakota
35346.statevalue,North Carotlina,North Carolina
32847.statevalue,ew York,New York
7817.county,Ebert,Elbert
33698.county,Sekneca,Seneca
32455.statevalue,New Meico,New Mexico
24957.statevalue,Minnseota,Minnesota
8383.statevalue,Georgioa,Georgia
21688.county,Quene Annes,Queen Annes
33299.county,Madisno,Madison
37958.statevalue,Ojhio,Ohio
41659.statevalue,dSouth Carolina,South Carolina
4928.county,Lakse,Lake
23793.county,Chisaog,Chisago
40280.county,Wheeer,Wheeler
39324.county,Panee,Pawnee
36269.statevalue,Nrth Dakota,North Dakota
2108.statevalue,Arkasnas,Arkansas
25625.statevalue,Misssisippi,Mississippi
7309.statevalue,eGorgia,Georgia
45425.county,Armstrog,Armstrong
33741.statevalue,eNw York,New York
16776.county,yKiowa,Kiowa
25451.county,Frrest,Forrest
40164.statevalue,Orgon,Oregon
51734.statevalue,Vriginia,Virginia
31149.county,wSherman,Sherman
5074.county,Moffaut,Moffat
19533.statevalue,Knetucky,Kentucky
48619.county,Parer,Parker
46096.statevalue,Texads,Texas
2884.statevalue,Akansas,Arkansas
34830.statevalue,NorthC arolina,North Carolina
26040.statevalue,Mississipwpi,Mississippi
21959.county,Hamupshire,Hampshire
18789.statevalue,Kentukcy,Kentucky
18777.county,Jeffersaon,Jefferson
44523.county,ewis,Lewis
4558.statevalue,Colotrado,Colorado
615.county,Huoston,Houston
21332.county,Walod,Waldo
56244.county,aLramie,Laramie
19053.county,Lgoan,Logan
19671.county,kScott,Scott
27298.county,Grenee,Greene
6358.county,Libery,Liberty
1830.county,Navajco,Navajo
27755.county,arion,Marion
41977.statevalue,South Carolian,South Carolina
24154.statevalue,Minesota,Minnesota
28251.statevalue,Missougri,Missouri
17745.statevalue,Kanswas,Kansas
17772.statevalue,zKansas,Kansas
13661.statevalue,Indana,Indiana
34144.county,Burek,Burke
51942.statevalue,Virgdinia,Virginia
7448.county,Claton,Clayton
38664.statevalue,Ofklahoma,Oklahoma
43668.county,Bentson,Benton
39551.statevalue,Okalhoma,Oklahoma
22759.statevalue,Michign,Michigan
44575.statevalue,mTennessee,Tennessee
12292.statevalue,Illwinois,Illinois
25380.county,Coahmoa,Coahoma
22650.county,Ingahm,Ingham
55242.statevalue,Wiscosin,Wisconsin
17861.county,hBarren,Barren
2127.statevalue,Araknsas,Arkansas
15255.county,Masrhall,Marshall
40115.county,Multnomha,Multnomah
29407.statevalue,Montanna,Montana
13612.statevalue,Indianpa,Indiana
15097.county,Kosstuh,Kossuth
48815.statevalue,exas,Texas
41001.statevalue,Pennsylvnia,Pennsylvania
297.statevalue,Alaabma,Alabama
19434.statevalue,Kentyucky,Kentucky
9467.county,Twigs,Twiggs
27749.county,Marinon,Marion
2139.statevalue,nArkansas,Arkansas
23747.statevalue,Minnseota,Minnesota
41305.statevalue,Pennswylvania,Pennsylvania
4495.county,Cheyecnne,Cheyenne
18930.county,Lawrecne,Lawrence
3008.county,Randolhp,Randolph
22794.county,ent,Kent
22872.county,Leelanua,Leelanau
21840.county,Bershire,Berkshire
14322.statevalue,Iwoa,Iowa
26070.county,Oktibbeah,Oktibbeha
52996.statevalue,Vrirginia,Virginia
36969.statevalue,Ohoi,Ohio
45675.county,Brzaoria,Brazoria
6184.statevalue,lForida,Florida
11678.county,Macoupn,Macoupin
8066.county,Grenee,Greene
44925.county,nRoane,Roane
45673.statevalue,hTexas,Texas
8523.statevalue,Georgiwa,Georgia
42580.county,uBtte,Butte
27006.county,Clardk,Clark
26319.county,Sunflowezr,Sunflower
46765.county,Freetone,Freestone
47090.county,Hardeamn,Hardeman
38457.statevalue,Oklaphoma,Oklahoma
31374.county,Curchill,Churchill
4946.statevalue,Cloorado,Colorado
22366.statevalue,Michgian,Michigan
21516.statevalue,qMaryland,Maryland
25718.county,Jepfferson Davis,Jefferson Davis
39752.county,Coso,Coos
21755.county,Woashington,Washington
32386.county,rGant,Grant
41067.county,Merceer,Mercer
5638.statevalue,Delawae,Delaware
47030.statevalue,Texsa,Texas
2500.county,ndependence,Independence
50060.county,Gand,Grand
45402.statevalue,lTexas,Texas
40623.county,linton,Clinton
38920.county,ingfisher,Kingfisher
1946.statevalue,Arkanssa,Arkansas
500.statevalue,Alaabma,Alabama
42240.statevalue,South Caryolina,South Carolina
5400.county,Sumit,Summit
47816.county,Lamra,Lamar
17528.statevalue,Knasas,Kansas
33426.statevalue,NewY ork,New York
5610.statevalue,Connecticsut,Connecticut
32084.county,Morrs,Morris
34108.county,Brusnwick,Brunswick
20136.county,aldwell,Caldwell
32744.county,Taso,Taos
8174.county,Haris,Harris
20270.county,East Felicana,East Feliciana
19466.statevalue,Kntucky,Kentucky
10476.county,Oneidda,Oneida
47887.statevalue,exas,Texas
28693.county,iBg Horn,Big Horn
3489.statevalue,iCalifornia,California
39790.county,urry,Curry
10476.statevalue,Idao,Idaho
46717.county,Foartd,Foard
6736.county,Semiole,Seminole
31822.statevalue,pNew Hampshire,New Hampshire
51899.county,Pittsylvaina,Pittsylvania
43393.statevalue,South Dakoita,South Dakota
32762.county,oTrrance,Torrance
26265.county,iSmpson,Simpson
3001.county,Puplaski,Pulaski
7524.county,Coolquitt,Colquitt
8346.statevalue,Georgai,Georgia
3968.statevalue,Calfornia,California
54907.statevalue,Wiscosnin,Wisconsin
2696.statevalue,Arkanas,Arkansas
33628.statevalue,New Yrk,New York
4162.county,Stainslaus,Stanislaus
51510.statevalue,Vriginia,Virginia
979.county,ike,Pike
48772.statevalue,Texs,Texas
27254.statevalue,Misouri,Missouri
3603.county,Los Angeels,Los Angeles
20544.statevalue,Louitsiana,Louisiana
14211.statevalue,Ioaw,Iowa
37743.county,Morrwo,Morrow
20495.county,Lncoln,Lincoln
12416.statevalue,Illhinois,Illinois
42999.county,ughes,Hughes
25047.county,Watzonwan,Watonwan
43318.statevalue,South Dakta,South Dakota
1206.statevalue,Alababma,Alabama
32416.statevalue,Neww Mexico,New Mexico
42866.statevalue,Suth Dakota,South Dakota
23218.statevalue,Miczhigan,Michigan
38827.statevalue,kOlahoma,Oklahoma
53810.statevalue,Wes tVirginia,West Virginia
25540.county,Haancock,Hancock
24857.statevalue,jMinnesota,Minnesota
54496.statevalue,West irginia,West Virginia
42441.county,jAurora,Aurora
30874.statevalue,Nepbraska,Nebraska
15120.statevalue,Iwa,Iowa
34834.county,Johston,Johnston
18333.statevalue,Kentudcky,Kentucky
53434.statevalue,Washnigton,Washington
25359.statevalue,ississippi,Mississippi
53816.statevalue,West Virgniia,West Virginia
41639.county,Alledale,Allendale
19043.statevalue,Kentuckny,Kentucky
9116.statevalue,Georgvia,Georgia
55394.county,Manitoawoc,Manitowoc
54799.county,Barrosn,Barron
6805.statevalue,Floriad,Florida
47902.statevalue,Tevxas,Texas
11187.county,hGrundy,Grundy
5909.county,De Snoto,De Soto
13442.statevalue,Indiaa,Indiana
23173.statevalue,Micigan,Michigan
32232.statevalue,New Mxico,New Mexico
45201.statevalue,Tennessee***,Tennessee
42541.county,rule,Brule
25919.statevalue,Misssisippi,Mississippi
6000.county,Frarnklin,Franklin
55826.statevalue,Wiscocnsin,Wisconsin
33717.county,Styeuben,Steuben
53195.statevalue,Washivngton,Washington
17743.statevalue,Kavnsas,Kansas
4206.county,Tehamna,Tehama
41250.county,Pottre,Potter
6724.county,Sarmasota,Sarasota
23238.county,uOgemaw,Ogemaw
34477.county,Dpulin,Duplin
36883.county,Clarkk,Clark
41594.statevalue,Rhod eIsland,Rhode Island
52191.statevalue,Virgionia,Virginia
24776.county,Roesau,Roseau
11860.county,Moran,Morgan
28234.statevalue,Missori,Missouri
50580.statevalue,Vvermont,Vermont
34135.county,Brke,Burke
5811.statevalue,Floria,Florida
37739.statevalue,Oho,Ohio
16827.county,Leavernworth,Leavenworth
52196.statevalue,Virgniia,Virginia
42606.statevalue,Sokuth Dakota,South Dakota
1268.statevalue,Alaskoa,Alaska
38602.county,Ceek,Creek
9863.statevalue,daho,Idaho
53969.statevalue,West Virginai,West Virginia
48348.statevalue,exas,Texas
26988.county,Christan,Christian
51325.statevalue,iVrginia,Virginia
46883.statevalue,Tenxas,Texas
50394.statevalue,Utha,Utah
44160.statevalue,ennessee,Tennessee
19758.statevalue,Kentaucky,Kentucky
17244.county,Pottawatomei,Pottawatomie
3779.statevalue,Calikfornia,California
51543.statevalue,Virrginia,Virginia
29437.statevalue,Moantana,Montana
23948.county,Faribult,Faribault
7330.county,hatham,Chatham
11477.county,Knxo,Knox
39907.county,Jackon,Jackson
42160.statevalue,South Carolia,South Carolina
5274.county,Roi Blanco,Rio Blanco
22379.statevalue,Michibgan,Michigan
21957.statevalue,Massacthusetts,Massachusetts
55814.county,Sawano,Shawano
3545.county,zKern,Kern
31308.county,Webstr,Webster
2669.statevalue,Arvkansas,Arkansas
19924.county,Wolef,Wolfe
11820.county,oMnroe,Monroe
53748.statevalue,Washingtn,Washington
5807.statevalue,lorida,Florida
18378.statevalue,Kentucyk,Kentucky
55852.statevalue,iWsconsin,Wisconsin
49142.statevalue,Texxas,Texas
55187.statevalue,Wisconcsin,Wisconsin
4712.statevalue,olorado,Colorado
20214.county,Concodia,Concordia
43915.county,rCockett,Crockett
11712.statevalue,Illinoies,Illinois
32477.statevalue,New Mexioc,New Mexico
13864.statevalue,Indana,Indiana
46368.county,Dwson,Dawson
29717.statevalue,Nebarska,Nebraska
5248.county,Puebol,Pueblo
33195.county,Hrkimer,Herkimer
45057.statevalue,Tennesse,Tennessee
7844.county,Eamnuel,Emanuel
48982.statevalue,Texvas,Texas
30099.statevalue,eNebraska,Nebraska
20217.statevalue,ouisiana,Louisiana
9251.statevalue,eorgia,Georgia
11683.statevalue,Ilinois,Illinois
37049.county,Delawrae,Delaware
10116.county,Cssia,Cassia
31694.county,Craroll,Carroll
44769.county,oMrgan,Morgan
16815.county,Leavewnorth,Leavenworth
913.county,Montgomeyr,Montgomery
5735.county,Bauy,Bay
26024.county,Nsehoba,Neshoba
32221.county,Bernalillo***,Bernalillo
49920.county,ox Elder,Box Elder
19532.statevalue,Kntucky,Kentucky
39899.statevalue,Orgeon,Oregon
35586.county,Waek,Wake
40574.statevalue,Pennslyvania,Pennsylvania
11508.county,L aSalle,La Salle
46242.county,ottle,Cottle
53483.county,Okaongan,Okanogan
30937.county,Psierce,Pierce
55955.statevalue,isconsin,Wisconsin
32535.county,Mckinrley,Mckinley
55600.statevalue,Wiscnsin,Wisconsin
23537.county,Wyane,Wayne
46552.county,Edwardds,Edwards
46641.county,Fannni,Fannin
21940.statevalue,Massachusetsts,Massachusetts
4678.statevalue,Colordao,Colorado
41030.statevalue,Pennsylvnaia,Pennsylvania
32892.statevalue,Nemw York,New York
15586.county,Sott,Scott
49765.county,Wilsno,Wilson
22476.county,Eawton,Eaton
5311.county,Sagauche,Saguache
6397.statevalue,Floria,Florida
42285.county,iPckens,Pickens
41390.statevalue,Pennsylpvania,Pennsylvania
45742.statevalue,eTxas,Texas
37937.statevalue,Ohoi,Ohio
34227.statevalue,Northq Carolina,North Carolina
24436.statevalue,Minneksota,Minnesota
3262.county,Yelol,Yell
32471.statevalue,New Mexio,New Mexico
39087.county,MIntosh,McIntosh
50781.county,Arlingtoyn,Arlington
44067.statevalue,Tenenssee,Tennessee
13351.county,Moarshall,Marshall
262.statevalue,Aelabama,Alabama
23815.county,Claerwater,Clearwater
2828.county,Netwon,Newton
22059.statevalue,Massachusetst,Massachusetts
30991.county,Red Willgow,Red Willow
25875.statevalue,nMississippi,Mississippi
21308.county,Sagdahoc,Sagadahoc
43849.county,lay,Clay
37259.county,Hnacock,Hancock
27044.county,Clniton,Clinton
54247.statevalue,West Vriginia,West Virginia
22815.statevalue,Mchigan,Michigan
42957.county,Hason,Hanson
50878.statevalue,Virginiia,Virginia
52139.county,Shenandoyah,Shenandoah
30689.statevalue,Nebraxska,Nebraska
23387.statevalue,Michligan,Michigan
18466.county,Fuljton,Fulton
78.county,lBount,Blount
13650.statevalue,Indialna,Indiana
12340.county,Wayen,Wayne
12488.statevalue,Iniana,Indiana
34765.statevalue,North Cdarolina,North Carolina
10571.statevalue,Iaho,Idaho
44025.county,yer,Dyer
39677.county,Beton,Benton
2967.statevalue,Arkansads,Arkansas
37151.statevalue,xOhio,Ohio
38871.statevalue,Okolahoma,Oklahoma
25175.statevalue,Miessissippi,Mississippi
36860.statevalue,Ohiqo,Ohio
44493.county,auderdale,Lauderdale
39568.county,Wgoner,Wagoner
47098.county,ardeman,Hardeman
7983.county,Gilmenr,Gilmer
55667.county,Prie,Price
17208.statevalue,Knasas,Kansas
20067.county,ienville,Bienville
53914.statevalue,West Viginia,West Virginia
26216.county,Rankni,Rankin
29437.county,Rooseelt,Roosevelt
29849.statevalue,ebraska,Nebraska
3956.statevalue,Caliofornia,California
53083.statevalue,ashington,Washington
12421.statevalue,Illinoihs,Illinois
44961.county,Rutherord,Rutherford
1861.statevalue,Arziona,Arizona
10293.statevalue,Iaho,Idaho
36876.statevalue,Oio,Ohio
7128.statevalue,Georgbia,Georgia
53920.county,Doddrige,Doddridge
49334.statevalue,Txeas,Texas
52016.county,appahannock,Rappahannock
20871.county,St Tammay,St Tammany
42296.county,Picens,Pickens
40817.county,Fultno,Fulton
38574.statevalue,Oklahoam,Oklahoma
54576.statevalue,West Vrginia,West Virginia
24148.statevalue,Minnesoat,Minnesota
22098.statevalue,Michiagn,Michigan
23696.statevalue,Minnesotpa,Minnesota
6576.county,Palm eBach,Palm Beach
10767.county,ass,Cass
27112.statevalue,Missouri***,Missouri
22676.statevalue,Mchigan,Michigan
10781.statevalue,Illionis,Illinois
14194.statevalue,owa,Iowa
45791.county,Buleson,Burleson
21363.county,Washintgon,Washington
46092.county,Colln,Collin
6747.statevalue,Flordia,Florida
23471.statevalue,Micihgan,Michigan
7214.statevalue,Geogia,Georgia
53264.county,Garfiled,Garfield
16412.statevalue,Kanas,Kansas
36428.county,Richnland,Richland
1861.county,Pivnal,Pinal
20716.county,Saqbine,Sabine
16551.statevalue,Knasas,Kansas
47257.county,Hdalgo,Hidalgo
43406.statevalue,Souht Dakota,South Dakota
1030.county,St Cllair,St Clair
206.county,pChoctaw,Choctaw
40586.statevalue,ePnnsylvania,Pennsylvania
7399.county,Calrke,Clarke
55868.statevalue,Wisconjsin,Wisconsin
26123.statevalue,Mississixppi,Mississippi
32496.county,Los Alaos,Los Alamos
1275.statevalue,Arlaska,Alaska
4068.county,SantaC ruz,Santa Cruz
35251.county,itt,Pitt
38713.county,Garin,Garvin
6545.statevalue,Floida,Florida
18098.county,Calloay,Calloway
38568.county,otton,Cotton
28333.statevalue,Missouir,Missouri
352.statevalue,Alabakma,Alabama
32672.county,Saun Miguel,San Miguel
49669.county,Wheelre,Wheeler
28028.county,Pettis***,Pettis
17936.county,Boubon,Bourbon
668.county,Lmar,Lamar
4303.county,Yudba,Yuba
16312.county,Edwrads,Edwards
56460.county,Weton,Weston
23290.county,Ocsoda,Oscoda
14150.statevalue,Ioaw,Iowa
38161.statevalue,Ohigo,Ohio
22400.statevalue,Micihgan,Michigan
38086.statevalue,Ohoi,Ohio
27545.statevalue,iMssouri,Missouri
30091.statevalue,eNbraska,Nebraska
8980.county,Pulsaki,Pulaski
53089.statevalue,Washinagton,Washington
38587.county,Caig,Craig
23267.statevalue,Michgan,Michigan
23807.county,oClay,Clay
55186.county,Grene Lake,Green Lake
28855.statevalue,Montnaa,Montana
50488.county,Cohittenden,Chittenden
7600.statevalue,Geortgia,Georgia
44218.statevalue,Tenneossee,Tennessee
53418.statevalue,Wkashington,Washington
1592.county,Valdez Crdova,Valdez Cordova
49122.statevalue,Teas,Texas
3762.county,Monetrey,Monterey
55536.county,Oneda,Oneida
25527.statevalue,Mssissippi,Mississippi
2343.statevalue,Arkansals,Arkansas
46517.county,qEastland,Eastland
46890.county,Glascock,Glasscock
2736.county,Mariotn,Marion
25511.county,renada,Grenada
18984.statevalue,Kesntucky,Kentucky
5442.statevalue,Colorasdo,Colorado
24211.statevalue,gMinnesota,Minnesota
41650.statevalue,South Carolian,South Carolina
51154.county,Diniwddie,Dinwiddie
53732.county,Wihtman,Whitman
44328.county,Herny,Henry
37350.county,Hocknig,Hocking
29518.county,SilverB ow,Silver Bow
4733.county,Femont,Fremont
28227.statevalue,Missouir,Missouri
26683.statevalue,Missouri***,Missouri
49272.county,pTarrant,Tarrant
14075.county,ells,Wells
51778.county,mNew Kent,New Kent
6184.county,Hillborough,Hillsborough
923.county,Moran,Morgan
31205.county,hayer,Thayer
35658.county,Wyane,Wayne
50403.county,Webeqr,Weber
19774.statevalue,entucky,Kentucky
32420.statevalue,Ne Mexico,New Mexico
4968.county,Larivmer,Larimer
45615.county,Boren,Borden
2859.statevalue,Arkanssa,Arkansas
45481.statevalue,exas,Texas
40805.statevalue,Pennsylvanai,Pennsylvania
11099.county,Fod,Ford
18.statevalue,Aabama,Alabama
34800.statevalue,North arolina,North Carolina
36473.statevalue,North Dakoa,North Dakota
50299.county,Tooele***,Tooele
40537.statevalue,Pensylvania,Pennsylvania
992.county,Randoluph,Randolph
9378.statevalue,Georgai,Georgia
41112.county,Monreo,Monroe
40471.county,Butleor,Butler
45209.statevalue,vTennessee,Tennessee
22679.county,Ionita,Ionia
55284.statevalue,Wicsonsin,Wisconsin
42941.statevalue,South Dakoat,South Dakota
43780.county,Cartter,Carter
4582.county,Cusuter,Custer
19725.county,Spencr,Spencer
11105.county,Fodr,Ford
2601.statevalue,Ajrkansas,Arkansas
9042.statevalue,Goergia,Georgia
13877.statevalue,Indiaa,Indiana
46628.statevalue,Texsa,Texas
40778.county,Forqest,Forest
22846.county,Lpeer,Lapeer
30849.statevalue,Nebrsaka,Nebraska
32255.county,Catrno,Catron
34512.county,Edgechombe,Edgecombe
13322.county,Marino,Marion
46332.county,Dalljam,Dallam
19867.county,Wyne,Wayne
36909.county,Clermotn,Clermont
43280.county,Minper,Miner
49519.statevalue,Texfas,Texas
5683.county,Disrtict of Columbia,District of Columbia
53975.statevalue,West Virginiva,West Virginia
23311.county,Ottawa***,Ottawa
30493.statevalue,Nebrsaka,Nebraska
19400.county,Nelsno,Nelson
22637.county,uHron,Huron
45385.county,ransas,Aransas
35621.statevalue,bNorth Carolina,North Carolina
36146.county,Logna,Logan
20479.statevalue,Louzisiana,Louisiana
26016.county,eshoba,Neshoba
49656.county,Wfharton,Wharton
5265.county,Rio Blaco,Rio Blanco
3293.county,Aalmeda,Alameda
34169.county,Caldwlel,Caldwell
33533.county,utnam,Putnam
2589.statevalue,Arkanss,Arkansas
13874.statevalue,Idniana,Indiana
21315.county,Smerset,Somerset
23194.statevalue,Michigna,Michigan
54760.county,Aams,Adams
26806.statevalue,Misosuri,Missouri
27099.county,Craford,Crawford
48365.county,Montaue,Montague
609.county,enry,Henry
43015.county,Hucthinson,Hutchinson
7468.county,Cqlinch,Clinch
56249.county,Larhamie,Laramie
27656.county,Lvingston,Livingston
53068.county,Adasm,Adams
16606.statevalue,Kanssa,Kansas
11968.county,ike,Pike
1853.statevalue,rizona,Arizona
48033.county,Lovig,Loving
52302.statevalue,Virignia,Virginia
39275.county,Okmulgee***,Okmulgee
20291.statevalue,ouisiana,Louisiana
14767.statevalue,Iowea,Iowa
47092.county,aHrdeman,Hardeman
42085.statevalue,Souuth Carolina,South Carolina
23922.county,Dode,Dodge
19892.county,Whiktley,Whitley
50522.county,Franklni,Franklin
15142.county,Louias,Louisa
48231.county,Maveirck,Maverick
45682.statevalue,Texsa,Texas
50221.statevalue,Utalh,Utah
41626.statevalue,South Carloina,South Carolina
47543.statevalue,exas,Texas
21778.statevalue,Marylapnd,Maryland
22627.county,Huon,Huron
52116.statevalue,Virgincia,Virginia
5564.statevalue,Conncticut,Connecticut
48893.county,Rockwalol,Rockwall
38306.county,tAoka,Atoka
45885.statevalue,Texsa,Texas
42069.statevalue,Suoth Carolina,South Carolina
1778.county,L aPaz,La Paz
11943.county,Paitt,Piatt
9412.statevalue,eorgia,Georgia
19914.county,Woilfe,Wolfe
4195.county,Teehama,Tehama
21133.county,jCumberland,Cumberland
39668.statevalue,Orgeon,Oregon
26159.statevalue,Mississippi***,Mississippi
10502.county,ayette,Payette
49453.statevalue,Tuexas,Texas
930.county,hMorgan,Morgan
16378.county,yEllsworth,Ellsworth
5962.statevalue,Floida,Florida
47250.statevalue,Tlexas,Texas
41905.county,Dorcester,Dorchester
21425.county,Balticmore,Baltimore
23479.statevalue,Micihgan,Michigan
54922.statevalue,Wiscnosin,Wisconsin
52520.statevalue,Virinia,Virginia
20274.county,Eas Feliciana,East Feliciana
10251.statevalue,dIaho,Idaho
47562.statevalue,Tjexas,Texas
46305.county,uClberson,Culberson
37434.county,Knxo,Knox
152.county,Chabmers,Chambers
17508.county,Sheridvan,Sheridan
2503.county,Izarid,Izard
16739.county,Kerny,Kearny
15240.county,Mariorn,Marion
36700.county,Adbams,Adams
53679.county,Wakhiakum,Wahkiakum
30992.statevalue,Neibraska,Nebraska
27989.statevalue,Missuri,Missouri
33725.statevalue,ew York,New York
43233.county,mMarshall,Marshall
17004.statevalue,aKnsas,Kansas
17309.statevalue,Knasas,Kansas
38837.county,ughes,Hughes
9984.statevalue,Idho,Idaho
45147.statevalue,Tnnessee,Tennessee
44741.county,Montgmoery,Montgomery
34412.county,uCrrituck,Currituck
47843.county,amb,Lamb
36409.county,Rnville,Renville
10167.statevalue,Idaoh,Idaho
20055.statevalue,Louisirana,Louisiana
34829.county,Jackskon,Jackson
27618.statevalue,Midssouri,Missouri
52006.statevalue,Viginia,Virginia
52322.county,Wetmoreland,Westmoreland
10844.county,eClay,Clay
37811.statevalue,hio,Ohio
26569.statevalue,Mississippi***,Mississippi
8009.statevalue,Geogrgia,Georgia
44643.statevalue,Tenneszsee,Tennessee
41957.statevalue,Sonuth Carolina,South Carolina
21989.statevalue,Massachuszetts,Massachusetts
634.statevalue,Alabmaa,Alabama
13151.statevalue,Iyndiana,Indiana
47573.statevalue,Texbas,Texas
31855.county,Atlantifc,Atlantic
29641.statevalue,Montaan,Montana
41231.county,ike,Pike
29941.county,Chae,Chase
17740.county,ilson,Wilson
51464.county,Highlanid,Highland
9557.statevalue,eorgia,Georgia
15505.county,Potztawattamie,Pottawattamie
39595.county,Washintgon,Washington
46412.statevalue,Teaxs,Texas
3851.county,lPumas,Plumas
36286.statevalue,North akota,North Dakota
25665.county,Jaczkson,Jackson
1149.county,Walkr,Walker
37355.county,Homes,Holmes
21353.county,Washingtno,Washington
19445.county,Oldhcam,Oldham
31235.county,Thurton,Thurston
48126.statevalue,eTxas,Texas
20307.statevalue,Lousisiana,Louisiana
23156.statevalue,Michgan,Michigan
26838.county,Caldwll,Caldwell
53129.county,helan,Chelan
8694.statevalue,Goergia,Georgia
52632.county,Gaalx City,Galax City
56080.statevalue,yoming,Wyoming
55734.statevalue,yWisconsin,Wisconsin
55026.county,uDoor,Door
54801.statevalue,Wiscoensin,Wisconsin
29361.county,oPwell,Powell
37738.county,Mocrrow,Morrow
11643.statevalue,Illinos,Illinois
17891.county,Bajth,Bath
44200.county,Haimlton,Hamilton
50651.county,Windhm,Windham
18349.statevalue,Kentukcy,Kentucky
44913.statevalue,Tennessee***,Tennessee
25039.county,Watbonwan,Watonwan
11096.county,oFrd,Ford
41971.statevalue,South sCarolina,South Carolina
14752.county,Fremoant,Fremont
18119.county,Camprbell,Campbell
32188.county,nion,Union
32677.statevalue,New eMxico,New Mexico
51684.statevalue,irginia,Virginia
20148.statevalue,Louiisana,Louisiana
37264.statevalue,Owhio,Ohio
21753.county,Wxashington,Washington
8882.statevalue,Geborgia,Georgia
39060.county,Mcclaicn,Mcclain
3724.statevalue,Califonria,California
55006.statevalue,Wisaconsin,Wisconsin
29986.statevalue,Nebrska,Nebraska
28033.county,Petis,Pettis
51802.statevalue,Virgiina,Virginia
7880.statevalue,Georgai,Georgia
22639.county,rHuron,Huron
34678.county,alifax,Halifax
15203.county,xMadison,Madison
48705.county,Pottr,Potter
48113.county,MLennan,McLennan
24301.county,Lyn,Lyon
17679.county,Wavllace,Wallace
38179.statevalue,hOio,Ohio
32505.county,LosA lamos,Los Alamos
16165.county,Czoffey,Coffey
21265.county,ePnobscot,Penobscot
4774.county,Gradn,Grand
13987.county,lWarren,Warren
15673.statevalue,oIwa,Iowa
9601.county,Waynre,Wayne
28868.county,awson,Dawson
52050.statevalue,Vikrginia,Virginia
26056.statevalue,Misissippi,Mississippi
49071.county,Shjackelford,Shackelford
16184.county,Comianche,Comanche
43010.county,Huchinson,Hutchinson
42939.statevalue,South Dakoat,South Dakota
3810.county,Orasnge,Orange
33417.statevalue,Ne wYork,New York
43248.statevalue,South Dkaota,South Dakota
49832.statevalue,Texsa,Texas
39730.statevalue,regon,Oregon
43982.county,Dekallb,Dekalb
24546.county,Olmsetd,Olmsted
5962.county,Eszcambia,Escambia
37858.statevalue,rOhio,Ohio
39251.statevalue,Ooklahoma,Oklahoma
30832.county,eNmaha,Nemaha
36438.county,Reolette,Rolette
29007.statevalue,Monana,Montana
50037.statevalue,Uath,Utah
23366.statevalue,Michigadn,Michigan
33223.statevalue,New Yokr,New York
223.county,Carke,Clarke
39563.county,Tusla,Tulsa
1265.statevalue,Alsaka,Alaska
42804.county,Doglas,Douglas
1572.statevalue,Aalska,Alaska
41750.statevalue,Soutzh Carolina,South Carolina
13744.county,Scott***,Scott
17109.county,eNss,Ness
30955.statevalue,Nebrsaka,Nebraska
4338.statevalue,Cwolorado,Colorado
42980.county,Hardnig,Harding
44353.county,Houson,Houston
28281.statevalue,Misouri,Missouri
55343.county,Lafaytte,Lafayette
45446.statevalue,exas,Texas
45894.statevalue,fTexas,Texas
10514.statevalue,Idhao,Idaho
48148.statevalue,exas,Texas
43873.statevalue,Tennesdsee,Tennessee
31683.statevalue,Ne wHampshire,New Hampshire
13153.county,Jefferon,Jefferson
37180.statevalue,hOio,Ohio
8370.county,Jenakins,Jenkins
36505.county,Sloep,Slope
12865.statevalue,Inhdiana,Indiana
14648.statevalue,oIwa,Iowa
7458.county,Clnich,Clinch
34563.county,Gastno,Gaston
23207.county,ceana,Oceana
44488.statevalue,Tennesssee,Tennessee
47001.statevalue,eTxas,Texas
5390.county,Sumimt,Summit
51249.statevalue,Virginiva,Virginia
18574.statevalue,Keyntucky,Kentucky
26263.county,Simspon,Simpson
24643.statevalue,Minnsota,Minnesota
44931.county,Roberston,Robertson
34001.county,Anosn,Anson
53433.statevalue,Washingtn,Washington
4824.statevalue,Colrado,Colorado
31487.statevalue,Nevaad,Nevada
27291.county,Grenee,Greene
37564.county,Madisodn,Madison
22234.statevalue,Michigvan,Michigan
20615.county,Plauqemines,Plaquemines
35974.county,Eddqy,Eddy
17305.county,epublic,Republic
15299.statevalue,jIowa,Iowa
46974.county,Greg,Gregg
33785.county,aTioga,Tioga
52448.statevalue,Virgiina,Virginia
20951.statevalue,Louisiajna,Louisiana
54517.county,andolph,Randolph
23686.statevalue,Minneota,Minnesota
20867.statevalue,Loisiana,Louisiana
29186.county,Mdison,Madison
53299.statevalue,Wshington,Washington
14934.county,Humoldt,Humboldt
46749.statevalue,Texavs,Texas
41636.statevalue,South aCrolina,South Carolina
5267.statevalue,olorado,Colorado
52258.county,Tazeell,Tazewell
31353.statevalue,Nebratska,Nebraska
27280.county,Genry,Gentry
49491.county,Uvaled,Uvalde
44883.county,Putam,Putnam
41916.county,Dorchetser,Dorchester
25673.statevalue,Mississipkpi,Mississippi
44399.county,Jafckson,Jackson
18364.statevalue,Kentuncky,Kentucky
28639.statevalue,Mlissouri,Missouri
11023.statevalue,Illionis,Illinois
22879.statevalue,Michigna,Michigan
31346.statevalue,Nbraska,Nebraska
40179.county,Umatilloa,Umatilla
22652.county,Igham,Ingham
8501.statevalue,Georiga,Georgia
37646.county,Mercre,Mercer
26235.county,Scostt,Scott
36744.county,Ashltabula,Ashtabula
36953.statevalue,Oho,Ohio
13129.county,Jaly,Jay
35936.statevalue,orth Dakota,North Dakota
22109.statevalue,iMchigan,Michigan
356.statevalue,Aalbama,Alabama
39302.county,Ottawva,Ottawa
29193.statevalue,Montasna,Montana
10272.statevalue,Idaoh,Idaho
2380.county,Garlanzd,Garland
20695.statevalue,Loduisiana,Louisiana
18631.statevalue,entucky,Kentucky
31578.statevalue,evada,Nevada
44954.statevalue,fTennessee,Tennessee
39602.county,Wasrhita,Washita
33856.county,Washbington,Washington
43998.statevalue,ennessee,Tennessee
3457.statevalue,alifornia,California
45392.county,Aarnsas,Aransas
9877.county,Banknock,Bannock
27370.county,Hickorzy,Hickory
16567.county,Hamlton,Hamilton
48796.county,eRal,Real
17140.county,Osgae,Osage
14846.statevalue,Irowa,Iowa
44169.statevalue,Tenmnessee,Tennessee
42113.statevalue,Sotuh Carolina,South Carolina
29568.county,Tetn,Teton
921.county,organ,Morgan
34329.county,Clevelad,Cleveland
5360.county,aSn Miguel,San Miguel
1259.statevalue,Alasak,Alaska
43433.statevalue,South aDkota,South Dakota
31178.county,Stnton,Stanton
21304.county,Sagadhaoc,Sagadahoc
38956.county,Latiemr,Latimer
2960.statevalue,Arkanass,Arkansas
6885.statevalue,Fnlorida,Florida
33565.statevalue,NewYork,New York
26242.statevalue,Mississippi***,Mississippi
28839.county,Daniles,Daniels
28923.statevalue,Motana,Montana
47.statevalue,Aabama,Alabama
34794.statevalue,NorthC arolina,North Carolina
10811.statevalue,Ililnois,Illinois
26384.statevalue,Mississippdi,Mississippi
681.statevalue,Axlabama,Alabama
41419.statevalue,Pennsylzvania,Pennsylvania
42903.county,Haaokn,Haakon
12654.county,Cay,Clay
10901.county,eCook,Cook
26041.statevalue,ississippi,Mississippi
26925.statevalue,Misouri,Missouri
55916.statevalue,Wisconsien,Wisconsin
2301.statevalue,Arkanzsas,Arkansas
10849.statevalue,Illinoiws,Illinois
29570.county,eTton,Teton
47398.county,Hutn,Hunt
51175.county,Fairax,Fairfax
30988.county,Red Willow***,Red Willow
30786.statevalue,Nebrashka,Nebraska
12536.statevalue,Indiaa,Indiana
19340.county,Motgomery,Montgomery
43144.county,Lawence,Lawrence
48632.statevalue,Texsa,Texas
5126.statevalue,Coorado,Colorado
20298.statevalue,oLuisiana,Louisiana
14024.county,Washigton,Washington
32553.county,Momra,Mora
45371.county,Angdelina,Angelina
15099.county,jKossuth,Kossuth
20992.statevalue,uLouisiana,Louisiana
19983.county,Auscension,Ascension
348.county,Coivngton,Covington
55035.statevalue,Wsconsin,Wisconsin
32569.county,Otro,Otero
21410.statevalue,Marylad,Maryland
38845.statevalue,Oklahmoa,Oklahoma
42382.county,Unon,Union
55430.statevalue,isconsin,Wisconsin
22427.county,Crafword,Crawford
33139.county,Genesee***,Genesee
13780.county,lSpencer,Spencer
41521.statevalue,uRhode Island,Rhode Island
51420.county,Haover,Hanover
38175.county,aWrren,Warren
30049.statevalue,Nkebraska,Nebraska
25336.statevalue,Mississipip,Mississippi
3206.county,Wadshington,Washington
39057.county,cclain,Mcclain
19903.county,Wehitley,Whitley
35187.county,Pasquotnk,Pasquotank
26943.statevalue,Missouori,Missouri
15831.statevalue,Iwoa,Iowa
5019.county,Logna,Logan
3764.statevalue,Cailfornia,California
25912.county,owndes,Lowndes
30743.county,McPhderson,McPherson
47039.statevalue,Texsa,Texas
6260.county,Juefferson,Jefferson
15889.statevalue,Iolwa,Iowa
25844.statevalue,Mississsippi,Mississippi
25205.county,Bentbon,Benton
28639.county,Wrigt,Wright
4491.county,hCeyenne,Cheyenne
25730.county,sJones,Jones
13730.county,St oseph,St Joseph
24793.county,St Luois,St Louis
13947.county,Vrmillion,Vermillion
41551.statevalue,Rhode Islanid,Rhode Island
8180.statevalue,Georgai,Georgia
35748.county,Adas,Adams
7573.statevalue,Gorgia,Georgia
50875.county,Botetoutr,Botetourt
20522.statevalue,ouisiana,Louisiana
51879.statevalue,uVirginia,Virginia
51931.county,Prince Edard,Prince Edward
52880.county,Portsomuth City,Portsmouth City
44869.county,Pokl,Polk
38891.statevalue,Oklazhoma,Oklahoma
38311.county,toka,Atoka
24545.statevalue,Minnesta,Minnesota
1938.county,Arknasas,Arkansas
52746.county,Manassas Park ity,Manassas Park City
39967.county,Klaamath,Klamath
31189.county,Stantno,Stanton
41045.county,Mcean,McKean
43282.county,Mner,Miner
45842.county,Calhun,Calhoun
43565.statevalue,South Daota,South Dakota
52704.county,Lefxington City,Lexington City
10356.county,Lehi,Lemhi
1920.statevalue,Arizoan,Arizona
45384.statevalue,Texsa,Texas
11463.statevalue,Illionis,Illinois
41960.statevalue,South arolina,South Carolina
54286.statevalue,West Virwginia,West Virginia
36893.statevalue,Ohiso,Ohio
20969.statevalue,Louiswiana,Louisiana
36877.statevalue,hio,Ohio
27849.statevalue,Msisouri,Missouri
54094.statevalue,Wets Virginia,West Virginia
56277.statevalue,Wydoming,Wyoming
3051.county,aline,Saline
5899.county,Colmbia,Columbia
40941.county,Lancastler,Lancaster
14774.statevalue,owa,Iowa
13662.statevalue,Idiana,Indiana
37654.statevalue,Ohilo,Ohio
10375.statevalue,Idjaho,Idaho
54706.county,Wit,Wirt
54034.county,Hancck,Hancock
8201.statevalue,Georia,Georgia
50273.county,Seveir,Sevier
39033.county,ove,Love
38614.county,Cuser,Custer
2585.statevalue,Arknasas,Arkansas
25819.statevalue,Mississilppi,Mississippi
54987.county,fDane,Dane
46178.county,Conchco,Concho
37393.statevalue,Oio,Ohio
30933.statevalue,Nebrasak,Nebraska
41313.statevalue,Pennslvania,Pennsylvania
29485.statevalue,Montania,Montana
22497.county,Emmget,Emmet
22758.statevalue,ichigan,Michigan
15717.statevalue,oIwa,Iowa
18282.county,Crittednen,Crittenden
29243.statevalue,Montnaa,Montana
52826.county,Norton Cty,Norton City
26339.statevalue,Mississippi***,Mississippi
41701.statevalue,outh Carolina,South Carolina
24847.county,Siblkey,Sibley
47913.statevalue,Texsa,Texas
23003.statevalue,Michian,Michigan
38658.county,Dewye,Dewey
25806.county,Lauderudale,Lauderdale
28365.statevalue,Missuori,Missouri
25824.county,Lawreynce,Lawrence
2490.county,Indeendence,Independence
31642.county,Whit ePine,White Pine
48901.county,ockwall,Rockwall
35019.county,Mtchell,Mitchell
11762.statevalue,Illinois***,Illinois
15942.statevalue,Kasas,Kansas
14539.county,Crawfrod,Crawford
8170.county,Huaralson,Haralson
20062.county,Bienvillle,Bienville
45630.county,Bordne,Borden
45616.county,orden,Borden
53271.county,Gafrield,Garfield
30194.county,Dunyd,Dundy
37342.statevalue,Oho,Ohio
28810.statevalue,Montwana,Montana
50743.statevalue,Virginai,Virginia
12676.statevalue,Idniana,Indiana
11476.statevalue,Illinios,Illinois
29948.statevalue,Nebrska,Nebraska
11023.county,dgar,Edgar
52544.statevalue,Virgniia,Virginia
104.statevalue,Alabbama,Alabama
11427.county,ane,Kane
43425.statevalue,Sout hDakota,South Dakota
45978.county,hCerokee,Cherokee
50534.statevalue,Vzermont,Vermont
6745.statevalue,Floida,Florida
7275.statevalue,Georgai,Georgia
40030.statevalue,Oergon,Oregon
28165.county,Ranlls,Ralls
17714.statevalue,aKnsas,Kansas
13680.statevalue,ndiana,Indiana
24098.county,Isani,Isanti
8517.statevalue,Goergia,Georgia
17908.county,eBll,Bell
31545.statevalue,Nevaa,Nevada
16434.county,Franklni,Franklin
43797.statevalue,Tnenessee,Tennessee
17742.county,Wilsoen,Wilson
27730.county,aMries,Maries
25074.statevalue,Minnescota,Minnesota
34659.county,Gfuilford,Guilford
54817.statevalue,Wiscfonsin,Wisconsin
38599.county,reek,Creek
37764.county,Musikngum,Muskingum
53332.county,Ilsand,Island
3783.county,Nevajda,Nevada
33439.county,nOtario,Ontario
23249.statevalue,Mjichigan,Michigan
38190.county,ashington,Washington
6550.statevalue,Florivda,Florida
51393.statevalue,Virsginia,Virginia
8938.statevalue,Georcgia,Georgia
30179.statevalue,rNebraska,Nebraska
24101.statevalue,innesota,Minnesota
42610.statevalue,South Dakoat,South Dakota
21741.county,aTlbot,Talbot
30410.statevalue,Nebrabska,Nebraska
9357.statevalue,eorgia,Georgia
10745.statevalue,Ilrlinois,Illinois
46487.statevalue,Tmexas,Texas
36042.statevalue,Norhth Dakota,North Dakota
13295.county,Larence,Lawrence
54534.statevalue,West Virginica,West Virginia
8131.county,aHll,Hall
19573.statevalue,Kentukcy,Kentucky
55087.statevalue,Wisconsiwn,Wisconsin
20243.statevalue,Louisiaa,Louisiana
20041.statevalue,Loisiana,Louisiana
12319.county,Washintgon,Washington
18409.county,vFleming,Fleming
39959.statevalue,Oergon,Oregon
54749.statevalue,West Virgniia,West Virginia
540.county,Franlin,Franklin
30937.statevalue,Nebrasak,Nebraska
27878.statevalue,Missuri,Missouri
6172.statevalue,Floriad,Florida
18332.county,fEdmonson,Edmonson
54080.statevalue,Wets Virginia,West Virginia
50372.statevalue,Umtah,Utah
50141.statevalue,tah,Utah
44655.county,Maion,Marion
38575.county,Caig,Craig
32431.county,Hasrding,Harding
40808.statevalue,Pensylvania,Pennsylvania
19526.statevalue,Knetucky,Kentucky
29506.statevalue,Motana,Montana
4593.county,Delat,Delta
49428.statevalue,Txas,Texas
29904.statevalue,eNbraska,Nebraska
30368.county,Greley,Greeley
32050.statevalue,New Jrsey,New Jersey
25029.statevalue,Minnesoota,Minnesota
23043.statevalue,Michian,Michigan
19945.statevalue,Louisiaa,Louisiana
46541.county,Ekctor,Ector
37928.statevalue,Oho,Ohio
6854.county,Wkulla,Wakulla
33863.county,Waynxe,Wayne
30227.county,Franklgin,Franklin
28119.county,Pulqaski,Pulaski
55516.statevalue,Wisconisn,Wisconsin
11952.county,Piatht,Piatt
36899.county,Clak,Clark
28681.statevalue,Mntana,Montana
39113.statevalue,Oklahomda,Oklahoma
5970.county,Escambika,Escambia
48550.statevalue,Teas,Texas
42255.statevalue,South Carlina,South Carolina
4156.county,Sonoa,Sonoma
45964.county,hambers,Chambers
11079.county,Fayete,Fayette
27660.statevalue,Missouri***,Missouri
54969.statevalue,Wisconsinn,Wisconsin
29104.county,Lakte,Lake
15903.statevalue,aKnsas,Kansas
43381.statevalue,outh Dakota,South Dakota
20507.statevalue,Loisiana,Louisiana
43685.statevalue,Tnenessee,Tennessee
11881.county,gOle,Ogle
31530.county,Lon,Lyon
7363.statevalue,Georga,Georgia
25876.statevalue,Misssisippi,Mississippi
15812.county,rWinnebago,Winnebago
40073.statevalue,Ohregon,Oregon
51317.county,Gloucestre,Gloucester
21531.statevalue,Maryrland,Maryland
28344.statevalue,Missoui,Missouri
49864.county,xZapata,Zapata
45672.statevalue,oTexas,Texas
18028.county,Brcekinridge,Breckinridge
34841.statevalue,Nuorth Carolina,North Carolina
10377.statevalue,Idafho,Idaho
52315.county,Wsetmoreland,Westmoreland
40656.statevalue,ePnnsylvania,Pennsylvania
31899.county,Cakmden,Camden
26189.county,Prentiss***,Prentiss
23915.county,Dosdge,Dodge
31952.county,Essewx,Essex
11441.county,Kanakakee,Kankakee
45219.county,Washingtvon,Washington
30926.county,Pirece,Pierce
27334.statevalue,qMissouri,Missouri
4568.statevalue,Colordo,Colorado
5082.statevalue,Colorawdo,Colorado
20812.statevalue,wLouisiana,Louisiana
50920.county,Bucchanan,Buchanan
53436.county,Leiws,Lewis
44377.county,Humlphreys,Humphreys
14929.county,Humbodt,Humboldt
16832.statevalue,Kanas,Kansas
5875.statevalue,lorida,Florida
1506.county,Northwest eArctic,Northwest Arctic
21575.county,aGrrett,Garrett
6025.statevalue,Floriad,Florida
52359.statevalue,Virghinia,Virginia
6780.county,uSwannee,Suwannee
21115.county,Aorostook,Aroostook
32463.statevalue,Ne Mexico,New Mexico
26116.statevalue,Missipssippi,Mississippi
38545.statevalue,Oklahwoma,Oklahoma
21708.statevalue,Marydland,Maryland
24377.county,Mabrtin,Martin
51557.county,King Wileliam,King William
19217.county,Martni,Martin
8678.statevalue,Georga,Georgia
2829.county,ewton,Newton
35332.statevalue,North Craolina,North Carolina
48749.county,Randalnl,Randall
19326.county,Monproe,Monroe
35735.statevalue,Nroth Dakota,North Dakota
32791.county,Unon,Union
26967.statevalue,Missoburi,Missouri
54678.statevalue,Wesst Virginia,West Virginia
19477.county,Oowsley,Owsley
17874.county,Barern,Barren
51921.statevalue,Virginai,Virginia
54408.statevalue,Wets Virginia,West Virginia
54118.county,Kanawhma,Kanawha
55545.county,Onida,Oneida
44749.county,Mooe,Moore
55739.county,aRusk,Rusk
16562.county,Hamiltobn,Hamilton
55625.statevalue,Wisonsin,Wisconsin
44419.statevalue,Tpennessee,Tennessee
15389.county,Obrine,Obrien
40944.statevalue,ePnnsylvania,Pennsylvania
31028.statevalue,Nebrsaka,Nebraska
30542.statevalue,Nebraksa,Nebraska
50588.statevalue,eVrmont,Vermont
20396.county,Jefefrson,Jefferson
53580.statevalue,Washingon,Washington
33387.county,Niagraa,Niagara
25788.statevalue,Mississppi,Mississippi
44672.county,Masrhall,Marshall
13726.county,St Josdeph,St Joseph
12095.statevalue,Illiois,Illinois
25250.county,Clahoun,Calhoun
33860.county,aWyne,Wayne
42753.statevalue,Southh Dakota,South Dakota
14568.county,avis,Davis
16414.county,Fodr,Ford
25384.county,Coipah,Copiah
44467.county,aLke,Lake
36575.county,Stuxtsman,Stutsman
50080.statevalue,tah,Utah
8623.statevalue,Georgai,Georgia
49818.county,ood,Wood
31198.county,Thaer,Thayer
8037.county,Grdon,Gordon
5734.statevalue,Forida,Florida
7962.county,Flulton,Fulton
31957.statevalue,Ne Jersey,New Jersey
53153.statevalue,zWashington,Washington
45939.county,Csatro,Castro
54298.statevalue,Wset Virginia,West Virginia
50115.county,ane,Kane
33179.statevalue,New ork,New York
9295.statevalue,Georgai,Georgia
54423.statevalue,est Virginia,West Virginia
6284.county,Lkae,Lake
45141.statevalue,Tennaessee,Tennessee
18824.statevalue,Kentcuky,Kentucky
34068.statevalue,North Caolina,North Carolina
48430.county,otley,Motley
32528.statevalue,New Mexco,New Mexico
55338.statevalue,Wisconksin,Wisconsin
55111.county,ond Du Lac,Fond Du Lac
44572.statevalue,Tennesse,Tennessee
28059.county,Phlps,Phelps
18004.statevalue,entucky,Kentucky
55102.county,Ffond Du Lac,Fond Du Lac
30243.statevalue,Nebrabska,Nebraska
41396.county,Venngo,Venango
35537.statevalue,North Carolian,North Carolina
49133.county,Smrith,Smith
47416.statevalue,Texaus,Texas
16313.statevalue,Kansaps,Kansas
23198.county,akland,Oakland
10673.county,yBond,Bond
41138.county,mMontour,Montour
46921.statevalue,Texsa,Texas
38387.county,rByan,Bryan
30569.county,Karney,Kearney
52673.county,Hopewel City,Hopewell City
47509.statevalue,Texars,Texas
43775.county,Carrkoll,Carroll
2975.statevalue,Arksansas,Arkansas
39696.statevalue,Orgeon,Oregon
33777.statevalue,cNew York,New York
53795.statevalue,West lVirginia,West Virginia
11184.county,Grnudy,Grundy
52795.statevalue,dVirginia,Virginia
27939.county,Oreagon,Oregon
52821.county,Nporton City,Norton City
49851.county,Yuong,Young
16500.statevalue,Knsas,Kansas
40813.statevalue,Pennsylania,Pennsylvania
15162.county,xLucas,Lucas
48017.statevalue,Teaxs,Texas
25528.statevalue,Micssissippi,Mississippi
44988.county,Sequathie,Sequatchie
43766.county,Carrooll,Carroll
46405.statevalue,eTxas,Texas
48137.statevalue,Tlexas,Texas
23454.statevalue,Michsigan,Michigan
43315.county,qMoody,Moody
28202.county,nRay,Ray
41100.statevalue,Pennsylvanai,Pennsylvania
4190.county,Suttr,Sutter
37917.statevalue,Oho,Ohio
30070.county,Daktoa,Dakota
33025.county,Crotland,Cortland
52459.statevalue,Vriginia,Virginia
46162.statevalue,Tevxas,Texas
11579.county,Loagn,Logan
24628.county,Plok,Polk
29505.statevalue,Monetana,Montana
12764.statevalue,Indinaa,Indiana
52872.statevalue,Virinia,Virginia
909.county,Montgomry,Montgomery
42724.county,Davisopn,Davison
29850.county,Buffaol,Buffalo
26375.county,Tppah,Tippah
53362.county,Kbing,King
17687.statevalue,ansas,Kansas
22226.statevalue,Michnigan,Michigan
32726.county,Socoorro,Socorro
8239.statevalue,Georxgia,Georgia
36310.statevalue,Norths Dakota,North Dakota
7669.county,De uKalb,De Kalb
31122.statevalue,Nebrasbka,Nebraska
24012.county,Goodue,Goodhue
18682.statevalue,Kentcuky,Kentucky
54879.county,Brunett,Burnett
33749.statevalue,Ne York,New York
29472.county,Sandesr,Sanders
11362.statevalue,lIlinois,Illinois
19289.statevalue,Kentukcy,Kentucky
14737.statevalue,Ioa,Iowa
36629.statevalue,Nort Dakota,North Dakota
6800.statevalue,Florbida,Florida
53882.statevalue,Wets Virginia,West Virginia
1310.county,enali,Denali
2000.county,Bootne,Boone
50858.statevalue,Virgqinia,Virginia
43739.county,iCampbell,Campbell
3771.statevalue,Califorina,California
4360.county,Arapgahoe,Arapahoe
54166.statevalue,West Virgina,West Virginia
8130.statevalue,Gheorgia,Georgia
2120.statevalue,Arkvansas,Arkansas
1801.county,Moahve,Mohave
8034.county,Grdon,Gordon
23618.statevalue,Minnestoa,Minnesota
44798.county,Obon,Obion
33754.statevalue,NewYork,New York
32930.statevalue,ew York,New York
1139.statevalue,Alabaam,Alabama
11236.statevalue,Illnois,Illinois
36210.statevalue,Norh Dakota,North Dakota
52908.county,Richmond Ciy,Richmond City
55197.statevalue,Wiscosin,Wisconsin
9536.county,aWlton,Walton
30835.statevalue,Nebdraska,Nebraska
10306.county,Jrome,Jerome
12554.county,Bonoe,Boone
21169.statevalue,Maien,Maine
26830.county,Cldwell,Caldwell
2032.statevalue,Arkzansas,Arkansas
49916.statevalue,Uitah,Utah
55552.county,Outgamie,Outagamie
14421.county,Chejrokee,Cherokee
22129.county,Alwpena,Alpena
41379.county,nion,Union
42188.statevalue,South Carolhina,South Carolina
2829.statevalue,Arknasas,Arkansas
3369.statevalue,Californa,California
25650.county,Iteawamba,Itawamba
9779.county,Honloulu,Honolulu
28900.statevalue,Montiana,Montana
53998.statevalue,Wesct Virginia,West Virginia
24446.county,Mowr,Mower
8778.statevalue,Gerogia,Georgia
41032.statevalue,Pennsylvanai,Pennsylvania
31222.statevalue,Nbraska,Nebraska
40266.county,Washinpgton,Washington
50933.county,Bucknigham,Buckingham
22238.statevalue,Michiqgan,Michigan
55952.county,eWashington,Washington
52173.statevalue,Vicrginia,Virginia
29315.county,Philips,Phillips
51851.county,Oange,Orange
10519.statevalue,daho,Idaho
51933.county,rince Edward,Prince Edward
53668.statevalue,Washingtn,Washington
16276.county,Doinphan,Doniphan
44058.statevalue,Tenessee,Tennessee
4572.statevalue,Colordo,Colorado
25104.county,right,Wright
35465.statevalue,North Crolina,North Carolina
33383.statevalue,New ork,New York
6971.county,Bldwin,Baldwin
14425.county,hCerokee,Cherokee
18615.statevalue,Kentucfky,Kentucky
22575.county,Gratito,Gratiot
11510.county,La alle,La Salle
26732.county,Bentno,Benton
10473.county,Oneikda,Oneida
50751.county,Amherts,Amherst
4310.statevalue,Caliornia,California
3556.statevalue,Califuornia,California
16201.statevalue,Kanssa,Kansas
13728.county,St Josceph,St Joseph
18169.statevalue,Kentukcy,Kentucky
55546.statevalue,eWisconsin,Wisconsin
39315.statevalue,Oklahoa,Oklahoma
30853.county,wOtoe,Otoe
32872.county,Borome,Broome
31111.county,Sewadr,Seward
46443.county,Dickenos,Dickens
6757.statevalue,Floribda,Florida
42164.statevalue,outh Carolina,South Carolina
4794.statevalue,Coloraod,Colorado
24202.statevalue,innesota,Minnesota
16569.statevalue,Kkansas,Kansas
24284.statevalue,Minnesta,Minnesota
4986.statevalue,Coloraod,Colorado
22836.county,Laake,Lake
45566.statevalue,eTxas,Texas
48934.county,usk,Rusk
35032.statevalue,North Caroina,North Carolina
39963.county,uKlamath,Klamath
25560.statevalue,Missisvsippi,Mississippi
31369.statevalue,Nevoada,Nevada
7516.statevalue,Geogia,Georgia
20735.statevalue,Loyuisiana,Louisiana
55228.statevalue,Wisconrsin,Wisconsin
34081.county,Bladne,Bladen
49649.county,Whartn,Wharton
53980.county,Gdrant,Grant
38647.statevalue,klahoma,Oklahoma
28577.statevalue,issouri,Missouri
44406.statevalue,Tenenssee,Tennessee
13160.county,Jennngs,Jennings
38091.statevalue,Oiho,Ohio
14117.county,Aair,Adair
55921.statevalue,Wisocnsin,Wisconsin
47159.statevalue,Txas,Texas
13778.county,Specner,Spencer
18541.statevalue,Knentucky,Kentucky
49072.statevalue,Tdexas,Texas
11768.statevalue,Illnois,Illinois
5526.statevalue,Connectcut,Connecticut
39008.county,Loan,Logan
30096.county,Daws,Dawes
31708.statevalue,New aHmpshire,New Hampshire
5699.statevalue,Floridfa,Florida
14734.statevalue,Iwa,Iowa
12272.statevalue,Illinios,Illinois
39828.county,ouglas,Douglas
1000.county,Randolpeh,Randolph
1397.county,Kenai Pdeninsula,Kenai Peninsula
32208.statevalue,New eJrsey,New Jersey
5633.county,eKnt,Kent
18614.county,Harin,Hardin
13813.county,Steuen,Steuben
12080.statevalue,Illinios,Illinois
29699.statevalue,Nebrsaka,Nebraska
9963.statevalue,Indaho,Idaho
7487.statevalue,eGorgia,Georgia
17319.county,Rie,Rice
4111.statevalue,Califorina,California
23063.county,nMidland,Midland
15686.county,Uniron,Union
8578.county,McDufie,McDuffie
35161.statevalue,Nort hCarolina,North Carolina
15390.county,brien,Obrien
44008.statevalue,Tennessee***,Tennessee
50644.county,Windahm,Windham
28302.statevalue,Missoui,Missouri
44255.county,aHrdin,Hardin
46119.statevalue,Txeas,Texas
31447.county,Eureak,Eureka
10319.statevalue,Iadho,Idaho
34665.statevalue,North Caroilna,North Carolina
39789.county,Curyr,Curry
15940.statevalue,Knasas,Kansas
26244.county,yScott,Scott
50113.statevalue,Utarh,Utah
26241.statevalue,Missisisppi,Mississippi
51730.county,Mddlesex,Middlesex
23941.county,Faaribault,Faribault
46929.statevalue,Texams,Texas
32403.statevalue,New exico,New Mexico
33709.county,Seneac,Seneca
56186.county,Goshne,Goshen
7190.county,Burrke,Burke
40650.statevalue,Pnensylvania,Pennsylvania
52777.statevalue,Vixrginia,Virginia
48749.statevalue,Temxas,Texas
49110.statevalue,exas,Texas
28153.county,Ralls***,Ralls
53621.county,Whitmaan,Whitman
47899.county,cLee,Lee
29380.county,Prairei,Prairie
48781.statevalue,Texsa,Texas
11341.statevalue,Illinobis,Illinois
51527.county,King nad Queen,King and Queen
11432.statevalue,Illinis,Illinois
52617.statevalue,Virginaia,Virginia
41383.county,Venanog,Venango
29033.statevalue,Montanya,Montana
2040.county,Clahoun,Calhoun
9637.county,Weeler,Wheeler
53838.county,raxton,Braxton
46301.county,Culbeson,Culberson
33125.county,Fultson,Fulton
12210.county,Sephenson,Stephenson
25170.county,Amtie,Amite
28787.county,Cascaed,Cascade
3709.statevalue,Califtornia,California
10754.statevalue,Ilinois,Illinois
18819.county,Jobhnson,Johnson
16793.county,Lbaette,Labette
23131.county,Montmorewncy,Montmorency
35128.county,nslow,Onslow
32759.county,Taso,Taos
3790.statevalue,Catlifornia,California
11816.county,Monroge,Monroe
5549.county,New Hvaen,New Haven
22131.county,lpena,Alpena
14822.county,amilton,Hamilton
12105.statevalue,Illniois,Illinois
32311.statevalue,Nw Mexico,New Mexico
26935.statevalue,Missouuri,Missouri
55357.county,Lagnlade,Langlade
8237.statevalue,Goergia,Georgia
49033.county,Scheicher,Schleicher
37380.statevalue,Ohimo,Ohio
44121.county,Grainegr,Grainger
18286.county,Cirttenden,Crittenden
51972.statevalue,Virpginia,Virginia
9793.county,Kauia,Kauai
19383.statevalue,Kehntucky,Kentucky
30035.statevalue,Nebrasvka,Nebraska
40547.statevalue,Pnennsylvania,Pennsylvania
42338.statevalue,Souht Carolina,South Carolina
21165.county,Frnaklin,Franklin
20134.county,aldwell,Caldwell
21039.statevalue,Louiiana,Louisiana
49752.statevalue,hTexas,Texas
34494.statevalue,North Crarolina,North Carolina
28759.statevalue,ontana,Montana
50193.county,rRich,Rich
13659.county,Putnma,Putnam
31926.county,Cpae May,Cape May
55584.county,Ozuakee,Ozaukee
2177.county,Columiba,Columbia
2834.county,Netwon,Newton
44150.statevalue,Tnenessee,Tennessee
44047.statevalue,Tnnessee,Tennessee
22243.county,Benzei,Benzie
34435.county,Davdison,Davidson
51642.county,Louijsa,Louisa
7853.statevalue,vGeorgia,Georgia
20061.county,Bienvile,Bienville
54605.statevalue,est Virginia,West Virginia
43004.statevalue,South Daokta,South Dakota
35096.statevalue,North Carolian,North Carolina
45044.statevalue,Tennesee,Tennessee
49863.county,apata,Zapata
50811.county,Augsuta,Augusta
25901.county,Lncoln,Lincoln
18768.statevalue,Ketucky,Kentucky
41057.county,McKlean,McKean
6943.statevalue,Gorgia,Georgia
22141.county,Atnrim,Antrim
20681.statevalue,Loiuisiana,Louisiana
5626.statevalue,pDelaware,Delaware
50044.county,Gvarfield,Garfield
45155.county,Unircoi,Unicoi
15769.county,Wyane,Wayne
24477.county,Mrray,Murray
8279.county,Iwrin,Irwin
11971.statevalue,jIllinois,Illinois
51608.statevalue,Vigrinia,Virginia
41577.statevalue,Rhode sIland,Rhode Island
46069.county,Cloeman,Coleman
33546.statevalue,Ne wYork,New York
28940.county,Fltahead,Flathead
40557.county,Cfhester,Chester
54801.county,Barrno,Barron
49256.statevalue,Txeas,Texas
30751.county,bMadison,Madison
28369.statevalue,Misouri,Missouri
24583.county,ennington,Pennington
11063.statevalue,Ililnois,Illinois
26035.county,Nweton,Newton
34573.county,aston,Gaston
21901.statevalue,Masscahusetts,Massachusetts
5231.statevalue,Colrado,Colorado
15143.statevalue,Ioawa,Iowa
53743.statevalue,Washingiton,Washington
56106.statevalue,yoming,Wyoming
27938.statevalue,Missuri,Missouri
40311.county,Addams,Adams
40849.county,Hujntingdon,Huntingdon
38917.county,Kingisher,Kingfisher
1508.county,Northwest Artic,Northwest Arctic
33341.county,Nassua,Nassau
7944.county,Franklibn,Franklin
13372.county,Maritn,Martin
29639.statevalue,Montaona,Montana
2779.statevalue,rkansas,Arkansas
19515.county,erry,Perry
47823.county,Lamr,Lamar
21761.county,Wsahington,Washington
8673.county,Meriwethre,Meriwether
39872.county,aHrney,Harney
42938.county,Hadn,Hand
9100.statevalue,Georgai,Georgia
16835.county,incoln,Lincoln
6966.county,Bakre,Baker
52781.statevalue,Virginiwa,Virginia
24859.statevalue,Minneesota,Minnesota
4447.statevalue,olorado,Colorado
54006.county,Hamplshire,Hampshire
5797.statevalue,lForida,Florida
35338.statevalue,Nort hCarolina,North Carolina
24112.county,Itasa,Itasca
19311.statevalue,Kentudcky,Kentucky
20005.county,Assumptin,Assumption
30735.county,MchPerson,McPherson
2523.statevalue,Agrkansas,Arkansas
49941.county,Caxche,Cache
1937.statevalue,Arkanss,Arkansas
26504.statevalue,ississippi,Mississippi
16015.county,Bron,Brown
3917.statevalue,Cvalifornia,California
44772.statevalue,Tennessee***,Tennessee
12768.statevalue,Indyiana,Indiana
28908.county,zFallon,Fallon
45280.county,fWhite,White
55950.county,xWashington,Washington
28308.county,St Farncois,St Francois
1383.county,Juneua,Juneau
28992.statevalue,Montaan,Montana
24809.statevalue,Minnmesota,Minnesota
5166.county,Ourya,Ouray
13828.county,Sulllivan,Sullivan
25251.statevalue,Mssissippi,Mississippi
10003.statevalue,Iadho,Idaho
15406.statevalue,xIowa,Iowa
1317.statevalue,laska,Alaska
49256.county,Swsiher,Swisher
11353.statevalue,Illinis,Illinois
28720.county,Bliane,Blaine
33569.statevalue,New hYork,New York
31488.statevalue,Nevaad,Nevada
43341.statevalue,Sotuh Dakota,South Dakota
56340.county,Plate,Platte
33884.county,Westhcester,Westchester
24336.statevalue,Midnnesota,Minnesota
9545.statevalue,Georga,Georgia
5833.statevalue,Floriuda,Florida
9764.county,Hzawaii,Hawaii
53470.statevalue,Washingtpon,Washington
37587.county,Mraion,Marion
28959.statevalue,Monatna,Montana
40171.statevalue,regon,Oregon
8563.county,Lumpin,Lumpkin
53109.statevalue,Wasington,Washington
21915.statevalue,Massachuestts,Massachusetts
14193.county,Audbon,Audubon
54996.county,oDdge,Dodge
14463.statevalue,Iowha,Iowa
36377.county,lRamsey,Ramsey
6022.statevalue,Floirda,Florida
40083.statevalue,Orevgon,Oregon
50176.county,Puite,Piute
18051.statevalue,Kenhtucky,Kentucky
13210.county,Kqnox,Knox
651.county,Jeferson,Jefferson
528.county,ranklin,Franklin
53582.county,Swkagit,Skagit
35818.statevalue,North Dakonta,North Dakota
24544.statevalue,Minneota,Minnesota
51991.statevalue,Vigrinia,Virginia
41166.statevalue,Pensnylvania,Pennsylvania
23102.county,Modnroe,Monroe
49500.county,Uvaldve,Uvalde
3617.county,Los Angles,Los Angeles
30681.county,Lmincoln,Lincoln
24213.statevalue,Minneota,Minnesota
10689.county,nBoone,Boone
12267.county,Vpermilion,Vermilion
32950.county,Chemunig,Chemung
10220.statevalue,Idho,Idaho
36355.county,Pierdce,Pierce
6794.county,Tayelor,Taylor
10908.statevalue,lIlinois,Illinois
13836.county,uSllivan,Sullivan
20972.statevalue,Louisiaan,Louisiana
54804.county,Brron,Barron
48527.county,vNueces,Nueces
28739.statevalue,Montanha,Montana
49146.statevalue,exas,Texas
23395.county,t Clair,St Clair
3237.statevalue,Arknsas,Arkansas
10953.statevalue,Ilinois,Illinois
43.county,Babrour,Barbour
20562.statevalue,Louiiana,Louisiana
36648.county,ard,Ward
44923.statevalue,Tnnessee,Tennessee
12089.statevalue,Illincois,Illinois
55365.statevalue,Wicsonsin,Wisconsin
12839.statevalue,Inydiana,Indiana
25516.statevalue,Mississsippi,Mississippi
49498.county,valde,Uvalde
9434.county,Tuner,Turner
3955.county,San Francsco,San Francisco
22902.statevalue,Michigna,Michigan
43896.county,offee,Coffee
53793.statevalue,West iVrginia,West Virginia
45200.county,Wamrren,Warren
41321.statevalue,Pnnsylvania,Pennsylvania
52327.county,Wisue,Wise
53858.county,Crabell,Cabell
48079.county,MCculloch,McCulloch
45992.statevalue,Texacs,Texas
54961.county,Crawofrd,Crawford
24143.statevalue,Minnesuota,Minnesota
48755.county,Ranall,Randall
22209.statevalue,Mijchigan,Michigan
42745.county,Dya,Day
7323.county,Cahrlton,Charlton
9406.county,Treutln,Treutlen
30564.county,ohnson,Johnson
36723.statevalue,Ohoi,Ohio
17688.statevalue,Kansdas,Kansas
43343.statevalue,oSuth Dakota,South Dakota
11981.county,Ppoe,Pope
28048.statevalue,Missouir,Missouri
42647.county,Clzay,Clay
20605.statevalue,oLuisiana,Louisiana
33921.statevalue,Ne York,New York
35169.county,Paemlico,Pamlico
22481.county,aton,Eaton
47293.statevalue,Taexas,Texas
30051.statevalue,Nebraka,Nebraska
55810.statevalue,Wisconin,Wisconsin
25998.statevalue,Missisrsippi,Mississippi
47694.statevalue,Txas,Texas
10843.statevalue,uIllinois,Illinois
19692.county,Shewlby,Shelby
54938.statevalue,Wiconsin,Wisconsin
45790.statevalue,Texsa,Texas
52276.county,Wraren,Warren
2413.county,reene,Greene
8915.statevalue,mGeorgia,Georgia
23026.statevalue,Micrhigan,Michigan
28129.county,Pulasik,Pulaski
42640.statevalue,Souht Dakota,South Dakota
21833.statevalue,Massachwusetts,Massachusetts
52855.county,Poquoson iCty,Poquoson City
49487.county,Uvade,Uvalde
21227.county,Lincolin,Lincoln
49517.statevalue,yTexas,Texas
20427.statevalue,Lousiiana,Louisiana
21341.county,Waaldo,Waldo
17274.statevalue,ansas,Kansas
55582.statevalue,Wisconin,Wisconsin
50759.county,Amhersit,Amherst
28984.county,aGlacier,Glacier
9664.statevalue,Georga,Georgia
9921.statevalue,Idho,Idaho
27073.county,Coopre,Cooper
17866.county,aBrren,Barren
49629.statevalue,Texeas,Texas
36538.statevalue,North akota,North Dakota
34735.statevalue,North Carolna,North Carolina
3306.statevalue,Californmia,California
13951.statevalue,Indiaa,Indiana
18235.statevalue,entucky,Kentucky
6852.statevalue,Floruida,Florida
39266.county,Okmugee,Okmulgee
24817.statevalue,Minnesoat,Minnesota
34327.county,Clevealnd,Cleveland
53170.statevalue,Wasihngton,Washington
4465.county,Chzaffee,Chaffee
55302.county,Kewaunefe,Kewaunee
25434.county,e Soto,De Soto
15678.statevalue,Iogwa,Iowa
2295.statevalue,rAkansas,Arkansas
13860.statevalue,Indirana,Indiana
1009.statevalue,Aabama,Alabama
48168.statevalue,Teyxas,Texas
25623.county,Issaqena,Issaquena
12361.statevalue,iIllinois,Illinois
15679.county,Unino,Union
10095.statevalue,Iedaho,Idaho
21215.county,nKox,Knox
21373.county,ork,York
21228.statevalue,Maien,Maine
51755.county,Nelsno,Nelson
14885.county,Harrsion,Harrison
37845.county,iPckaway,Pickaway
50499.county,Essecx,Essex
34016.county,Aseh,Ashe
51226.county,lFoyd,Floyd
13099.county,Jaqckson,Jackson
42581.statevalue,Souteh Dakota,South Dakota
26484.county,Washnigton,Washington
11459.statevalue,Illinos,Illinois
51717.statevalue,Vigrinia,Virginia
29919.county,Cdear,Cedar
18918.county,Lurel,Laurel
20794.county,St John The Btaptist,St John The Baptist
43148.statevalue,Suoth Dakota,South Dakota
34398.county,Cumberlad,Cumberland
7080.county,Bibb***,Bibb
41332.county,Ssuquehanna,Susquehanna
5192.statevalue,Coorado,Colorado
16778.statevalue,aKnsas,Kansas
27510.statevalue,Miissouri,Missouri
41857.county,Cloleton,Colleton
10309.county,zJerome,Jerome
45754.county,Broosk,Brooks
15398.county,sceola,Osceola
41800.county,hCester,Chester
793.county,adison,Madison
279.statevalue,labama,Alabama
19413.county,iNcholas,Nicholas
53562.county,San Jhuan,San Juan
40052.statevalue,sOregon,Oregon
11030.statevalue,lIlinois,Illinois
30233.county,Franklni,Franklin
1593.statevalue,Alasa,Alaska
35422.county,Scotladn,Scotland
40510.county,Caemron,Cameron
46580.county,Elnlis,Ellis
35984.county,mEmons,Emmons
48432.county,Motely,Motley
54418.statevalue,West Virgiina,West Virginia
53255.county,Frankclin,Franklin
7274.statevalue,vGeorgia,Georgia
2351.statevalue,Arknsas,Arkansas
38174.county,Warrne,Warren
3070.statevalue,Akransas,Arkansas
6452.county,Miamis-Dade,Miami-Dade
39331.county,Panye,Payne
26617.statevalue,Missuori,Missouri
40272.statevalue,Orgon,Oregon
26295.statevalue,Misbsissippi,Mississippi
30453.county,Hayse,Hayes
2173.statevalue,rkansas,Arkansas
56462.statevalue,nWyoming,Wyoming
29030.statevalue,Monana,Montana
6451.statevalue,Florinda,Florida
51556.statevalue,Vigrinia,Virginia
54398.county,Penldeton,Pendleton
18959.county,Leslei,Leslie
27662.county,iLvingston,Livingston
41169.county,Northumbelrand,Northumberland
50347.statevalue,tah,Utah
11589.statevalue,llinois,Illinois
55022.county,Doro,Door
24769.statevalue,Minnsota,Minnesota
49798.statevalue,Texsa,Texas
32987.county,Clintoun,Clinton
6979.statevalue,Georgai,Georgia
15905.statevalue,Kanss,Kansas
30375.county,Greleey,Greeley
53042.statevalue,Vihrginia,Virginia
45630.statevalue,Tekxas,Texas
20254.county,Ehast Carroll,East Carroll
33979.county,Alleghany***,Alleghany
38117.county,Unin,Union
34310.county,Clya,Clay
748.county,Limestoe,Limestone
19857.statevalue,Kentuocky,Kentucky
26042.county,Newtn,Newton
407.county,Daele,Dale
40151.statevalue,Oeregon,Oregon
16891.statevalue,Kanss,Kansas
38971.statevalue,kOlahoma,Oklahoma
35254.statevalue,North Carolia,North Carolina
51254.county,Franlin,Franklin
8515.county,Log,Long
11765.statevalue,Illinis,Illinois
38443.statevalue,Oklbahoma,Oklahoma
24978.statevalue,Minnesdota,Minnesota
26430.county,nion,Union
22006.statevalue,Mssachusetts,Massachusetts
25456.statevalue,Mississihppi,Mississippi
30376.county,Geeley,Greeley
727.county,bLee,Lee
1144.statevalue,Alabma,Alabama
52773.county,Martinsville Ctiy,Martinsville City
48945.county,Sabiqne,Sabine
29260.county,Muselshell,Musselshell
53378.statevalue,ashington,Washington
47648.county,Kendaljl,Kendall
5702.county,Alachau,Alachua
20011.county,sAsumption,Assumption
48744.statevalue,Texals,Texas
52762.county,Mratinsville City,Martinsville City
30968.county,Plolk,Polk
17902.county,Blel,Bell
44784.statevalue,Tennesusee,Tennessee
37876.county,Portgae,Portage
7540.statevalue,Geworgia,Georgia
284.statevalue,Alahbama,Alabama
36168.county,Mcenry,McHenry
48739.statevalue,Teaxs,Texas
16821.statevalue,Kanssa,Kansas
51942.county,Prince Edwadr,Prince Edward
24796.statevalue,Mninesota,Minnesota
35531.statevalue,North nCarolina,North Carolina
32939.statevalue,New Yorsk,New York
12767.statevalue,Invdiana,Indiana
7803.county,Ejffingham,Effingham
22454.county,Difckinson,Dickinson
7604.county,Crsip,Crisp
17167.county,Osborene,Osborne
21823.county,Barnstabel,Barnstable
20252.county,Est Carroll,East Carroll
3749.county,onterey,Monterey
33726.county,Steubxen,Steuben
54404.county,Pedleton,Pendleton
11671.county,Macupin,Macoupin
24192.county,Kitston,Kittson
46700.statevalue,Texsa,Texas
46621.county,Flals,Falls
21934.county,ampden,Hampden
34768.statevalue,North arolina,North Carolina
39009.statevalue,Oklahoam,Oklahoma
47072.county,Hansfodr,Hansford
47857.statevalue,exas,Texas
4225.statevalue,Californai,California
46468.county,Dimit,Dimmit
7872.county,annin,Fannin
13506.county,Orhange,Orange
30461.statevalue,Nebrasjka,Nebraska
40069.county,pMarion,Marion
3624.county,Mdaera,Madera
24778.statevalue,Minnsota,Minnesota
35165.statevalue,Norh Carolina,North Carolina
55865.statevalue,Wisconstin,Wisconsin
838.statevalue,Algabama,Alabama
3834.county,Placetr,Placer
35675.county,Wikes,Wilkes
48134.statevalue,Teas,Texas
49530.statevalue,eTxas,Texas
18536.statevalue,Kentucyk,Kentucky
49913.county,Baver,Beaver
15113.statevalue,Ioaw,Iowa
24162.county,eKandiyohi,Kandiyohi
38124.county,Unuion,Union
42223.county,Marlboor,Marlboro
28024.county,Perrmy,Perry
17210.statevalue,Karnsas,Kansas
22327.statevalue,Michian,Michigan
47810.statevalue,exas,Texas
45161.county,Unicio,Unicoi
37243.county,Hancokc,Hancock
46264.county,Cdrockett,Crockett
48284.county,nMidland,Midland
52663.county,Harrisonbrug City,Harrisonburg City
15163.county,Lutcas,Lucas
33791.county,Tmpkins,Tompkins
41553.statevalue,Rhdoe Island,Rhode Island
30867.county,Oteo,Otoe
23444.statevalue,Micwhigan,Michigan
4330.statevalue,oClorado,Colorado
17197.statevalue,Kanhsas,Kansas
22484.county,Eummet,Emmet
7515.statevalue,Goergia,Georgia
35443.statevalue,North Craolina,North Carolina
40976.statevalue,Pensylvania,Pennsylvania
44719.statevalue,Tennesscee,Tennessee
44197.statevalue,Tennescsee,Tennessee
355.county,Covingtvon,Covington
51438.county,Henricxo,Henrico
25131.county,Adanms,Adams
18465.statevalue,Kenucky,Kentucky
29729.statevalue,ebraska,Nebraska
55854.statevalue,Wiscosin,Wisconsin
1237.county,leutians West,Aleutians West
50306.statevalue,Utaph,Utah
21774.county,Wicomibco,Wicomico
16239.statevalue,Kansmas,Kansas
10007.county,eBonneville,Bonneville
9013.statevalue,Georgiaa,Georgia
8130.county,cHall,Hall
52392.county,Alexndria City,Alexandria City
46603.county,eErath,Erath
2438.county,Hempstaed,Hempstead
30498.county,ooker,Hooker
3418.county,Del Noret,Del Norte
21671.county,Prince Georgs,Prince Georges
22933.county,Mackidnac,Mackinac
30439.county,Hays,Hayes
13851.county,Swxitzerland,Switzerland
39133.county,Mayse,Mayes
7699.county,Dodeg,Dodge
33948.county,Alamacne,Alamance
23678.statevalue,Minnesoa,Minnesota
45631.county,Boqsue,Bosque
47330.statevalue,Texsa,Texas
8156.county,Hraalson,Haralson
54687.statevalue,Westa Virginia,West Virginia
1215.statevalue,Aalska,Alaska
14990.statevalue,Ioaw,Iowa
30699.statevalue,Nerbaska,Nebraska
28319.county,St ouis,St Louis
2161.statevalue,Arkanas,Arkansas
19237.county,Msaon,Mason
20907.county,Tensyas,Tensas
2494.statevalue,Arkkansas,Arkansas
53544.statevalue,Washngton,Washington
51883.statevalue,Virginuia,Virginia
21101.statevalue,Manie,Maine
49431.statevalue,Tbexas,Texas
48290.county,Midladn,Midland
50556.county,Lamille,Lamoille
40862.statevalue,Pennsylavnia,Pennsylvania
10693.statevalue,Illionis,Illinois
6025.county,Gadsdne,Gadsden
51378.county,rGeensville,Greensville
31282.county,Washintgon,Washington
39261.county,Okulgee,Okmulgee
32901.county,Cttaraugus,Cattaraugus
16694.statevalue,Kanss,Kansas
35306.statevalue,Nroth Carolina,North Carolina
51671.statevalue,Virgiia,Virginia
33328.county,oMntgomery,Montgomery
26758.county,Bollingr,Bollinger
39852.county,Glliam,Gilliam
41536.county,ent,Kent
11159.county,aGllatin,Gallatin
13525.statevalue,Iniana,Indiana
41262.county,Schuylkill***,Schuylkill
19333.county,Montgomlery,Montgomery
48191.county,ason,Mason
46779.statevalue,Texs,Texas
29979.statevalue,Neubraska,Nebraska
20968.statevalue,Louisaina,Louisiana
29052.county,Hiall,Hill
39495.statevalue,Okblahoma,Oklahoma
20513.county,Lviingston,Livingston
2211.statevalue,Arkanssa,Arkansas
25496.statevalue,Misisissippi,Mississippi
14573.county,Davsi,Davis
7778.statevalue,eorgia,Georgia
41623.county,iken,Aiken
26566.statevalue,Mississgippi,Mississippi
40512.statevalue,Pennyslvania,Pennsylvania
54784.statevalue,Wisconin,Wisconsin
36564.statevalue,North Dakoat,North Dakota
33119.county,Franhklin,Franklin
52797.county,Norfolk Cty,Norfolk City
51650.statevalue,Virginvia,Virginia
35321.statevalue,oNrth Carolina,North Carolina
2206.county,Craigheda,Craighead
19886.statevalue,Kentuucky,Kentucky
45086.statevalue,Tennesssee,Tennessee
37119.statevalue,hio,Ohio
28274.statevalue,Missozuri,Missouri
33230.county,iKngs,Kings
17670.statevalue,Kanass,Kansas
25416.statevalue,Missssippi,Mississippi
29295.county,Petrzoleum,Petroleum
20310.county,Franklni,Franklin
29852.statevalue,Nebaska,Nebraska
15703.county,Van Buen,Van Buren
16529.county,rGeeley,Greeley
25528.county,Hncock,Hancock
55154.statevalue,Wisconisn,Wisconsin
32827.county,Alcbany,Albany
39286.statevalue,Oklahcoma,Oklahoma
41505.county,Yozrk,York
34392.statevalue,Nortjh Carolina,North Carolina
44751.county,More,Moore
27271.statevalue,qMissouri,Missouri
22183.statevalue,Michian,Michigan
3357.county,Calaversa,Calaveras
25834.county,Leakxe,Leake
1514.statevalue,Aylaska,Alaska
17952.statevalue,Ketucky,Kentucky
2905.county,ike,Pike
53819.county,oone,Boone
14862.statevalue,Ioaw,Iowa
20190.county,Clhaiborne,Claiborne
34673.county,Haljifax,Halifax
18316.county,wDaviess,Daviess
16858.county,Liann,Linn
6325.statevalue,Folrida,Florida
39652.county,Woowdard,Woodward
19988.county,Ascensioon,Ascension
8660.statevalue,eorgia,Georgia
26971.county,hCariton,Chariton
8959.statevalue,Georgpia,Georgia
28579.statevalue,Missorui,Missouri
13779.county,Spncer,Spencer
18729.county,Hckman,Hickman
55052.county,Dnun,Dunn
53641.county,Spokanee,Spokane
39601.statevalue,Okalhoma,Oklahoma
52699.county,LexingtonC ity,Lexington City
22264.county,Berrine,Berrien
27784.statevalue,Misouri,Missouri
17958.statevalue,Kentcuky,Kentucky
54409.statevalue,Wset Virginia,West Virginia
50071.statevalue,tah,Utah
917.statevalue,lAabama,Alabama
8377.county,Johnosn,Johnson
55454.county,Mraquette,Marquette
49359.county,Tlitus,Titus
1901.county,Ybavapai,Yavapai
41894.statevalue,South Carolhina,South Carolina
48106.statevalue,Txas,Texas
31057.statevalue,Nebraszka,Nebraska
23663.statevalue,Minneosta,Minnesota
12016.county,Putnvam,Putnam
34506.county,Duvrham,Durham
14287.statevalue,uIowa,Iowa
29235.statevalue,Motnana,Montana
35020.county,Mintchell,Mitchell
2285.statevalue,yArkansas,Arkansas
391.statevalue,Albaama,Alabama
17251.county,Paratt,Pratt
15361.statevalue,owa,Iowa
27117.statevalue,Missouryi,Missouri
33240.statevalue,Nzew York,New York
52991.county,Suffok City,Suffolk City
29308.county,Phillipgs,Phillips
52585.county,Frankli nCity,Franklin City
55622.statevalue,Wisconsni,Wisconsin
2543.county,Jeffersno,Jefferson
65.county,Bibpb,Bibb
8826.statevalue,Georgika,Georgia
41808.statevalue,South bCarolina,South Carolina
15918.statevalue,Kansaas,Kansas
21570.statevalue,Mamryland,Maryland
26755.statevalue,Missbouri,Missouri
7001.county,Bankss,Banks
55323.statevalue,Wisconsni,Wisconsin
1247.county,Ahnchorage,Anchorage
18510.statevalue,Kentuucky,Kentucky
14408.statevalue,Ioaw,Iowa
43275.statevalue,Soth Dakota,South Dakota
52161.county,Smyht,Smyth
32405.county,Guadaluep,Guadalupe
16387.statevalue,Kanss,Kansas
23910.statevalue,iMnnesota,Minnesota
46315.statevalue,Teaxs,Texas
26229.county,Scotjt,Scott
49159.county,Staqrr,Starr
26700.statevalue,iMssouri,Missouri
31044.county,Salnie,Saline
13092.statevalue,ndiana,Indiana
16373.county,Ellswrorth,Ellsworth
5811.county,Cahloun,Calhoun
39602.statevalue,Olahoma,Oklahoma
576.statevalue,Alabaam,Alabama
32068.county,oMnmouth,Monmouth
44170.county,Grudny,Grundy
11566.county,Livnigston,Livingston
18637.statevalue,Kentuvcky,Kentucky
7065.county,Berien,Berrien
36498.statevalue,Norh Dakota,North Dakota
24798.county,StL ouis,St Louis
16275.statevalue,Kanusas,Kansas
48571.county,Orage,Orange
14321.statevalue,oIwa,Iowa
8514.county,Lincogln,Lincoln
9982.county,Bnner,Bonner
16301.statevalue,Kanss,Kansas
55349.statevalue,Wisconisn,Wisconsin
1808.statevalue,Aizona,Arizona
12841.statevalue,Iniana,Indiana
16391.county,Finkney,Finney
1433.county,Lakea nd Peninsula,Lake and Peninsula
42195.county,Mrion,Marion
53399.county,Kittias,Kittitas
4300.county,Yollo,Yolo
612.county,enry,Henry
33333.statevalue,Nwe York,New York
9833.statevalue,Idahjo,Idaho
20742.statevalue,Louiisana,Louisiana
8601.county,McInqtosh,McIntosh
41434.county,Wsahington,Washington
36022.statevalue,North Dakaota,North Dakota
17986.county,Bwracken,Bracken
7028.statevalue,Gerogia,Georgia
20669.statevalue,Lousiiana,Louisiana
16265.statevalue,Kanssa,Kansas
1364.county,Haies,Haines
12144.statevalue,Illinosi,Illinois
16880.county,Loan,Logan
270.statevalue,Alabamba,Alabama
12312.statevalue,Illinios,Illinois
55605.statevalue,Widsconsin,Wisconsin
37458.county,Lkae,Lake
3810.statevalue,Californa,California
33794.statevalue,New Yokr,New York
9944.statevalue,Idaoh,Idaho
15104.statevalue,Ioaw,Iowa
53887.statevalue,Wets Virginia,West Virginia
12215.statevalue,Illinosi,Illinois
44085.county,Gibsno,Gibson
50041.statevalue,Uitah,Utah
35131.county,Onslw,Onslow
171.county,Cherkoee,Cherokee
11887.county,gle,Ogle
43179.statevalue,Sout Dakota,South Dakota
41276.county,Spnyder,Snyder
11062.county,iEffingham,Effingham
44710.statevalue,Tenessee,Tennessee
22494.statevalue,Mchigan,Michigan
5058.statevalue,Coorado,Colorado
31900.statevalue,Ne wJersey,New Jersey
15446.statevalue,Ioaw,Iowa
2105.county,Cark,Clark
44720.statevalue,Tennerssee,Tennessee
12141.county,Schuylecr,Schuyler
30083.county,Dawse,Dawes
41488.county,Wyomnig,Wyoming
42348.county,Spartanbzurg,Spartanburg
11390.statevalue,Ilinois,Illinois
33342.statevalue,Ne York,New York
3353.county,Calaversa,Calaveras
20920.county,eTrrebonne,Terrebonne
34390.statevalue,North Carolnia,North Carolina
44009.statevalue,Tennesee,Tennessee
24038.statevalue,Minnesoa,Minnesota
21877.statevalue,Massacusetts,Massachusetts
33973.county,Allehgany,Alleghany
38684.statevalue,Oklahwoma,Oklahoma
38379.county,Bryvan,Bryan
25430.statevalue,iMssissippi,Mississippi
18241.statevalue,Kentcky,Kentucky
3312.county,lpine,Alpine
20609.county,Ouachia,Ouachita
23018.county,Msaon,Mason
17259.county,Prtt,Pratt
15800.statevalue,Iwoa,Iowa
33583.county,Rnichmond,Richmond
24208.statevalue,Mninesota,Minnesota
21804.statevalue,Mbaryland,Maryland
7489.county,Cffee,Coffee
5541.county,Middleszex,Middlesex
25437.county,Forrets,Forrest
19732.statevalue,Kentucy,Kentucky
800.statevalue,Alaabma,Alabama
25134.county,Adamrs,Adams
33473.county,Orlans,Orleans
2149.county,jCleveland,Cleveland
9383.statevalue,Georgica,Georgia
5320.statevalue,Colohrado,Colorado
19398.county,Nelsn,Nelson
30604.statevalue,Neubraska,Nebraska
56245.statevalue,Wyomindg,Wyoming
39121.statevalue,Oklahma,Oklahoma
24438.statevalue,Minnsota,Minnesota
8641.statevalue,Georgai,Georgia
50124.statevalue,Utaah,Utah
46689.county,Fisheyr,Fisher
4435.county,Bobulder,Boulder
11979.county,Ppe,Pope
23171.county,Newayog,Newaygo
37011.county,nDarke,Darke
39370.county,Pontootc,Pontotoc
20352.statevalue,ouisiana,Louisiana
50725.statevalue,Virinia,Virginia
20262.statevalue,Louisana,Louisiana
47173.county,Harttley,Hartley
44193.statevalue,Tennessee***,Tennessee
22375.county,lCare,Clare
55831.county,heboygan,Sheboygan
43782.statevalue,Tenessee,Tennessee
35548.county,Unino,Union
41765.county,Chparleston,Charleston
53617.county,Snhomish,Snohomish
20651.county,Rapieds,Rapides
53575.county,kagit,Skagit
6776.statevalue,Flonrida,Florida
807.county,aMdison,Madison
15519.statevalue,Iowaa,Iowa
44161.statevalue,Tennsesee,Tennessee
42738.county,Dy,Day
32279.statevalue,Neew Mexico,New Mexico
9976.statevalue,Idavho,Idaho
32123.statevalue,xNew Jersey,New Jersey
4259.statevalue,Califorina,California
33316.statevalue,New Yokr,New York
40162.county,illamook,Tillamook
18872.county,Knxo,Knox
86.county,Balount,Blount
14546.county,Dlalas,Dallas
29822.county,Byd,Boyd
17577.statevalue,Kasas,Kansas
24718.statevalue,hMinnesota,Minnesota
2646.county,Lincon,Lincoln
485.county,Escambai,Escambia
46168.county,Comanchte,Comanche
34716.statevalue,North Carolia,North Carolina
5239.statevalue,Coloradbo,Colorado
54432.county,Plesants,Pleasants
41136.statevalue,Pennslyvania,Pennsylvania
47464.statevalue,exas,Texas
3673.county,Mnedocino,Mendocino
39589.statevalue,Oklaohma,Oklahoma
6208.county,Holmwes,Holmes
18843.county,Keton,Kenton
21991.county,Nantuckeyt,Nantucket
37468.statevalue,kOhio,Ohio
47381.statevalue,Txas,Texas
8140.county,Hancolck,Hancock
6199.statevalue,lForida,Florida
14211.county,Beknton,Benton
54274.county,ineral,Mineral
9194.county,Stweart,Stewart
53756.county,Yakiam,Yakima
49994.statevalue,Uth,Utah
47874.statevalue,bTexas,Texas
32745.statevalue,New eMxico,New Mexico
51620.statevalue,Virginmia,Virginia
17618.county,Sunmer,Sumner
44499.statevalue,Tnnessee,Tennessee
21197.statevalue,Mine,Maine
49283.county,Tarramnt,Tarrant
56053.county,Albayn,Albany
2846.statevalue,Arknsas,Arkansas
5487.statevalue,onnecticut,Connecticut
48462.statevalue,eTxas,Texas
7493.county,uCoffee,Coffee
51562.statevalue,Virgiina,Virginia
34010.statevalue,North Casrolina,North Carolina
26554.county,Wnston,Winston
52219.statevalue,Virignia,Virginia
50270.statevalue,kUtah,Utah
37132.county,Fzranklin,Franklin
42439.statevalue,Sout hDakota,South Dakota
7675.statevalue,Gerogia,Georgia
18585.county,reenup,Greenup
34257.statevalue,orth Carolina,North Carolina
42751.county,Duel,Deuel
34175.statevalue,North Cadrolina,North Carolina
26434.statevalue,Mississippi***,Mississippi
47161.county,Hartly,Hartley
22799.statevalue,Mbichigan,Michigan
56082.county,iBg Horn,Big Horn
51812.statevalue,jVirginia,Virginia
35072.county,Nah,Nash
15059.statevalue,Iwa,Iowa
10060.county,amas,Camas
39282.statevalue,Oklahma,Oklahoma
19023.county,iLncoln,Lincoln
38839.county,Huhges,Hughes
48890.statevalue,Terxas,Texas
42682.statevalue,Souht Dakota,South Dakota
24822.statevalue,Minnseota,Minnesota
46732.statevalue,exas,Texas
5701.county,Alahcua,Alachua
33280.statevalue,New Yorqk,New York
2753.statevalue,Akansas,Arkansas
4496.statevalue,Cloorado,Colorado
45061.county,Stewarct,Stewart
8975.county,Pulasik,Pulaski
10914.statevalue,Izllinois,Illinois
32132.county,aSlem,Salem
13991.statevalue,zIndiana,Indiana
46417.statevalue,eTxas,Texas
31624.county,Walshoe,Washoe
24524.statevalue,Minneosta,Minnesota
15403.county,kOsceola,Osceola
26413.statevalue,tMississippi,Mississippi
20418.county,Jeffterson Davis,Jefferson Davis
54617.county,Tler,Tyler
48243.county,nMedina,Medina
45024.statevalue,Tennlessee,Tennessee
24215.statevalue,Minnensota,Minnesota
12927.statevalue,Idniana,Indiana
43576.statevalue,SouthDakota,South Dakota
14743.county,Fremuont,Fremont
23320.county,Ottuawa,Ottawa
42273.statevalue,South Carolwina,South Carolina
48710.county,Prsidio,Presidio
52057.statevalue,Virgina,Virginia
49696.statevalue,eTxas,Texas
1122.statevalue,Alabaa,Alabama
49402.county,Trais,Travis
35837.county,Boweman,Bowman
49136.statevalue,mTexas,Texas
42989.county,Huges,Hughes
2244.statevalue,Arkanass,Arkansas
45792.county,Bruleson,Burleson
2489.statevalue,Arkasnas,Arkansas
9343.county,Tifkt,Tift
45589.statevalue,Texsa,Texas
8095.statevalue,Gerogia,Georgia
44932.statevalue,Tennessee***,Tennessee
40250.county,Washingon,Washington
46571.county,Ellibs,Ellis
5942.statevalue,yFlorida,Florida
40992.county,Lehgh,Lehigh
50278.county,Sumymit,Summit
33487.county,Oswegno,Oswego
31982.statevalue,New Jersye,New Jersey
46542.county,Ecytor,Ector
35213.county,Perquiymans,Perquimans
48084.statevalue,Txas,Texas
11813.county,Mnroe,Monroe
36064.statevalue,North Dakoat,North Dakota
7747.statevalue,eorgia,Georgia
39317.county,Pawnee***,Pawnee
2042.county,Caloun,Calhoun
13744.statevalue,Indana,Indiana
206.statevalue,Alabmaa,Alabama
4348.statevalue,Colporado,Colorado
212.statevalue,lAabama,Alabama
28395.county,oScott,Scott
42119.county,Lsancaster,Lancaster
28237.statevalue,Missourri,Missouri
12553.county,oBone,Boone
19351.county,Moragn,Morgan
42403.statevalue,South Crolina,South Carolina
10067.county,Canyjon,Canyon
41043.county,McKeuan,McKean
36866.statevalue,Ohbio,Ohio
41422.statevalue,Pennylvania,Pennsylvania
55017.county,oDor,Door
21583.statevalue,Marland,Maryland
19876.county,Webwster,Webster
21956.county,Hanmpshire,Hampshire
54970.statevalue,Wisconsihn,Wisconsin
44053.county,Fentrfess,Fentress
22555.county,Grand Traverske,Grand Traverse
36943.statevalue,Oiho,Ohio
22825.statevalue,Mcihigan,Michigan
40811.statevalue,Pensnylvania,Pennsylvania
38937.county,Kitowa,Kiowa
21459.county,Casroline,Caroline
37096.county,Faifield,Fairfield
17917.statevalue,Kntucky,Kentucky
29537.county,tSillwater,Stillwater
45935.statevalue,Tnexas,Texas
3300.statevalue,Cealifornia,California
51650.county,Lnuenburg,Lunenburg
48556.statevalue,Teas,Texas
54934.county,Clalrk,Clark
25786.county,Laamr,Lamar
28068.county,ike,Pike
11928.statevalue,Illinois***,Illinois
5657.county,Sssex,Sussex
38777.county,Harnmon,Harmon
10815.statevalue,llinois,Illinois
40519.county,Cbarbon,Carbon
47520.statevalue,eTxas,Texas
21920.statevalue,Massahusetts,Massachusetts
18166.county,Crater,Carter
30663.county,gLancaster,Lancaster
49405.county,Trais,Travis
6969.county,Baldwcin,Baldwin
30774.county,Merirck,Merrick
16369.statevalue,Khansas,Kansas
37757.county,Muskhingum,Muskingum
8043.statevalue,Geogia,Georgia
9950.statevalue,Idho,Idaho
3486.county,wHumboldt,Humboldt
28056.county,Phelips,Phelps
18058.statevalue,Ketnucky,Kentucky
53171.statevalue,Washingtn,Washington
9417.statevalue,iGeorgia,Georgia
49044.statevalue,Terxas,Texas
20587.statevalue,Lobuisiana,Louisiana
28782.statevalue,Montaa,Montana
38115.county,Uinon,Union
10814.county,kChristian,Christian
15852.county,Wodbury,Woodbury
25100.county,Wrihgt,Wright
1067.statevalue,lAabama,Alabama
28884.county,Deer vLodge,Deer Lodge
54556.county,Rvoane,Roane
10290.statevalue,Idaoh,Idaho
33828.statevalue,NewYork,New York
11913.statevalue,Illginois,Illinois
9785.statevalue,Hawaii***,Hawaii
23709.county,Cafrlton,Carlton
14288.statevalue,Iowua,Iowa
4430.county,Bowulder,Boulder
38553.statevalue,Olahoma,Oklahoma
56063.statevalue,yoming,Wyoming
11402.county,Johntson,Johnson
4732.statevalue,Colroado,Colorado
43040.statevalue,South Dabkota,South Dakota
33250.statevalue,aNew York,New York
44321.statevalue,Tennesse,Tennessee
42881.county,Grgory,Gregory
29234.county,Misoula,Missoula
49965.statevalue,tah,Utah
42622.county,Charles Mmix,Charles Mix
45779.county,Burelson,Burleson
19455.statevalue,Ketucky,Kentucky
38249.statevalue,qOhio,Ohio
29430.statevalue,Montnaa,Montana
569.statevalue,Alabaam,Alabama
26544.statevalue,Mssissippi,Mississippi
23694.county,rBown,Brown
5016.county,Lgan,Logan
56056.statevalue,Woming,Wyoming
19833.statevalue,Kentuckhy,Kentucky
30197.county,Duny,Dundy
27415.county,Howell***,Howell
55676.statevalue,Wiscosin,Wisconsin
29909.county,Casts,Cass
54044.county,Harddy,Hardy
16346.county,Etllis,Ellis
14807.statevalue,oIwa,Iowa
40936.statevalue,Pcennsylvania,Pennsylvania
34842.statevalue,North Caorlina,North Carolina
44751.statevalue,Tennessee***,Tennessee
15088.county,Kosuth,Kossuth
21294.county,Piscataqusi,Piscataquis
49972.county,Daaggett,Daggett
21919.statevalue,Massahusetts,Massachusetts
21694.county,St Marsy,St Marys
46694.statevalue,Tetxas,Texas
3969.statevalue,Californai,California
39014.county,Lnogan,Logan
38364.county,lBaine,Blaine
6605.statevalue,Folrida,Florida
44156.county,Grunyd,Grundy
30380.county,reeley,Greeley
294.county,Clbert,Colbert
6171.statevalue,Florda,Florida
44805.county,Oevrton,Overton
36622.statevalue,orth Dakota,North Dakota
27035.county,Clray,Clay
31862.county,Bergne,Bergen
47510.statevalue,Txeas,Texas
28510.statevalue,Missuri,Missouri
36430.county,dRichland,Richland
25780.county,Lmaar,Lamar
16001.statevalue,gKansas,Kansas
22644.county,Hurno,Huron
49013.statevalue,eTxas,Texas
37042.county,Defance,Defiance
38385.statevalue,Oklahyoma,Oklahoma
8567.statevalue,Gorgia,Georgia
1691.county,Cochiqse,Cochise
19019.statevalue,Kentuckey,Kentucky
39801.county,Descutes,Deschutes
42931.statevalue,Souh Dakota,South Dakota
42810.statevalue,South Dakoat,South Dakota
14504.county,layton,Clayton
53428.statevalue,Washngton,Washington
41724.county,Bceaufort,Beaufort
39189.county,Nolbe,Noble
41281.statevalue,Pelnnsylvania,Pennsylvania
52914.statevalue,Viginia,Virginia
4039.statevalue,Caliwfornia,California
44065.statevalue,Tennessee***,Tennessee
43676.statevalue,Tennesee,Tennessee
37124.statevalue,Oio,Ohio
26628.county,Andew,Andrew
34982.statevalue,Norcth Carolina,North Carolina
32724.statevalue,NewMexico,New Mexico
24132.county,Jackosn,Jackson
10779.county,Cass***,Cass
13401.statevalue,Indana,Indiana
37954.county,oRss,Ross
3941.county,Sapn Diego,San Diego
33087.statevalue,New gYork,New York
20111.statevalue,Louiseiana,Louisiana
28678.statevalue,Mntana,Montana
18473.county,Gafllatin,Gallatin
27004.statevalue,Missoui,Missouri
6289.statevalue,Floridca,Florida
5577.county,NewLondon,New London
9115.county,creven,Screven
39153.county,uMrray,Murray
15578.county,cSott,Scott
41483.county,yoming,Wyoming
43867.statevalue,Teknnessee,Tennessee
16310.county,Edhwards,Edwards
22908.statevalue,ichigan,Michigan
10550.county,Tetgon,Teton
9510.statevalue,Gueorgia,Georgia
10232.county,Geim,Gem
42026.statevalue,South Carolian,South Carolina
25785.county,Laar,Lamar
11164.county,Grelene,Greene
19313.county,eMtcalfe,Metcalfe
2004.statevalue,Arkasas,Arkansas
55642.county,Prtage,Portage
4675.statevalue,Coloado,Colorado
8321.county,Jeff Davsi,Jeff Davis
43675.statevalue,Tenessee,Tennessee
55125.statevalue,Wiscnsin,Wisconsin
18745.statevalue,Ketucky,Kentucky
15297.statevalue,Ioywa,Iowa
38241.county,Wod,Wood
5605.statevalue,Connectciut,Connecticut
54620.county,Tylre,Tyler
45077.statevalue,Tennssee,Tennessee
31637.statevalue,evada,Nevada
7069.statevalue,Georga,Georgia
33679.county,Schuylmer,Schuyler
18807.county,Jvessamine,Jessamine
33115.statevalue,Nwe York,New York
40708.county,Deliaware,Delaware
20953.statevalue,Lohuisiana,Louisiana
25888.statevalue,Mssissippi,Mississippi
9891.statevalue,Iduaho,Idaho
24659.county,nPope,Pope
28273.statevalue,Missuri,Missouri
16225.statevalue,Kanas,Kansas
19539.statevalue,Kentuycky,Kentucky
30331.county,Gsper,Gosper
21803.county,Balitmore City,Baltimore City
12229.statevalue,Illinoihs,Illinois
5536.statevalue,Connecticuat,Connecticut
25366.statevalue,Misssisippi,Mississippi
7308.statevalue,Gerogia,Georgia
44191.county,Hamiltown,Hamilton
1841.statevalue,Ariozna,Arizona
3866.statevalue,Califrnia,California
26008.statevalue,Mississippi***,Mississippi
5254.statevalue,Colmorado,Colorado
27585.county,awrence,Lawrence
32714.county,Sirra,Sierra
26139.statevalue,Mississippi***,Mississippi
15988.county,Bouqrbon,Bourbon
17624.county,Tohmas,Thomas
14331.county,Clahoun,Calhoun
13790.county,Stairke,Starke
38393.county,Bryn,Bryan
27484.statevalue,Missouhri,Missouri
19483.county,Owsey,Owsley
56045.county,Wod,Wood
29716.statevalue,Nebraka,Nebraska
3623.statevalue,Califrnia,California
970.statevalue,Aalbama,Alabama
9127.statevalue,Geogia,Georgia
27621.county,Lincln,Lincoln
44445.statevalue,Tennessee***,Tennessee
47243.statevalue,Tesxas,Texas
38637.statevalue,Oklahoam,Oklahoma
16223.statevalue,ansas,Kansas
25019.statevalue,innesota,Minnesota
25918.county,Lowdes,Lowndes
25053.statevalue,iMnnesota,Minnesota
47089.county,pHardeman,Hardeman
34263.statevalue,North Cardolina,North Carolina
3440.county,resno,Fresno
40904.county,yJuniata,Juniata
124.county,Btler,Butler
5097.county,Montrovse,Montrose
24971.county,abasha,Wabasha
3859.statevalue,Califrnia,California
40956.statevalue,Pnensylvania,Pennsylvania
31177.statevalue,Nebdraska,Nebraska
7106.statevalue,Gaeorgia,Georgia
46943.county,Gay,Gray
18015.statevalue,Kuentucky,Kentucky
10765.county,Csas,Cass
6954.statevalue,jGeorgia,Georgia
56265.county,iLncoln,Lincoln
52553.county,Fairfa xCity,Fairfax City
8276.county,Irin,Irwin
50800.statevalue,iVrginia,Virginia
3922.county,San Brenardino,San Bernardino
49423.statevalue,Teas,Texas
40670.statevalue,Pennsylvanipa,Pennsylvania
2753.county,iMller,Miller
41061.county,ercer,Mercer
11297.county,Iproquois,Iroquois
15774.county,Wyane,Wayne
9960.statevalue,Idaoh,Idaho
8941.statevalue,Goergia,Georgia
45841.statevalue,Texsa,Texas
16933.county,Marrion,Marion
37058.county,Delawaer,Delaware
36725.statevalue,hio,Ohio
39477.county,Sequoyha,Sequoyah
11024.statevalue,Illinosi,Illinois
51205.statevalue,Vlirginia,Virginia
40828.county,Grenee,Greene
17733.county,Wilsno,Wilson
13345.county,Marhsall,Marshall
25459.county,Frankiln,Franklin
47033.county,Hle,Hale
46299.county,Cuqlberson,Culberson
50388.county,Wane,Wayne
34190.statevalue,North Caroelina,North Carolina
20370.statevalue,Lousiana,Louisiana
2748.county,Milleur,Miller
14812.statevalue,Iwa,Iowa
28697.statevalue,Monana,Montana
12452.statevalue,Ilinois,Illinois
27502.county,Jeffeson,Jefferson
14694.statevalue,owa,Iowa
4211.statevalue,Calipfornia,California
32106.statevalue,New ersey,New Jersey
4531.county,Coonejos,Conejos
30246.statevalue,Nerbaska,Nebraska
15326.statevalue,Iwa,Iowa
3589.statevalue,Califonria,California
22403.county,Clintokn,Clinton
13960.county,Vzigo,Vigo
25752.statevalue,Missisbsippi,Mississippi
13909.county,Unoin,Union
17767.statevalue,Knsas,Kansas
4364.county,Arpaahoe,Arapahoe
8713.statevalue,Georiga,Georgia
53783.county,aBrbour,Barbour
21080.county,Wnn,Winn
44840.statevalue,Tennessee***,Tennessee
37221.statevalue,hio,Ohio
13318.statevalue,Indina,Indiana
25629.county,Issauqena,Issaquena
29216.county,Minerla,Mineral
21069.statevalue,Louiysiana,Louisiana
13450.county,Nweton,Newton
41467.county,Westmorelnad,Westmoreland
23515.county,Washtenw,Washtenaw
3664.statevalue,Californa,California
31466.statevalue,Noevada,Nevada
53799.county,Berekley,Berkeley
7592.statevalue,Georgiga,Georgia
49564.statevalue,Texafs,Texas
5330.statevalue,yColorado,Colorado
50839.county,Bedfozrd,Bedford
9171.county,Stehpens,Stephens
48613.statevalue,Texras,Texas
50160.statevalue,Utakh,Utah
32397.statevalue,NewM exico,New Mexico
50695.county,Albemrale,Albemarle
27303.statevalue,Misasouri,Missouri
8753.county,Mrgan,Morgan
48410.county,Morrsi,Morris
53519.county,ePnd Oreille,Pend Oreille
17102.county,ess,Ness
53874.statevalue,West Virgnia,West Virginia
12666.county,linton,Clinton
4612.statevalue,kColorado,Colorado
42591.statevalue,Soutbh Dakota,South Dakota
26870.statevalue,issouri,Missouri
7573.county,Croweta,Coweta
8569.statevalue,Geoargia,Georgia
21440.statevalue,Maryand,Maryland
21859.county,Brstol,Bristol
45928.county,Csas,Cass
2013.statevalue,Arkanss,Arkansas
11734.county,Marshall***,Marshall
1462.county,vNome,Nome
45440.county,Atascsoa,Atascosa
36301.county,Nleson,Nelson
40241.county,Wapsco,Wasco
23070.statevalue,Micihgan,Michigan
14759.statevalue,fIowa,Iowa
7113.statevalue,Gorgia,Georgia
22026.statevalue,Massahusetts,Massachusetts
47115.county,Hrdin,Hardin
2333.county,nFaulkner,Faulkner
29494.county,Sheridna,Sheridan
2892.statevalue,Arknasas,Arkansas
22953.county,Macomib,Macomb
16280.statevalue,Kqansas,Kansas
10881.statevalue,Illinoixs,Illinois
6265.statevalue,lorida,Florida
23831.statevalue,Minnestota,Minnesota
43068.statevalue,Suth Dakota,South Dakota
23313.statevalue,ichigan,Michigan
23141.statevalue,ichigan,Michigan
3455.county,wFresno,Fresno
37483.statevalue,Ohzio,Ohio
36529.statevalue,North Daktoa,North Dakota
25758.county,Kempver,Kemper
1933.statevalue,Arknsas,Arkansas
32089.county,Miorris,Morris
1700.statevalue,Arizoa,Arizona
8231.county,Herny,Henry
46946.statevalue,Teaxs,Texas
54694.statevalue,West Virgiina,West Virginia
4217.county,Tinity,Trinity
21765.statevalue,Mayrland,Maryland
25960.county,Mrashall,Marshall
39864.county,Gant,Grant
25999.statevalue,Misissippi,Mississippi
44633.statevalue,eTnnessee,Tennessee
54117.county,Kanahwa,Kanawha
5037.county,esa,Mesa
43514.statevalue,South Duakota,South Dakota
16247.county,Deckatur,Decatur
55305.county,Kewacunee,Kewaunee
15819.county,Winebago,Winnebago
25060.county,Wilikn,Wilkin
12277.statevalue,lIlinois,Illinois
40067.statevalue,regon,Oregon
16016.county,Bown,Brown
38561.statevalue,Oklahoam,Oklahoma
21577.statevalue,Marylagnd,Maryland
22188.county,Baarga,Baraga
30708.statevalue,Nebrmaska,Nebraska
4281.county,Ventra,Ventura
3949.county,Sa nFrancisco,San Francisco
42030.statevalue,South Caroina,South Carolina
40778.statevalue,cPennsylvania,Pennsylvania
54270.statevalue,West Virglinia,West Virginia
55610.statevalue,Wisconsihn,Wisconsin
47315.statevalue,Texs,Texas
13667.statevalue,ndiana,Indiana
39677.statevalue,Oregno,Oregon
7018.county,Barow,Barrow
48921.county,unnels,Runnels
53818.statevalue,Woest Virginia,West Virginia
14926.statevalue,oIwa,Iowa
27792.statevalue,Missouir,Missouri
39059.statevalue,Oklaoma,Oklahoma
29182.statevalue,Montaan,Montana
15162.statevalue,Iovwa,Iowa
14443.county,Chickaswa,Chickasaw
4642.statevalue,Colordao,Colorado
2907.statevalue,Arknsas,Arkansas
12750.statevalue,Indianba,Indiana
33473.statevalue,Nwe York,New York
47494.county,Jsper,Jasper
8832.statevalue,Gseorgia,Georgia
19875.county,Wbester,Webster
7788.county,Echos,Echols
32841.statevalue,Neew York,New York
46625.county,Falsl,Falls
42748.statevalue,Suoth Dakota,South Dakota
16298.statevalue,ansas,Kansas
5772.county,Bryevard,Brevard
13269.county,La Prote,La Porte
20349.statevalue,Luoisiana,Louisiana
32786.statevalue,New Mexicto,New Mexico
7428.statevalue,Geogia,Georgia
26172.county,Pntotoc,Pontotoc
45022.county,Selby,Shelby
882.county,Mhobile,Mobile
70.statevalue,Alabahma,Alabama
42453.statevalue,South Daokta,South Dakota
38028.county,Shleby,Shelby
25008.statevalue,Minneosta,Minnesota
685.statevalue,Alabma,Alabama
53520.statevalue,Washnigton,Washington
11205.statevalue,Illinis,Illinois
25055.statevalue,Minnesta,Minnesota
23348.statevalue,Mchigan,Michigan
39025.statevalue,Oklhaoma,Oklahoma
29802.county,ox Butte,Box Butte
5187.statevalue,Coloardo,Colorado
46124.statevalue,exas,Texas
51780.county,Ne wKent,New Kent
3654.statevalue,Caleifornia,California
32010.county,Hunterdn,Hunterdon
16210.statevalue,ansas,Kansas
16463.county,Gozve,Gove
23636.county,enton,Benton
55938.statevalue,iWsconsin,Wisconsin
6798.county,Taylro,Taylor
18635.county,Harln,Harlan
823.statevalue,Albama,Alabama
36519.county,Slgope,Slope
44219.county,aHncock,Hancock
42859.statevalue,South Daktoa,South Dakota
22600.county,Hillsndale,Hillsdale
43890.county,Coffe,Coffee
41023.county,ycoming,Lycoming
56101.statevalue,Wymoing,Wyoming
46397.statevalue,Texsa,Texas
29880.county,Butr,Burt
54772.statevalue,Wiscopnsin,Wisconsin
33491.statevalue,ew York,New York
47633.statevalue,Texvas,Texas
8614.statevalue,dGeorgia,Georgia
8855.county,Olethorpe,Oglethorpe
31210.county,Tayer,Thayer
20201.county,oncordia,Concordia
12431.statevalue,Illniois,Illinois
27123.statevalue,iMissouri,Missouri
113.county,Butlre,Butler
7649.statevalue,Gorgia,Georgia
44509.statevalue,Tennesese,Tennessee
34162.statevalue,Notrh Carolina,North Carolina
32933.county,Chabutauqua,Chautauqua
31988.statevalue,New Jerseqy,New Jersey
45513.county,Batrop,Bastrop
54958.statevalue,Wisconsn,Wisconsin
52582.statevalue,Viprginia,Virginia
38015.statevalue,Ohoi,Ohio
10686.county,Booe,Boone
30756.statevalue,Nrebraska,Nebraska
20651.statevalue,Louiisana,Louisiana
38019.statevalue,Orhio,Ohio
7517.statevalue,Georga,Georgia
2210.statevalue,Arknasas,Arkansas
10626.statevalue,Illinosi,Illinois
34654.county,Guilfrod,Guilford
35203.statevalue,North Caroleina,North Carolina
35116.statevalue,pNorth Carolina,North Carolina
31622.county,Washe,Washoe
41441.county,Waynoe,Wayne
8497.county,Lincon,Lincoln
50501.statevalue,Vemront,Vermont
41677.county,Bambserg,Bamberg
30052.statevalue,Nberaska,Nebraska
42999.statevalue,Sout Dakota,South Dakota
13522.county,Own,Owen
116.statevalue,Alabzama,Alabama
14049.county,ayne,Wayne
38273.county,Aair,Adair
26645.statevalue,Missouri***,Missouri
28708.statevalue,Montaan,Montana
5666.county,Sussx,Sussex
23021.county,Miason,Mason
19035.statevalue,Kentucyk,Kentucky
31750.county,Graefton,Grafton
3191.statevalue,Agrkansas,Arkansas
2452.statevalue,Arknasas,Arkansas
4102.statevalue,Californai,California
13165.statevalue,Indina,Indiana
23164.statevalue,Mcihigan,Michigan
23324.statevalue,Mdichigan,Michigan
13809.statevalue,Indiaan,Indiana
12885.statevalue,nIdiana,Indiana
36125.statevalue,Norzth Dakota,North Dakota
38997.statevalue,Okslahoma,Oklahoma
38119.statevalue,Ohico,Ohio
31770.county,Hillsborouhg,Hillsborough
18225.statevalue,Knetucky,Kentucky
22683.statevalue,Michhigan,Michigan
12198.county,Strk,Stark
31219.statevalue,Nebarska,Nebraska
33681.statevalue,Newe York,New York
15621.county,Soiux,Sioux
3235.statevalue,Arkanssa,Arkansas
44803.county,Overon,Overton
21652.county,ontgomery,Montgomery
45506.county,aBstrop,Bastrop
19233.county,aMson,Mason
26225.county,Ranikn,Rankin
32259.county,Caves,Chaves
44044.county,Fayeytte,Fayette
51172.county,Eessex,Essex
36352.county,fPierce,Pierce
22490.statevalue,Michigna,Michigan
2707.statevalue,Akansas,Arkansas
4750.county,Gaarfield,Garfield
48359.county,Montdague,Montague
27682.statevalue,Missoruri,Missouri
23210.statevalue,Mchigan,Michigan
50123.statevalue,Uth,Utah
39814.statevalue,fOregon,Oregon
55777.county,aSuk,Sauk
53745.county,Whitmn,Whitman
46572.statevalue,Ttexas,Texas
9638.county,Wheelexr,Wheeler
34501.statevalue,North Caolina,North Carolina
40776.statevalue,Pennsylkvania,Pennsylvania
50178.statevalue,tUah,Utah
31124.statevalue,Nerbaska,Nebraska
55645.statevalue,Wsconsin,Wisconsin
3287.statevalue,Californa,California
51227.statevalue,irginia,Virginia
46285.statevalue,Txeas,Texas
51153.statevalue,irginia,Virginia
10507.statevalue,Iaho,Idaho
22482.county,aton,Eaton
1871.statevalue,Arizjona,Arizona
33736.statevalue,Nwe York,New York
49525.statevalue,Texs,Texas
39978.county,Klamaeth,Klamath
41699.statevalue,South Carloina,South Carolina
12045.county,Richgland,Richland
10475.county,Onedia,Oneida
34805.county,Iredell***,Iredell
51700.statevalue,Virinia,Virginia
35450.county,Styokes,Stokes
37045.county,elaware,Delaware
4312.statevalue,Calwifornia,California
55096.county,Florxence,Florence
54954.statevalue,Wisuconsin,Wisconsin
53155.statevalue,Washnigton,Washington
5586.county,Tollad,Tolland
18617.county,Haridn,Hardin
6864.county,Watlon,Walton
8529.statevalue,Georgsia,Georgia
55085.statevalue,Wiscosnin,Wisconsin
3242.statevalue,Arkanss,Arkansas
26819.statevalue,Missouroi,Missouri
5703.statevalue,lForida,Florida
21292.statevalue,aine,Maine
10409.statevalue,Idoaho,Idaho
47979.county,Lpscomb,Lipscomb
7899.county,Fayette***,Fayette
27888.statevalue,Missouri***,Missouri
10906.statevalue,Ilolinois,Illinois
45909.statevalue,eTxas,Texas
39140.county,Maes,Mayes
44267.county,Hawkinrs,Hawkins
30920.statevalue,Nebrsaka,Nebraska
11141.county,ulton,Fulton
55785.statevalue,Wiscolnsin,Wisconsin
37486.county,Lixcking,Licking
14455.statevalue,kIowa,Iowa
8671.county,Meirwether,Meriwether
36818.county,Brwon,Brown
49571.statevalue,Texzas,Texas
53778.county,Barzbour,Barbour
3061.statevalue,Aransas,Arkansas
42315.statevalue,tSouth Carolina,South Carolina
17010.county,Mitchell***,Mitchell
34631.statevalue,North Carotlina,North Carolina
28056.statevalue,Missouri***,Missouri
55310.statevalue,Wisconsoin,Wisconsin
26086.county,anola,Panola
48820.county,Reweves,Reeves
28662.county,St lLouis City,St Louis City
31504.county,Linconl,Lincoln
26286.statevalue,Missilssippi,Mississippi
37028.county,Dehfiance,Defiance
51486.county,Ise of Wight,Isle of Wight
8848.county,gOlethorpe,Oglethorpe
49223.statevalue,Texyas,Texas
26658.county,Atcfhison,Atchison
31385.statevalue,Nveada,Nevada
35735.county,vAdams,Adams
38026.county,Sjhelby,Shelby
4196.statevalue,Californa,California
52071.statevalue,Virgnia,Virginia
38124.statevalue,bOhio,Ohio
46716.county,oard,Foard
37181.county,Gauga,Geauga
25916.statevalue,ississippi,Mississippi
14636.county,Dicinson,Dickinson
23861.statevalue,iMnnesota,Minnesota
28938.statevalue,Motnana,Montana
35230.county,Peruson,Person
44730.statevalue,Tennessee***,Tennessee
3079.county,Seacry,Searcy
7939.county,Fraanklin,Franklin
33647.statevalue,Nw York,New York
3937.statevalue,Clifornia,California
25084.county,Winnona,Winona
4169.statevalue,Calfiornia,California
30138.county,Dibxon,Dixon
18882.county,Knxo,Knox
54693.county,Wtzel,Wetzel
37865.statevalue,Ohoi,Ohio
45800.statevalue,Txeas,Texas
44479.county,Lauderdae,Lauderdale
9090.statevalue,eorgia,Georgia
47569.statevalue,Teas,Texas
11588.county,Loagn,Logan
23850.statevalue,Moinnesota,Minnesota
41038.county,Lcoming,Lycoming
36946.statevalue,Oiho,Ohio
51198.statevalue,Viqrginia,Virginia
40951.county,awrence,Lawrence
50913.county,Buchann,Buchanan
47146.county,Hrrison,Harrison
28534.county,Vefrnon,Vernon
46878.county,Glasscokc,Glasscock
40255.statevalue,Oregorn,Oregon
27062.statevalue,Missourui,Missouri
12874.county,Fraknlin,Franklin
13499.county,lOhio,Ohio
17545.statevalue,Kanssa,Kansas
5589.county,Tollanqd,Tolland
7026.statevalue,eorgia,Georgia
56096.statevalue,fWyoming,Wyoming
53074.statevalue,Waashington,Washington
54842.county,rBown,Brown
40741.statevalue,Pernnsylvania,Pennsylvania
12163.county,Sott,Scott
2599.county,Lawrenec,Lawrence
51884.statevalue,Virgina,Virginia
35148.county,range,Orange
33796.statevalue,New Yrk,New York
47810.county,aLmar,Lamar
6892.statevalue,Flordia,Florida
34184.statevalue,North aCrolina,North Carolina
17967.statevalue,Kenutcky,Kentucky
14661.statevalue,owa,Iowa
45710.county,rBewster,Brewster
29783.county,Booen,Boone
10742.county,alhoun,Calhoun
48361.county,Mxontague,Montague
37152.county,Fultno,Fulton
44657.statevalue,Tennesee,Tennessee
6290.county,Lakae,Lake
6414.statevalue,Floriad,Florida
15202.statevalue,Iwoa,Iowa
41251.statevalue,Pxennsylvania,Pennsylvania
16116.statevalue,Kasnas,Kansas
50220.statevalue,Uath,Utah
9046.county,Randoliph,Randolph
16212.county,Cowly,Cowley
50775.statevalue,Virgnia,Virginia
13807.statevalue,Indaina,Indiana
45429.county,Arsmtrong,Armstrong
55266.county,uJneau,Juneau
37197.statevalue,Oiho,Ohio
40107.county,Mumltnomah,Multnomah
44501.county,Lawrnece,Lawrence
36932.county,sClinton,Clinton
26804.county,Btuler,Butler
13218.county,Koscisuko,Kosciusko
4743.county,Garfiedl,Garfield
7698.county,Ddge,Dodge
27444.county,Irn,Iron
44250.county,Hardkin,Hardin
13268.county,a Porte,La Porte
17546.county,Svmith,Smith
26875.statevalue,Mcissouri,Missouri
42539.statevalue,SouthDakota,South Dakota
7451.statevalue,Geogia,Georgia
18240.county,dClay,Clay
31663.county,Belkrnap,Belknap
13338.county,rMarion,Marion
21009.statevalue,ouisiana,Louisiana
41600.statevalue,South Carolia,South Carolina
36006.county,Foser,Foster
10177.county,Elmoe,Elmore
13202.county,Knlox,Knox
31220.statevalue,Nebrasa,Nebraska
33131.statevalue,ew York,New York
50695.statevalue,Vxirginia,Virginia
24915.county,Swit,Swift
54266.county,ercer,Mercer
36178.county,McHenbry,McHenry
32179.county,Susslex,Sussex
9587.county,Waashington,Washington
21829.county,Barnstabel,Barnstable
53694.statevalue,Wasdhington,Washington
55092.county,Florencwe,Florence
53038.county,Williamsburg Cvity,Williamsburg City
3336.county,Buttge,Butte
10244.county,Goodng,Gooding
18929.county,Lawrernce,Lawrence
24620.statevalue,Minneosta,Minnesota
54962.statevalue,Wisconin,Wisconsin
7311.statevalue,Gergia,Georgia
51149.county,Dinwidfdie,Dinwiddie
44273.county,Hawins,Hawkins
7718.statevalue,Genorgia,Georgia
28966.county,Gafield,Garfield
51908.county,Pitstylvania,Pittsylvania
6820.county,Uinon,Union
20179.county,Claibrne,Claiborne
193.county,hilton,Chilton
21381.county,Yokr,York
41526.statevalue,hode Island,Rhode Island
10869.county,Clinaton,Clinton
5214.county,Ptkin,Pitkin
26712.statevalue,Missouir,Missouri
30061.statevalue,uNebraska,Nebraska
41523.statevalue,RhodeIsland,Rhode Island
33277.county,Livhingston,Livingston
22740.county,Jacksogn,Jackson
15232.statevalue,Ioaw,Iowa
12801.county,Elkhyart,Elkhart
35035.statevalue,Norht Carolina,North Carolina
36004.statevalue,North Dakotia,North Dakota
20742.county,S Charles,St Charles
53713.statevalue,Washingon,Washington
9041.statevalue,Georgida,Georgia
3342.statevalue,Califorenia,California
1005.statevalue,Alabamea,Alabama
8927.county,ierce,Pierce
41753.county,Caxlhoun,Calhoun
46608.statevalue,exas,Texas
10972.county,eDewitt,Dewitt
29645.county,hWeatland,Wheatland
39929.county,Jeffesron,Jefferson
13209.county,nox,Knox
32673.county,San Migkuel,San Miguel
31004.statevalue,Nebraskza,Nebraska
3075.statevalue,Abrkansas,Arkansas
36307.statevalue,Nortmh Dakota,North Dakota
22057.county,mWorcester,Worcester
7725.statevalue,eorgia,Georgia
18783.county,Jeffeerson,Jefferson
32645.statevalue,ew Mexico,New Mexico
32644.county,Sanoval,Sandoval
10002.county,Bonnqeville,Bonneville
29864.county,urt,Burt
26952.statevalue,Misssouri,Missouri
21117.statevalue,Manie,Maine
38487.county,Cimraron,Cimarron
15939.county,Atchisno,Atchison
48233.county,aMverick,Maverick
47550.county,Ji mHogg,Jim Hogg
46511.statevalue,Txas,Texas
24587.statevalue,Mnnesota,Minnesota
44600.statevalue,Tennenssee,Tennessee
3411.county,Del Nrote,Del Norte
54913.county,hippewa,Chippewa
3252.statevalue,Arkasnas,Arkansas
36458.county,Sarngent,Sargent
36020.county,Golden Vally,Golden Valley
9314.county,eTrrell,Terrell
46440.statevalue,Texsa,Texas
46086.statevalue,Teaxs,Texas
27242.county,Fanklin,Franklin
671.county,Lamair,Lamar
26763.county,Bollingr,Bollinger
15404.county,Osecola,Osceola
18201.statevalue,Ketnucky,Kentucky
4875.statevalue,Cloorado,Colorado
48898.county,rRockwall,Rockwall
39303.county,Ottaaw,Ottawa
47305.statevalue,Txeas,Texas
49293.statevalue,iTexas,Texas
33426.county,Onoondaga,Onondaga
18743.statevalue,Kentuckyy,Kentucky
10764.county,Carrlol,Carroll
9798.county,auai,Kauai
3071.county,Scgott,Scott
4796.county,Gufnnison,Gunnison
4366.county,rAapahoe,Arapahoe
46453.statevalue,Texads,Texas
8300.county,Jaser,Jasper
39928.county,Jefferon,Jefferson
7078.county,ibb,Bibb
44461.county,aLke,Lake
33108.statevalue,New Ygork,New York
38852.county,Jacksn,Jackson
13502.statevalue,Indina,Indiana
2540.statevalue,rAkansas,Arkansas
29250.statevalue,Montaan,Montana
18200.statevalue,Kenutcky,Kentucky
5476.statevalue,gConnecticut,Connecticut
23810.statevalue,Minnesoat,Minnesota
44549.county,yLincoln,Lincoln
28009.county,Perrey,Perry
33447.statevalue,NewY ork,New York
37806.statevalue,Oho,Ohio
41909.statevalue,Sotuh Carolina,South Carolina
21220.statevalue,Maien,Maine
14017.statevalue,Idiana,Indiana
36015.statevalue,North Dkaota,North Dakota
7162.county,Bran,Bryan
11470.county,nKox,Knox
3589.county,Laqssen,Lassen
10355.county,Lemhri,Lemhi
4979.county,Las Anmias,Las Animas
27548.county,Lalede,Laclede
42428.statevalue,South akota,South Dakota
18707.statevalue,Kentucy,Kentucky
50641.statevalue,Vemront,Vermont
46856.statevalue,Texs,Texas
12886.county,Franrklin,Franklin
5750.statevalue,Florda,Florida
7544.county,Cook***,Cook
28859.county,Daswon,Dawson
33889.statevalue,New vYork,New York
3732.statevalue,Calnifornia,California
20854.statevalue,ouisiana,Louisiana
47669.county,Keney,Kenedy
29036.county,Hlil,Hill
26421.county,Tunicwa,Tunica
21480.county,Carrol,Carroll
43542.statevalue,South Dakoa,South Dakota
38063.county,Summoit,Summit
29576.statevalue,Monatna,Montana
37488.county,icking,Licking
25025.statevalue,Mninesota,Minnesota
30006.county,Caly,Clay
24987.statevalue,Minnesuota,Minnesota
1055.statevalue,Alabamba,Alabama
27212.county,Douglsa,Douglas
27588.statevalue,Misseouri,Missouri
40229.statevalue,rOegon,Oregon
28957.statevalue,Montanka,Montana
45182.statevalue,eTennessee,Tennessee
43859.county,Cly,Clay
36088.county,Grsiggs,Griggs
47492.county,Jsaper,Jasper
49171.county,Starr***,Starr
1275.county,Behtel,Bethel
38784.county,Harmn,Harmon
18708.statevalue,Kentcky,Kentucky
30080.county,Dwes,Dawes
53270.county,Gafrield,Garfield
50514.statevalue,Vermnt,Vermont
10303.county,Jerqome,Jerome
54422.statevalue,West dVirginia,West Virginia
7139.statevalue,Georia,Georgia
18364.county,Estilcl,Estill
20538.county,adison,Madison
23107.county,Mnoroe,Monroe
5895.statevalue,lFlorida,Florida
7517.county,Colquuitt,Colquitt
13148.statevalue,Inidana,Indiana
26898.county,Craroll,Carroll
29464.statevalue,Monntana,Montana
27322.county,rundy,Grundy
11225.statevalue,Illinoids,Illinois
52204.statevalue,Virginpia,Virginia
24863.county,Stearsn,Stearns
4573.statevalue,Coloradvo,Colorado
53578.statevalue,Washinton,Washington
12112.county,aSline,Saline
33414.county,Onondaa,Onondaga
50831.county,Bah,Bath
16974.statevalue,Knasas,Kansas
36335.county,Pebmina,Pembina
19286.statevalue,Kntucky,Kentucky
1163.county,ashington,Washington
47408.county,Huznt,Hunt
39782.county,Cucrry,Curry
22425.statevalue,mMichigan,Michigan
16128.county,Clakr,Clark
48841.statevalue,Txas,Texas
38644.county,Delawsare,Delaware
51452.statevalue,iVrginia,Virginia
49443.statevalue,Texaxs,Texas
35762.statevalue,North Dakta,North Dakota
10459.county,Omneida,Oneida
20094.statevalue,Louaisiana,Louisiana
25144.statevalue,Msisissippi,Mississippi
47811.county,Lamagr,Lamar
19528.county,ePrry,Perry
1198.county,Winstokn,Winston
37042.statevalue,vOhio,Ohio
23693.county,Brvown,Brown
4275.county,Venutra,Ventura
35178.statevalue,Nowrth Carolina,North Carolina
27292.county,Grene,Greene
6102.county,amilton,Hamilton
26509.statevalue,Misisssippi,Mississippi
33610.statevalue,New Ylork,New York
34455.county,Daive,Davie
51379.county,Grensville,Greensville
46407.statevalue,wTexas,Texas
17355.county,Roks,Rooks
54878.statevalue,Wiscosin,Wisconsin
55394.statevalue,Wisconwsin,Wisconsin
7748.county,Doulas,Douglas
34808.statevalue,North aCrolina,North Carolina
55664.county,Priec,Price
15077.county,Keokku,Keokuk
36072.statevalue,North Dakoat,North Dakota
14481.county,Claly,Clay
43219.statevalue,Souh Dakota,South Dakota
42019.statevalue,Sounth Carolina,South Carolina
34993.statevalue,Norths Carolina,North Carolina
3485.county,Humboldgt,Humboldt
9334.statevalue,Geodrgia,Georgia
53571.statevalue,ashington,Washington
49969.county,Dagbgett,Daggett
18067.county,Buter,Butler
13156.statevalue,Indina,Indiana
12184.statevalue,llinois,Illinois
38454.county,herokee,Cherokee
6585.county,Palm Beah,Palm Beach
6386.county,Mradison,Madison
8334.county,Jeff Daivs,Jeff Davis
2922.county,Poinset,Poinsett
55934.county,Washkburn,Washburn
17185.county,Otawa,Ottawa
30433.statevalue,Nebrasak,Nebraska
50063.county,Grpand,Grand
16497.statevalue,aKnsas,Kansas
25599.county,Humhreys,Humphreys
30595.county,Keqith,Keith
24871.statevalue,Minhnesota,Minnesota
20682.county,Red oRiver,Red River
31612.statevalue,Nevaad,Nevada
55235.statevalue,Wisconsni,Wisconsin
41989.statevalue,South Carloina,South Carolina
40885.statevalue,Petnnsylvania,Pennsylvania
16069.statevalue,Kanzsas,Kansas
55778.county,aSuk,Sauk
29479.statevalue,Montna,Montana
3740.county,Monro,Mono
842.county,Mrion,Marion
29808.county,hBox Butte,Box Butte
53147.statevalue,ashington,Washington
55561.county,Ouagamie,Outagamie
7401.statevalue,aGeorgia,Georgia
30072.county,Daota,Dakota
44936.county,Roberton,Robertson
41711.statevalue,South Caurolina,South Carolina
14287.county,uchanan,Buchanan
18653.statevalue,Kentcky,Kentucky
52872.county,Potrsmouth City,Portsmouth City
22763.statevalue,Mmichigan,Michigan
42379.statevalue,Soth Carolina,South Carolina
49372.statevalue,Teas,Texas
4295.county,oYlo,Yolo
8787.county,Musocgee,Muscogee
4968.statevalue,oClorado,Colorado
45782.statevalue,Texsa,Texas
43742.county,Caannon,Cannon
3057.county,lSaline,Saline
20370.county,Iberville***,Iberville
39880.county,Harntey,Harney
5637.county,New Cmastle,New Castle
54160.statevalue,West Vrginia,West Virginia
55731.statevalue,Wiconsin,Wisconsin
31825.statevalue,New Hampishire,New Hampshire
38672.statevalue,Oklhaoma,Oklahoma
53195.county,owlitz,Cowlitz
26923.statevalue,Missuri,Missouri
3728.statevalue,Califoirnia,California
9920.county,Binghma,Bingham
40286.county,Yamhill***,Yamhill
18647.statevalue,Ketnucky,Kentucky
14385.statevalue,oIwa,Iowa
13824.county,Steubn,Steuben
55527.county,conto,Oconto
44670.statevalue,Tnenessee,Tennessee
51428.county,Henico,Henrico
10783.county,Champagn,Champaign
2340.county,Faulkenr,Faulkner
4557.statevalue,Coloraod,Colorado
4734.statevalue,Colorao,Colorado
41125.county,Montgomrey,Montgomery
44956.statevalue,Texnnessee,Tennessee
46681.statevalue,Tcexas,Texas
37361.county,Homes,Holmes
21104.statevalue,Mdaine,Maine
34478.county,uplin,Duplin
26283.statevalue,Mississipspi,Mississippi
18310.statevalue,entucky,Kentucky
42235.statevalue,South Carolinla,South Carolina
55819.county,Sheboygna,Sheboygan
30823.county,Neaha,Nemaha
32015.county,Hnterdon,Hunterdon
10756.county,wCarroll,Carroll
35462.county,Siurry,Surry
5158.statevalue,jColorado,Colorado
48615.statevalue,yTexas,Texas
38976.statevalue,Oklahoam,Oklahoma
52905.statevalue,Virgina,Virginia
50873.county,Boettourt,Botetourt
12225.statevalue,Ilinois,Illinois
40102.statevalue,Orgeon,Oregon
53662.county,Thurstno,Thurston
35855.county,Burxke,Burke
53794.county,Berkeely,Berkeley
17370.county,Roosk,Rooks
55612.county,ierce,Pierce
33690.statevalue,New Yrk,New York
16947.statevalue,Karnsas,Kansas
11085.statevalue,llinois,Illinois
16181.county,Coffy,Coffey
31430.statevalue,Neada,Nevada
22582.statevalue,Mihcigan,Michigan
6481.statevalue,Fslorida,Florida
41955.statevalue,South Carolixna,South Carolina
32789.statevalue,Ne Mexico,New Mexico
35241.statevalue,North Craolina,North Carolina
3863.county,Rziverside,Riverside
9877.statevalue,Idao,Idaho
22936.county,ackinac,Mackinac
50795.county,Arlngton,Arlington
21993.statevalue,Massahcusetts,Massachusetts
23273.county,Oscoela,Osceola
12472.statevalue,Indiabna,Indiana
8904.county,Pcikens,Pickens
40943.county,Lancsater,Lancaster
24755.county,Raock,Rock
5287.county,Rio Grade,Rio Grande
31650.statevalue,Nehvada,Nevada
9168.statevalue,eGorgia,Georgia
15378.county,Obien,Obrien
8682.county,Miltler,Miller
11052.statevalue,Illionis,Illinois
13714.county,Ruxsh,Rush
14428.county,Cherokese,Cherokee
25472.statevalue,Missisippi,Mississippi
48066.county,Lylnn,Lynn
33052.county,Dutchss,Dutchess
15199.statevalue,Ioaw,Iowa
4267.county,Venutra,Ventura
36193.county,MIcntosh,McIntosh
12339.county,Wyane,Wayne
42211.statevalue,South aCrolina,South Carolina
15388.statevalue,Iowpa,Iowa
52087.county,aRockingham,Rockingham
44831.county,Prery,Perry
36857.county,Caroll,Carroll
34030.statevalue,North Craolina,North Carolina
46838.county,Garaz,Garza
49094.county,helby,Shelby
55345.statevalue,Wsiconsin,Wisconsin
49194.statevalue,Texsa,Texas
16241.county,eDcatur,Decatur
11145.statevalue,Illinos,Illinois
42196.county,Maron,Marion
23347.county,Roscommon***,Roscommon
16377.statevalue,Kanass,Kansas
42985.statevalue,South Dakoat,South Dakota
17700.statevalue,Kannsas,Kansas
13894.statevalue,Indianea,Indiana
51223.county,eFloyd,Floyd
19089.statevalue,Kenutucky,Kentucky
24757.county,cRock,Rock
21267.statevalue,Manie,Maine
19691.statevalue,Ketucky,Kentucky
32447.county,Hidalwgo,Hidalgo
32006.statevalue,New Jersrey,New Jersey
53494.statevalue,Wasihngton,Washington
51733.county,ontgomery,Montgomery
24816.statevalue,Minnesta,Minnesota
19323.statevalue,Kentukcy,Kentucky
30397.statevalue,Nebrasa,Nebraska
25857.county,eLe,Lee
37585.statevalue,hio,Ohio
37310.county,Hkenry,Henry
6176.county,Hillsborouxgh,Hillsborough
21410.county,Anne Arunduel,Anne Arundel
9123.statevalue,Georia,Georgia
4196.county,Theama,Tehama
28030.statevalue,Missouri***,Missouri
13498.statevalue,Indaina,Indiana
19834.statevalue,Kentubcky,Kentucky
24050.county,Houstno,Houston
6895.county,Applign,Appling
47557.county,Ji Wells,Jim Wells
27631.statevalue,Mrissouri,Missouri
34528.county,Frsyth,Forsyth
2429.statevalue,dArkansas,Arkansas
1334.statevalue,Alaka,Alaska
24742.statevalue,Minnesosta,Minnesota
13169.statevalue,Indiaan,Indiana
44089.statevalue,Tennesee,Tennessee
22316.county,ass,Cass
36074.statevalue,North Daksota,North Dakota
43450.county,pSink,Spink
22715.county,ron,Iron
54928.county,bClark,Clark
2924.county,Poinett,Poinsett
28732.county,Broawater,Broadwater
43621.statevalue,Tennessee***,Tennessee
5261.county,Rio Blanoc,Rio Blanco
55551.statevalue,Wisconbsin,Wisconsin
3233.statevalue,Arknsas,Arkansas
28624.statevalue,Misouri,Missouri
4320.statevalue,Califyornia,California
6528.statevalue,Forida,Florida
8008.statevalue,Gorgia,Georgia
4499.statevalue,Colordao,Colorado
45618.statevalue,Teas,Texas
47027.statevalue,exas,Texas
16463.statevalue,Kansaas,Kansas
11505.county,a Salle,La Salle
14109.county,hitley,Whitley
33269.statevalue,New Yokr,New York
23183.county,Newaygfo,Newaygo
9351.county,iTft,Tift
37682.statevalue,Ohoi,Ohio
49846.county,oung,Young
47173.statevalue,Texs,Texas
26529.statevalue,Mississipip,Mississippi
2766.county,Mipssissippi,Mississippi
14739.county,Frnaklin,Franklin
30333.statevalue,ebraska,Nebraska
13349.statevalue,Indiaan,Indiana
6001.county,Fruanklin,Franklin
19144.county,Mdison,Madison
13868.county,Tiuppecanoe,Tippecanoe
13501.county,Orcange,Orange
20019.county,Avoyelles***,Avoyelles
10085.statevalue,Idao,Idaho
13400.county,Monrroe,Monroe
22152.statevalue,Michigna,Michigan
19759.statevalue,Kenrtucky,Kentucky
17233.statevalue,Kanas,Kansas
27692.county,Macn,Macon
40517.statevalue,Pennsylania,Pennsylvania
8379.statevalue,Gdeorgia,Georgia
54333.county,Moroe,Monroe
8538.county,owndes,Lowndes
53061.statevalue,Vigrinia,Virginia
40326.county,Alleghenfy,Allegheny
18690.county,Hendreson,Henderson
34149.county,Cabarrus***,Cabarrus
34599.county,Grahazm,Graham
41650.county,Alendale,Allendale
18899.statevalue,Kentucyk,Kentucky
47199.county,Hasy,Hays
35805.county,Botitneau,Bottineau
3433.county,lE Dorado,El Dorado
48817.county,Reves,Reeves
48693.county,Pottre,Potter
39162.statevalue,Oklaohma,Oklahoma
23448.county,Schoolcjraft,Schoolcraft
15213.statevalue,cIowa,Iowa
23415.county,St Josph,St Joseph
22200.statevalue,ichigan,Michigan
15080.county,Keouk,Keokuk
33606.statevalue,Nw York,New York
21204.county,ennebec,Kennebec
44859.county,Pnolk,Polk
2257.statevalue,Araknsas,Arkansas
12939.county,Granit,Grant
43342.county,Pennpington,Pennington
44977.county,Sctot,Scott
22880.county,Lenawree,Lenawee
40585.county,larion,Clarion
29877.county,But,Burt
17810.statevalue,Kentuctky,Kentucky
55359.county,Langldae,Langlade
32739.county,ocorro,Socorro
12364.statevalue,Inllinois,Illinois
46950.county,Graysomn,Grayson
47714.county,Kebrr,Kerr
14815.county,Hamiltno,Hamilton
247.county,Cly,Clay
11342.statevalue,Illinowis,Illinois
40995.county,Leigh,Lehigh
41034.county,Lycoing,Lycoming
43905.county,Corckett,Crockett
28820.statevalue,ontana,Montana
17420.statevalue,Kanssa,Kansas
54252.county,Msaon,Mason
45016.statevalue,Tnnessee,Tennessee
6471.statevalue,Flrida,Florida
27450.statevalue,Mssouri,Missouri
15696.county,Unjion,Union
48861.statevalue,Texjas,Texas
39187.statevalue,Oklahmoa,Oklahoma
39617.county,Washitaa,Washita
27359.county,enry,Henry
41628.county,Aiekn,Aiken
47412.statevalue,Txeas,Texas
48742.statevalue,exas,Texas
33513.statevalue,Nkew York,New York
18266.statevalue,Kemntucky,Kentucky
42943.county,Hnd,Hand
15057.county,ones,Jones
30416.statevalue,ebraska,Nebraska
13994.county,Waren,Warren
34247.statevalue,North Carolinea,North Carolina
25214.statevalue,Missistsippi,Mississippi
53138.statevalue,Wshington,Washington
33286.statevalue,Ne York,New York
17029.statevalue,Kanssa,Kansas
686.county,Laudrdale,Lauderdale
9266.county,Tattnall***,Tattnall
43712.county,Bradlye,Bradley
23135.statevalue,Mihigan,Michigan
32691.county,Saqnta Fe,Santa Fe
1813.statevalue,Airzona,Arizona
25202.county,enton,Benton
4615.county,enver,Denver
16785.statevalue,ansas,Kansas
29422.county,ichland,Richland
15879.statevalue,oIwa,Iowa
18947.county,ee,Lee
14359.county,Carroll***,Carroll
3018.statevalue,Arkanass,Arkansas
20415.statevalue,oLuisiana,Louisiana
52532.statevalue,Vrginia,Virginia
3750.statevalue,alifornia,California
37912.county,Puntam,Putnam
51643.statevalue,Virgnia,Virginia
12996.statevalue,Indaiana,Indiana
53225.statevalue,Wasington,Washington
12228.statevalue,Illnois,Illinois
25036.statevalue,Mnnesota,Minnesota
39339.county,Payen,Payne
54330.county,Moroe,Monroe
21592.statevalue,Marylnad,Maryland
5686.statevalue,Districtb of Columbia,District of Columbia
54091.county,Jeffeson,Jefferson
2123.statevalue,Arkanbsas,Arkansas
3730.statevalue,Califxornia,California
40963.statevalue,Pennsylvanuia,Pennsylvania
44653.statevalue,Tennssee,Tennessee
23970.statevalue,bMinnesota,Minnesota
7947.statevalue,eGorgia,Georgia
9185.county,Stewtart,Stewart
22818.county,Keweenwa,Keweenaw
11490.county,Laek,Lake
9067.county,Ricmhond,Richmond
14022.statevalue,Indiasna,Indiana
47003.statevalue,Texhas,Texas
16067.county,Chautuaqua,Chautauqua
25598.county,umphreys,Humphreys
51916.statevalue,Vriginia,Virginia
17122.county,Nortno,Norton
42350.county,Sparbtanburg,Spartanburg
33838.statevalue,New Ytork,New York
50093.county,ron,Iron
38963.statevalue,Olkahoma,Oklahoma
17859.county,fBarren,Barren
41496.statevalue,Pennsyvlania,Pennsylvania
21237.statevalue,Mine,Maine
8340.county,Jeffersqon,Jefferson
33720.statevalue,New Yokr,New York
54661.county,Wyne,Wayne
48498.county,oNlan,Nolan
5780.county,eBroward,Broward
54591.county,Talor,Taylor
14841.county,Hncock,Hancock
1113.county,allapoosa,Tallapoosa
5984.county,Flaler,Flagler
54460.county,Prestn,Preston
38134.statevalue,Oio,Ohio
11207.statevalue,Ikllinois,Illinois
33474.statevalue,eNw York,New York
5742.county,Bya,Bay
42620.county,Charlesn Mix,Charles Mix
23894.county,aDkota,Dakota
15595.statevalue,Ioaw,Iowa
13090.statevalue,Indinaa,Indiana
48952.county,Sabien,Sabine
41648.statevalue,outh Carolina,South Carolina
12074.county,Rck Island,Rock Island
43374.statevalue,South Dqakota,South Dakota
21083.statevalue,Louisana,Louisiana
9489.county,wUpson,Upson
41212.county,Philavdelphia,Philadelphia
5625.county,ent,Kent
46848.statevalue,Teexas,Texas
39741.county,jColumbia,Columbia
23385.statevalue,Mchigan,Michigan
24339.statevalue,Minneota,Minnesota
10644.statevalue,Illinoiys,Illinois
41746.county,Calhoubn,Calhoun
29431.county,Roosevhelt,Roosevelt
15560.county,aSc,Sac
26187.statevalue,Mississipi,Mississippi
54076.county,Jacksno,Jackson
28447.county,Sotddard,Stoddard
6733.statevalue,Florda,Florida
53240.statevalue,Washingtno,Washington
7360.county,Chattahoocqhee,Chattahoochee
20271.county,Eas Feliciana,East Feliciana
2653.county,gLittle River,Little River
30241.statevalue,Nebraka,Nebraska
16952.statevalue,Kanfsas,Kansas
50364.statevalue,Uah,Utah
33987.statevalue,North Carolian,North Carolina
14742.county,Frankliin,Franklin
6186.county,Hillsborouh,Hillsborough
46955.statevalue,Txeas,Texas
56359.statevalue,Wyoimng,Wyoming
24943.county,Todd***,Todd
17256.statevalue,Kzansas,Kansas
39440.statevalue,kOlahoma,Oklahoma
4508.statevalue,olorado,Colorado
46289.county,Curosby,Crosby
43996.statevalue,uTennessee,Tennessee
19516.statevalue,Kentuckiy,Kentucky
10234.county,Gme,Gem
37329.statevalue,hio,Ohio
40354.county,Amstrong,Armstrong
24114.county,Itascqa,Itasca
6342.county,evy,Levy
6570.county,Oscola,Osceola
50463.county,Caldeonia,Caledonia
8007.county,Glacock,Glascock
44904.statevalue,Tennessgee,Tennessee
39578.county,Waoner,Wagoner
52414.statevalue,qVirginia,Virginia
15788.statevalue,Iowja,Iowa
33683.statevalue,Nwe York,New York
48751.statevalue,Teaxs,Texas
37583.county,Mahning,Mahoning
6924.county,tkinson,Atkinson
20579.statevalue,Loiusiana,Louisiana
12456.statevalue,Illinos,Illinois
53901.statevalue,West Viginia,West Virginia
55800.county,Savwyer,Sawyer
54659.statevalue,West Vigrinia,West Virginia
37839.county,Pickawaky,Pickaway
45650.county,Bowife,Bowie
50566.statevalue,eVrmont,Vermont
49563.county,Walkper,Walker
50960.statevalue,Vidrginia,Virginia
26592.statevalue,ississippi,Mississippi
1276.statevalue,Alasak,Alaska
10697.county,Borwn,Brown
49510.statevalue,eTxas,Texas
49974.statevalue,tah,Utah
14728.county,Fraanklin,Franklin
38183.statevalue,hOio,Ohio
2099.county,Clrak,Clark
277.statevalue,Alabma,Alabama
10240.county,Gm,Gem
19191.statevalue,Ketnucky,Kentucky
2689.county,Lonpoke,Lonoke
27972.county,sOage,Osage
21620.county,ent,Kent
42832.statevalue,South Daokta,South Dakota
46381.county,DeafSmith,Deaf Smith
26688.statevalue,Missiouri,Missouri
51298.county,Gles,Giles
27337.county,Harison,Harrison
44291.statevalue,Tennsesee,Tennessee
3154.statevalue,Arkanas,Arkansas
13449.county,Newotn,Newton
8050.statevalue,rGeorgia,Georgia
33394.statevalue,Newd York,New York
31609.county,iWashoe,Washoe
34647.statevalue,oNrth Carolina,North Carolina
42351.county,Spartaniburg,Spartanburg
8120.county,all,Hall
25535.statevalue,Mimssissippi,Mississippi
27831.statevalue,Missouir,Missouri
6419.county,Marino,Marion
33816.county,Ulstr,Ulster
56043.county,Wodo,Wood
19856.statevalue,Kenutcky,Kentucky
23380.county,Saginw,Saginaw
1089.county,aTlladega,Talladega
6717.statevalue,Folrida,Florida
1577.county,Southeast Fhairbanks,Southeast Fairbanks
31956.county,Essxe,Essex
6234.statevalue,Floridca,Florida
54502.statevalue,West Vircginia,West Virginia
1512.statevalue,Alska,Alaska
32138.statevalue,New ersey,New Jersey
17243.county,Pkottawatomie,Pottawatomie
24591.county,iPne,Pine
8509.statevalue,Georia,Georgia
29625.statevalue,Mnotana,Montana
24898.county,Stevnes,Stevens
23958.statevalue,Minnexsota,Minnesota
33903.county,Wyoing,Wyoming
33155.statevalue,New Yokr,New York
12850.statevalue,Iniana,Indiana
23546.statevalue,Michign,Michigan
26365.statevalue,Misisssippi,Mississippi
14470.statevalue,Ioa,Iowa
28625.statevalue,Missouir,Missouri
15525.statevalue,Ioewa,Iowa
2953.statevalue,mArkansas,Arkansas
40873.statevalue,Pennsylvania***,Pennsylvania
25185.statevalue,Missjissippi,Mississippi
1742.statevalue,Arizoana,Arizona
31133.county,Shreidan,Sheridan
21718.county,Soerset,Somerset
55565.county,Ouagamie,Outagamie
46932.county,Guray,Gray
56117.county,Carbron,Carbon
49204.county,Sterlitng,Sterling
43611.statevalue,South Dakyota,South Dakota
51702.statevalue,Virignia,Virginia
53781.statevalue,Wset Virginia,West Virginia
39292.county,bOsage,Osage
46744.statevalue,Txas,Texas
48002.statevalue,oTexas,Texas
26778.county,Bone,Boone
3615.county,Lo Angeles,Los Angeles
33622.county,St aLwrence,St Lawrence
32856.county,Broxn,Bronx
22262.statevalue,Michian,Michigan
42029.statevalue,South Caolina,South Carolina
9268.statevalue,Goergia,Georgia
3544.county,bKern,Kern
7564.statevalue,Georgai,Georgia
33201.statevalue,ew York,New York
44796.statevalue,Tennessee***,Tennessee
53137.statevalue,Washingtno,Washington
53806.statevalue,est Virginia,West Virginia
46135.statevalue,exas,Texas
35130.county,Onslwo,Onslow
5551.county,New aHven,New Haven
40662.county,Crawfodr,Crawford
596.statevalue,yAlabama,Alabama
55662.statevalue,Wiscnosin,Wisconsin
16830.county,Leabvenworth,Leavenworth
55498.statevalue,Wisconsni,Wisconsin
16067.statevalue,Kmansas,Kansas
21321.county,Shomerset,Somerset
13332.county,Maroin,Marion
828.statevalue,Alabmaa,Alabama
13718.statevalue,Indifana,Indiana
16585.statevalue,Kzansas,Kansas
28662.statevalue,Missori,Missouri
15972.statevalue,Kansdas,Kansas
8249.county,oHuston,Houston
29856.county,Buffaalo,Buffalo
36703.county,Apllen,Allen
55135.statevalue,Wiscosin,Wisconsin
19833.county,Warrn,Warren
3862.statevalue,Californai,California
17119.statevalue,Kanssa,Kansas
33739.county,Sufolk,Suffolk
2443.county,Hempsterad,Hempstead
35511.statevalue,Notrh Carolina,North Carolina
12802.county,Elkhxart,Elkhart
18492.county,Garrard***,Garrard
54988.statevalue,Wiconsin,Wisconsin
10667.county,Boncd,Bond
13877.county,Tigppecanoe,Tippecanoe
10086.county,Craibou,Caribou
10336.statevalue,Iidaho,Idaho
14323.county,Bumtler,Butler
55094.statevalue,Wisconsihn,Wisconsin
11960.statevalue,Ilinois,Illinois
44910.county,Rhae,Rhea
40297.county,Yamvhill,Yamhill
38530.county,Coatl,Coal
19115.county,cMCreary,McCreary
32336.county,e Baca,De Baca
47719.county,Kimbe,Kimble
26611.county,Adar,Adair
37223.county,Guewrnsey,Guernsey
35413.statevalue,North Carolixna,North Carolina
46688.statevalue,exas,Texas
48529.county,Ochiltree***,Ochiltree
43365.statevalue,South Daokta,South Dakota
19315.statevalue,Kentuckfy,Kentucky
1401.statevalue,Aelaska,Alaska
14674.statevalue,Iowua,Iowa
15923.statevalue,Kansjas,Kansas
3907.statevalue,Californai,California
36769.county,Athesn,Athens
19974.county,Alen,Allen
39296.county,Otvtawa,Ottawa
20621.statevalue,Luisiana,Louisiana
56459.statevalue,Wyomign,Wyoming
41848.county,Clarednon,Clarendon
39501.county,Stexphens,Stephens
52041.county,Roanoek,Roanoke
51630.county,Lousa,Louisa
4762.statevalue,Colordo,Colorado
8026.statevalue,Gerogia,Georgia
15034.statevalue,Iohwa,Iowa
49678.statevalue,Txas,Texas
17428.county,Sott,Scott
47326.statevalue,exas,Texas
5497.county,Hartord,Hartford
17805.county,Allne,Allen
4464.statevalue,Coorado,Colorado
214.statevalue,Alaabma,Alabama
7589.statevalue,Georgai,Georgia
40357.statevalue,Pennsylania,Pennsylvania
31496.statevalue,evada,Nevada
8053.statevalue,Georga,Georgia
8964.statevalue,Geyorgia,Georgia
13316.county,Mxadison,Madison
34079.statevalue,Nort Carolina,North Carolina
54212.county,Marino,Marion
14407.county,Cerro Grodo,Cerro Gordo
13301.county,Ljawrence,Lawrence
44775.county,Moran,Morgan
18221.county,Clsark,Clark
35966.statevalue,Nroth Dakota,North Dakota
37220.county,Guernsye,Guernsey
19952.statevalue,Louisina,Louisiana
20298.county,Evangline,Evangeline
2425.statevalue,Arkansans,Arkansas
24141.statevalue,Minnseota,Minnesota
38936.statevalue,Oklahooma,Oklahoma
51816.county,Northumberlalnd,Northumberland
20269.statevalue,Louisaina,Louisiana
25215.statevalue,Mississiippi,Mississippi
9810.county,Kauuai,Kauai
3465.statevalue,Calnifornia,California
33952.statevalue,North Carolhina,North Carolina
11066.statevalue,Illniois,Illinois
56368.statevalue,zWyoming,Wyoming
54265.statevalue,West Virgiina,West Virginia
14797.county,uthrie,Guthrie
13695.county,Riplye,Ripley
16495.statevalue,Kanusas,Kansas
1650.statevalue,laska,Alaska
15585.statevalue,Iwa,Iowa
6890.statevalue,Floriyda,Florida
52149.county,Smth,Smyth
23595.statevalue,Minnesoat,Minnesota
20234.county,Eat Baton Rouge,East Baton Rouge
14087.statevalue,Iniana,Indiana
52090.county,Rockingahm,Rockingham
2195.county,onway,Conway
49903.statevalue,Utha,Utah
30940.county,Pirece,Pierce
134.county,Calfhoun,Calhoun
23652.statevalue,Minnesoat,Minnesota
21940.county,sHampden,Hampden
17198.statevalue,ansas,Kansas
31665.county,Belknacp,Belknap
19116.county,McrCeary,McCreary
30289.statevalue,Nebrasak,Nebraska
25628.statevalue,Misusissippi,Mississippi
21201.county,Kenneebc,Kennebec
45706.county,Brewstr,Brewster
35589.county,Wnarren,Warren
15564.county,aSc,Sac
16558.statevalue,Kasas,Kansas
12009.statevalue,Illiwnois,Illinois
12132.statevalue,Illinjois,Illinois
36934.county,Clniton,Clinton
8783.statevalue,cGeorgia,Georgia
22396.statevalue,Michign,Michigan
6882.county,Wahington,Washington
53181.statevalue,Washngton,Washington
32298.county,Colfafx,Colfax
40631.statevalue,Pnensylvania,Pennsylvania
56415.statevalue,mWyoming,Wyoming
39179.statevalue,Okahoma,Oklahoma
40591.statevalue,Pennsylvania***,Pennsylvania
12290.county,abash,Wabash
51954.statevalue,Virgina,Virginia
32596.county,Quya,Quay
12203.statevalue,Illiois,Illinois
4323.county,Aadms,Adams
28267.county,St lCair,St Clair
48453.county,Nacogoches,Nacogdoches
12672.county,dClinton,Clinton
20366.statevalue,Louinsiana,Louisiana
42776.county,Detwey,Dewey
26649.statevalue,Missoui,Missouri
35744.statevalue,Nrth Dakota,North Dakota
44835.statevalue,Tennessewe,Tennessee
42753.county,Dueel,Deuel
47827.county,Lmab,Lamb
55483.statevalue,Wiscoqnsin,Wisconsin
24517.county,Nroman,Norman
26100.county,Pabnola,Panola
51890.county,Ptarick,Patrick
10096.county,Cariobu,Caribou
41861.county,Colleton***,Colleton
13890.statevalue,Indianma,Indiana
172.statevalue,Albaama,Alabama
4090.statevalue,Calfiornia,California
10703.county,Broswn,Brown
30874.county,Pwawnee,Pawnee
2624.statevalue,Arkasas,Arkansas
13649.statevalue,Indiagna,Indiana
16221.statevalue,Kasas,Kansas
51723.county,Middlecsex,Middlesex
16460.statevalue,Knasas,Kansas
7488.statevalue,Gergia,Georgia
35010.statevalue,North Carolia,North Carolina
24274.statevalue,Minnesoat,Minnesota
32858.county,ronx,Bronx
35249.county,cPitt,Pitt
31227.statevalue,Nerbaska,Nebraska
2209.county,raighead,Craighead
18942.county,eLe,Lee
19599.county,Robekrtson,Robertson
5000.statevalue,Colorao,Colorado
46277.statevalue,Texs,Texas
6097.statevalue,Fleorida,Florida
15443.statevalue,Iwoa,Iowa
45023.county,Sheolby,Shelby
44885.statevalue,Tennessee***,Tennessee
42986.county,Huhges,Hughes
1485.county,North uSlope,North Slope
10579.statevalue,mIdaho,Idaho
18698.statevalue,Ketucky,Kentucky
48923.county,Rnnels,Runnels
5670.county,Sudssex,Sussex
25288.county,Cuhickasaw,Chickasaw
9744.county,Wotrh,Worth
40758.statevalue,Penlnsylvania,Pennsylvania
47850.statevalue,Teas,Texas
40595.county,Clrearfield,Clearfield
13808.statevalue,Indiaana,Indiana
49488.county,Uavlde,Uvalde
13676.statevalue,Indiaan,Indiana
30293.county,aGge,Gage
26553.statevalue,Msisissippi,Mississippi
6853.county,aWakulla,Wakulla
37898.statevalue,hio,Ohio
10968.county,iDewitt,Dewitt
36763.county,Athenzs,Athens
51060.county,Cblarke,Clarke
32995.county,Columiba,Columbia
45060.statevalue,Tnennessee,Tennessee
1996.statevalue,xArkansas,Arkansas
6479.statevalue,Floirda,Florida
55884.county,Vernno,Vernon
17243.statevalue,Kanssa,Kansas
28864.county,Dawsno,Dawson
36052.county,Grnd Forks,Grand Forks
19474.statevalue,eKntucky,Kentucky
47959.county,Limetsone,Limestone
26109.county,Pearl iver,Pearl River
40379.statevalue,Pennsylania,Pennsylvania
25746.statevalue,Mississppi,Mississippi
20225.county,D Soto,De Soto
41457.county,Westmorelanrd,Westmoreland
5211.statevalue,Coolrado,Colorado
7288.statevalue,Geogria,Georgia
3634.county,Madea,Madera
25818.county,awrence,Lawrence
13838.statevalue,ndiana,Indiana
53781.county,mBarbour,Barbour
37846.county,ickaway,Pickaway
6052.county,Gldaes,Glades
51047.county,Chesterfild,Chesterfield
50329.statevalue,Utha,Utah
35459.statevalue,North Carolinia,North Carolina
20322.county,Frnklin,Franklin
44935.county,Roertson,Robertson
1115.statevalue,Aelabama,Alabama
4398.county,Bacoa,Baca
37651.county,Mercher,Mercer
55374.statevalue,Wisconstin,Wisconsin
8236.statevalue,Geogria,Georgia
15051.statevalue,oIwa,Iowa
32564.statevalue,New Merxico,New Mexico
15650.statevalue,Ioaw,Iowa
13904.county,Uinon,Union
6993.statevalue,eorgia,Georgia
4176.county,Staniislaus,Stanislaus
53750.county,akima,Yakima
42390.county,Unin,Union
4575.county,uster,Custer
20239.county,Est Baton Rouge,East Baton Rouge
19886.county,Webstre,Webster
22064.county,oWrcester,Worcester
3714.statevalue,Clifornia,California
39767.county,Crook***,Crook
4730.statevalue,Colordo,Colorado
52714.statevalue,Virginai,Virginia
24423.county,Mille oLacs,Mille Lacs
35040.statevalue,North Carlina,North Carolina
45757.statevalue,Txeas,Texas
49384.county,Tom Geren,Tom Green
36732.county,Asland,Ashland
37389.county,ackson,Jackson
42989.statevalue,South akota,South Dakota
29018.county,Granzite,Granite
15880.county,Wrght,Wright
48631.county,pParker,Parker
6068.county,Guf,Gulf
22185.statevalue,Micihgan,Michigan
35431.statevalue,North Carolia,North Carolina
47952.statevalue,Texahs,Texas
349.statevalue,labama,Alabama
1788.statevalue,Ariona,Arizona
29293.county,Ptroleum,Petroleum
41494.statevalue,Pfennsylvania,Pennsylvania
9290.county,Teflair,Telfair
54671.county,Websteur,Webster
30125.county,Deueul,Deuel
47760.county,Kisnney,Kinney
32287.statevalue,New Mexaico,New Mexico
25120.county,Yecllow Medicine,Yellow Medicine
41924.statevalue,oSuth Carolina,South Carolina
35187.statevalue,North Cabrolina,North Carolina
41529.statevalue,Rhode Isladn,Rhode Island
29014.statevalue,Montanwa,Montana
31184.county,Shtanton,Stanton
2198.statevalue,rAkansas,Arkansas
28620.statevalue,Missouir,Missouri
52792.statevalue,Vijrginia,Virginia
51604.statevalue,dVirginia,Virginia
54399.statevalue,West Vrginia,West Virginia
49878.county,apata,Zapata
20531.statevalue,pLouisiana,Louisiana
32113.county,Pasaic,Passaic
21785.statevalue,Marfyland,Maryland
37590.county,Maroin,Marion
39578.statevalue,Olahoma,Oklahoma
48731.statevalue,Texans,Texas
12265.statevalue,Illnois,Illinois
32388.statevalue,New Mexiclo,New Mexico
31042.county,Skaline,Saline
37013.county,Dakre,Darke
21746.county,ashington,Washington
21017.county,ebster,Webster
55713.statevalue,isconsin,Wisconsin
26890.county,Cpe Girardeau,Cape Girardeau
41133.county,ontour,Montour
36716.statevalue,hio,Ohio
1139.county,Wlker,Walker
24248.county,Lake of Th Woods,Lake of The Woods
13931.county,Vandreburgh,Vanderburgh
41883.statevalue,Sout hCarolina,South Carolina
54216.county,Maxrion,Marion
16801.county,Lnae,Lane
6700.statevalue,Fllorida,Florida
47895.county,Laaca,Lavaca
39145.statevalue,Okalhoma,Oklahoma
9298.county,elfair,Telfair
16060.county,Chautauqau,Chautauqua
23029.county,Mecoksta,Mecosta
5771.county,Brevarnd,Brevard
17143.county,aOsage,Osage
42840.county,Fal River,Fall River
56010.statevalue,Wisconsni,Wisconsin
13923.county,Vqanderburgh,Vanderburgh
40536.statevalue,Pennsylsvania,Pennsylvania
36948.statevalue,hio,Ohio
13447.statevalue,ndiana,Indiana
49084.county,Shakcelford,Shackelford
38168.statevalue,xOhio,Ohio
19445.statevalue,entucky,Kentucky
20485.county,iLncoln,Lincoln
8167.statevalue,Georiga,Georgia
1194.county,Winson,Winston
45363.statevalue,Texs,Texas
37885.county,Potage,Portage
10855.statevalue,Illnois,Illinois
39420.county,Pushmataa,Pushmataha
10485.statevalue,Iaho,Idaho
44900.statevalue,ennessee,Tennessee
31699.county,heshire,Cheshire
10247.statevalue,Idaoh,Idaho
31301.county,Wyne,Wayne
1231.county,leutians West,Aleutians West
14915.county,Howarrd,Howard
54358.county,Morsgan,Morgan
22131.statevalue,Miczhigan,Michigan
54721.county,Wodo,Wood
1332.statevalue,Alaksa,Alaska
27636.statevalue,Misouri,Missouri
44585.county,MMcinn,McMinn
43838.statevalue,Tenqnessee,Tennessee
35307.county,Ricmhond,Richmond
34445.county,Davidsno,Davidson
6561.statevalue,Floida,Florida
36021.county,Golden Valley***,Golden Valley
32655.county,San uan,San Juan
34503.county,Durhma,Durham
935.county,Mogran,Morgan
44045.statevalue,Tenenssee,Tennessee
21754.statevalue,aMryland,Maryland
2874.statevalue,Arkanss,Arkansas
11157.statevalue,Illinosi,Illinois
49143.statevalue,Tedxas,Texas
12610.statevalue,Idniana,Indiana
46533.statevalue,Txas,Texas
49402.statevalue,Ttexas,Texas
803.county,Madion,Madison
4640.statevalue,bColorado,Colorado
32822.statevalue,eNw York,New York
43228.statevalue,South Dkota,South Dakota
24720.county,Renville***,Renville
33258.statevalue,Ne York,New York
2081.statevalue,Arkanssa,Arkansas
51121.statevalue,irginia,Virginia
44826.statevalue,Tnenessee,Tennessee
18524.county,Gravse,Graves
15001.statevalue,Iwa,Iowa
4436.statevalue,Coloraod,Colorado
1862.statevalue,Arziona,Arizona
54608.county,Toucker,Tucker
25418.county,De Sotto,De Soto
32434.statevalue,Nwe Mexico,New Mexico
29135.statevalue,Montaan,Montana
16237.county,Decatru,Decatur
44974.statevalue,Tennessee***,Tennessee
43716.statevalue,Tennessee***,Tennessee
25519.county,Grenlada,Grenada
48132.county,McMulleon,McMullen
52805.county,Norufolk City,Norfolk City
30718.statevalue,Nebreaska,Nebraska
40239.county,vWasco,Wasco
8099.statevalue,Georgai,Georgia
29582.county,Ttoole,Toole
44654.statevalue,ennessee,Tennessee
48364.statevalue,Txas,Texas
47280.county,Hill***,Hill
18055.county,Buotler,Butler
18247.county,Clavy,Clay
17073.statevalue,ansas,Kansas
56231.statevalue,Woming,Wyoming
41993.county,Geonrgetown,Georgetown
39659.county,Bakepr,Baker
18384.county,Faeyette,Fayette
23925.statevalue,Minnestoa,Minnesota
47715.statevalue,Texs,Texas
26174.county,rentiss,Prentiss
4171.county,Stbanislaus,Stanislaus
11042.statevalue,Illinosi,Illinois
50029.county,Emjery,Emery
6279.county,Lafayete,Lafayette
43217.county,McPhersno,McPherson
50721.statevalue,Virgiia,Virginia
11246.statevalue,Ilinois,Illinois
18355.statevalue,entucky,Kentucky
50268.county,Sehvier,Sevier
10612.statevalue,Idahno,Idaho
11168.statevalue,Illinois***,Illinois
53610.statevalue,Wasihngton,Washington
11865.statevalue,Illinois***,Illinois
23730.county,arver,Carver
27553.statevalue,Misouri,Missouri
22570.statevalue,Mihcigan,Michigan
43410.county,aSnborn,Sanborn
34095.county,Brunswikc,Brunswick
49299.county,aylor,Taylor
34473.statevalue,NorthCarolina,North Carolina
19870.county,Wanye,Wayne
12988.county,aHncock,Hancock
54303.statevalue,WestV irginia,West Virginia
12250.county,Usnion,Union
23278.county,Ocoda,Oscoda
12208.county,tSephenson,Stephenson
49547.county,Victoia,Victoria
8664.county,Meeriwether,Meriwether
15805.statevalue,owa,Iowa
2012.county,Booqne,Boone
38412.county,Caddio,Caddo
31934.statevalue,New Jlersey,New Jersey
55749.county,St Croxi,St Croix
12438.statevalue,Illinis,Illinois
33293.county,Maison,Madison
17285.statevalue,Kanas,Kansas
12478.county,Ayllen,Allen
18169.county,Carbter,Carter
27101.county,Criawford,Crawford
31289.statevalue,Nebrasak,Nebraska
22990.county,Marquettye,Marquette
51150.statevalue,Virgniia,Virginia
8075.statevalue,Gergia,Georgia
32819.statevalue,ew York,New York
49826.county,Yoaqkum,Yoakum
35864.statevalue,Norht Dakota,North Dakota
26115.statevalue,Mississippi***,Mississippi
2662.statevalue,Arkancsas,Arkansas
41537.statevalue,iRhode Island,Rhode Island
35966.county,Edyd,Eddy
48957.statevalue,Txas,Texas
42422.county,Ybork,York
38300.county,Alflafa,Alfalfa
43898.statevalue,Tennesswee,Tennessee
157.county,Chambes,Chambers
37013.statevalue,Oio,Ohio
37762.statevalue,Ohmio,Ohio
21863.county,Brstol,Bristol
55688.county,Rgacine,Racine
5507.statevalue,Conneicticut,Connecticut
15424.county,Pge,Page
2005.statevalue,Arknasas,Arkansas
16112.county,Cnlark,Clark
8390.county,Jxones,Jones
52561.county,Falsl Church City,Falls Church City
37597.county,Maion,Marion
34472.statevalue,North Carolinea,North Carolina
4789.statevalue,Colrado,Colorado
33118.county,lFranklin,Franklin
18116.county,Capmbell,Campbell
1733.county,bGraham,Graham
44055.statevalue,kTennessee,Tennessee
26937.statevalue,Misosuri,Missouri
45449.county,Atascoas,Atascosa
24867.statevalue,Minesota,Minnesota
1701.county,Coconno,Coconino
35846.statevalue,Norh Dakota,North Dakota
25704.statevalue,lMississippi,Mississippi
14590.statevalue,Iowna,Iowa
26343.county,Tpallahatchie,Tallahatchie
31359.county,aChurchill,Churchill
56346.county,mSheridan,Sheridan
5735.statevalue,lForida,Florida
38779.statevalue,Okalhoma,Oklahoma
24516.statevalue,Minnestoa,Minnesota
22249.county,Berrein,Berrien
15961.statevalue,Knasas,Kansas
34640.county,Grene,Greene
49799.county,Wisbe,Wise
53543.county,Pmierce,Pierce
8752.statevalue,Georgai,Georgia
4325.statevalue,Coljorado,Colorado
44407.county,Jeffrson,Jefferson
36830.statevalue,Ohoi,Ohio
39222.statevalue,Oklahma,Oklahoma
26593.county,azoo,Yazoo
7566.statevalue,Goergia,Georgia
7729.county,Doughrety,Dougherty
2956.statevalue,Arknasas,Arkansas
42778.statevalue,South Dakotba,South Dakota
22544.statevalue,Michian,Michigan
32223.statevalue,New Mexioc,New Mexico
1329.statevalue,Aalska,Alaska
35722.statevalue,Nrth Carolina,North Carolina
2555.statevalue,Arkanss,Arkansas
4137.county,Solnao,Solano
34114.statevalue,Norgth Carolina,North Carolina
19137.county,Madisn,Madison
55477.county,Milwaueke,Milwaukee
16763.county,Kiwoa,Kiowa
9211.county,Sumetr,Sumter
29683.county,Aams,Adams
41579.county,Provideence,Providence
6756.county,Sumetr,Sumter
8189.county,Haris,Harris
56323.county,Plawtte,Platte
30169.statevalue,Nbraska,Nebraska
1008.county,andolph,Randolph
27907.statevalue,Micssouri,Missouri
17945.statevalue,Kentucxky,Kentucky
53789.county,Berkelye,Berkeley
30829.statevalue,Nebraka,Nebraska
55968.county,Waukwesha,Waukesha
3080.statevalue,Arkasnas,Arkansas
34347.statevalue,North arolina,North Carolina
24306.county,Lyn,Lyon
47722.statevalue,Teas,Texas
6403.statevalue,Flordia,Florida
11515.county,aL Salle,La Salle
18590.county,rGeenup,Greenup
48258.statevalue,exas,Texas
41951.statevalue,South Carolrina,South Carolina
39312.county,Otawa,Ottawa
14200.statevalue,Ioaw,Iowa
5382.county,Sedgwikc,Sedgwick
46251.county,Craen,Crane
42006.statevalue,outh Carolina,South Carolina
38571.statevalue,Oklhaoma,Oklahoma
50369.statevalue,Untah,Utah
15998.county,ourbon,Bourbon
20083.statevalue,Lousiana,Louisiana
36188.county,McIntsoh,McIntosh
27950.county,Oregopn,Oregon
25426.statevalue,Missssippi,Mississippi
12933.county,Gratn,Grant
32640.county,Sandovla,Sandoval
30401.statevalue,Nerbaska,Nebraska
9866.county,annock,Bannock
48673.statevalue,Teas,Texas
38114.statevalue,hio,Ohio
35936.county,Dqivide,Divide
32956.statevalue,New ork,New York
54056.county,arrison,Harrison
52080.county,Rckingham,Rockingham
24413.county,Mille Lasc,Mille Lacs
8230.county,enry,Henry
35883.county,Css,Cass
2623.statevalue,rkansas,Arkansas
8245.county,Houstqon,Houston
51931.statevalue,Virgnia,Virginia
35607.statevalue,North Carolian,North Carolina
30076.county,Dakoat,Dakota
31686.county,Caroll,Carroll
15116.statevalue,Iwa,Iowa
32396.county,Garnt,Grant
15366.statevalue,oIwa,Iowa
50469.statevalue,Vermzont,Vermont
1601.county,Valdez Crodova,Valdez Cordova
13001.county,Harrisno,Harrison
49333.county,Teryr,Terry
8659.statevalue,Georia,Georgia
44232.county,Hardemna,Hardeman
29284.county,Parwk,Park
8425.county,Lanieur,Lanier
41530.statevalue,RhodeIsland,Rhode Island
43901.statevalue,eTnnessee,Tennessee
39497.county,Stbephens,Stephens
9617.statevalue,Geqorgia,Georgia
52596.statevalue,Virrginia,Virginia
22669.county,Ioania,Ionia
23316.statevalue,Mcichigan,Michigan
2110.statevalue,Arkanusas,Arkansas
37712.statevalue,Ohoi,Ohio
13968.county,Vgo,Vigo
36860.county,Caroll,Carroll
8041.statevalue,Georgai,Georgia
8808.county,Newtno,Newton
49321.statevalue,Teaxs,Texas
38117.statevalue,hio,Ohio
38613.statevalue,Oklwahoma,Oklahoma
23816.county,Celarwater,Clearwater
4554.statevalue,nColorado,Colorado
55078.county,Eayu Claire,Eau Claire
38915.county,Kvay,Kay
26052.statevalue,Misissippi,Mississippi
23704.county,Bronw,Brown
14448.county,Chickasjaw,Chickasaw
25991.county,Monre,Monroe
20953.county,Vemilion,Vermilion
5642.statevalue,Delawae,Delaware
26058.statevalue,Missisippi,Mississippi
55468.county,Menominee***,Menominee
4618.statevalue,olorado,Colorado
30471.county,Hitchcokc,Hitchcock
42982.statevalue,South Dakta,South Dakota
43375.county,Ptoter,Potter
23608.statevalue,Minesota,Minnesota
13947.statevalue,gIndiana,Indiana
6340.statevalue,Flyorida,Florida
11413.statevalue,Illiois,Illinois
36777.county,Auglwaize,Auglaize
30219.statevalue,Nebaska,Nebraska
20978.statevalue,ouisiana,Louisiana
36207.statevalue,Notrh Dakota,North Dakota
37964.statevalue,hio,Ohio
8693.statevalue,Geogia,Georgia
7500.county,Corffee,Coffee
32225.statevalue,Nhew Mexico,New Mexico
21252.statevalue,Maien,Maine
41692.statevalue,outh Carolina,South Carolina
41440.county,ayne,Wayne
4063.county,Santa Crz,Santa Cruz
26226.county,ankin,Rankin
28692.statevalue,Monatna,Montana
44533.statevalue,Tennesse,Tennessee
41808.county,Chestewr,Chester
36882.statevalue,Oiho,Ohio
20866.statevalue,ouisiana,Louisiana
19589.county,Roertson,Robertson
30427.county,Harlcan,Harlan
42613.county,Charle Mix,Charles Mix
33844.statevalue,ew York,New York
52197.statevalue,Vrginia,Virginia
51064.statevalue,irginia,Virginia
3620.county,Maderza,Madera
53385.county,itsap,Kitsap
42006.county,Greenvile,Greenville
43609.county,Ziebahc,Ziebach
50358.county,Wsaatch,Wasatch
33650.county,Schenectaidy,Schenectady
12945.statevalue,Indina,Indiana
24189.county,Kidttson,Kittson
2046.statevalue,Arkbansas,Arkansas
1371.county,Juneua,Juneau
4470.county,Caffee,Chaffee
38868.county,Jeffergson,Jefferson
46498.statevalue,zTexas,Texas
41188.county,ePrry,Perry
38212.county,Wayen,Wayne
41159.county,Norhampton,Northampton
10466.county,Onieda,Oneida
2739.statevalue,Arknsas,Arkansas
20937.county,Unwion,Union
49716.county,Wilhbarger,Wilbarger
3412.county,DelN orte,Del Norte
11402.statevalue,Illniois,Illinois
45236.county,ayne,Wayne
52995.county,Virginia Beahc City,Virginia Beach City
24695.statevalue,Minneota,Minnesota
14548.county,Dafllas,Dallas
52005.statevalue,Virginai,Virginia
43849.statevalue,Tenessee,Tennessee
47366.statevalue,exas,Texas
5559.county,New Havven,New Haven
15417.statevalue,Iolwa,Iowa
54743.statevalue,West Virgnia,West Virginia
55217.county,Ion,Iron
39346.county,Pane,Payne
5009.county,Logna,Logan
8742.statevalue,Gorgia,Georgia
40299.county,Yahill,Yamhill
6018.statevalue,Flordia,Florida
3112.county,Sebstian,Sebastian
38002.statevalue,hio,Ohio
11731.statevalue,Illionis,Illinois
18207.county,Chirstian,Christian
14443.statevalue,Ioa,Iowa
3437.statevalue,Californipa,California
23536.county,Wayyne,Wayne
5740.county,Bmay,Bay
12679.statevalue,Idniana,Indiana
9696.county,Wilox,Wilcox
50333.county,tah,Utah
30408.county,amilton,Hamilton
31213.statevalue,Noebraska,Nebraska
42276.county,Oragneburg,Orangeburg
34247.county,Catawbya,Catawba
24671.county,Ramsye,Ramsey
27738.county,Marise,Maries
45770.county,rown,Brown
42306.county,Riclhand,Richland
20309.county,ranklin,Franklin
51380.statevalue,irginia,Virginia
17054.county,orton,Morton
28006.statevalue,Missori,Missouri
29272.county,Prk,Park
50440.county,Benniwngton,Bennington
50398.county,Wyane,Wayne
19758.county,Tod,Todd
43463.county,Stanmley,Stanley
47918.statevalue,Texaws,Texas
5755.county,Bradforqd,Bradford
55363.county,Langlasde,Langlade
21021.county,eWbster,Webster
39793.county,Cxurry,Curry
28125.statevalue,Missouir,Missouri
48259.statevalue,Txas,Texas
23753.county,Cas,Cass
2152.county,lCeveland,Cleveland
3329.county,Amaor,Amador
28434.statevalue,Misouri,Missouri
20503.statevalue,Louiisana,Louisiana
49692.statevalue,Tbexas,Texas
25575.statevalue,Mississipi,Mississippi
33492.county,Osewgo,Oswego
23157.statevalue,Michigna,Michigan
5934.county,Dxiie,Dixie
26556.county,Winstno,Winston
51793.county,Northamptn,Northampton
4738.statevalue,Colorajdo,Colorado
17517.statevalue,Kasas,Kansas
53783.statevalue,est Virginia,West Virginia
41272.county,Schuyklill,Schuylkill
15359.statevalue,Ioa,Iowa
37093.statevalue,Ohoi,Ohio
32594.statevalue,New Mexicxo,New Mexico
24999.county,Wadeona,Wadena
8856.statevalue,eGorgia,Georgia
48875.county,Robrtson,Robertson
47470.county,Jacksnon,Jackson
21528.county,harles,Charles
1278.county,Btehel,Bethel
51466.county,Highlamnd,Highland
34245.county,Cataba,Catawba
1811.statevalue,Arizonna,Arizona
25585.county,Holmeys,Holmes
26583.county,Ylobusha,Yalobusha
22876.statevalue,iMchigan,Michigan
27466.county,Jackosn,Jackson
44276.statevalue,Tennesse,Tennessee
21139.statevalue,Mane,Maine
35433.statevalue,North Caroilna,North Carolina
2450.statevalue,Akransas,Arkansas
23256.statevalue,ichigan,Michigan
7203.statevalue,Gerogia,Georgia
46968.county,Greg,Gregg
44597.statevalue,Tennessvee,Tennessee
26561.county,Winsotn,Winston
46776.statevalue,exas,Texas
22394.statevalue,iMchigan,Michigan
49893.statevalue,Texsa,Texas
4086.statevalue,Californai,California
28524.statevalue,Missoubri,Missouri
19416.statevalue,Ketnucky,Kentucky
9243.statevalue,Geoargia,Georgia
36756.county,sAhtabula,Ashtabula
334.county,Cooas,Coosa
19121.county,clean,Mclean
31010.county,Ricahrdson,Richardson
17890.statevalue,entucky,Kentucky
41335.county,Susquehnana,Susquehanna
27933.county,Nodaawy,Nodaway
7392.county,Cheronkee,Cherokee
6634.county,Plk,Polk
53662.statevalue,Washingtuon,Washington
52614.county,Frederciksburg City,Fredericksburg City
1583.county,Souheast Fairbanks,Southeast Fairbanks
52290.county,aWrren,Warren
48590.county,Pal oPinto,Palo Pinto
23570.statevalue,innesota,Minnesota
40315.county,Adkams,Adams
55465.statevalue,Wiscnosin,Wisconsin
1962.county,Ashcley,Ashley
39780.statevalue,Oreogn,Oregon
4051.county,Sant Cruz,Santa Cruz
2124.county,Cly,Clay
33815.statevalue,New Yrk,New York
778.county,Macosn,Macon
53959.county,Gilmre,Gilmer
24776.statevalue,Minnesota***,Minnesota
16477.statevalue,Kasnas,Kansas
42812.county,dmunds,Edmunds
5864.statevalue,Flroida,Florida
48587.statevalue,Txeas,Texas
15048.county,Johnsno,Johnson
37161.statevalue,hio,Ohio
32183.county,ussex,Sussex
14909.statevalue,Ioaw,Iowa
37384.statevalue,Ohiqo,Ohio
12177.county,Shelbay,Shelby
44878.statevalue,Tennesee,Tennessee
24245.statevalue,Minnesta,Minnesota
42040.statevalue,South Craolina,South Carolina
52465.county,ChesapeakeCity,Chesapeake City
23743.county,Cass***,Cass
32133.statevalue,Ne wJersey,New Jersey
6654.county,Putnm,Putnam
43296.statevalue,Sotuh Dakota,South Dakota
9236.county,aliaferro,Taliaferro
47502.county,asper,Jasper
31715.statevalue,Nw Hampshire,New Hampshire
55356.statevalue,Wsiconsin,Wisconsin
48857.statevalue,Texkas,Texas
1270.county,Bethl,Bethel
42767.statevalue,South Dmakota,South Dakota
56461.county,Weton,Weston
53321.county,sIland,Island
22586.county,Gvratiot,Gratiot
49729.statevalue,Txas,Texas
26196.county,Qutman,Quitman
775.county,Mcon,Macon
40099.statevalue,Orgon,Oregon
12127.statevalue,Ililnois,Illinois
52308.statevalue,Virinia,Virginia
27066.county,Cowle,Cole
22277.statevalue,Mjichigan,Michigan
894.statevalue,Alaboama,Alabama
31254.statevalue,Netbraska,Nebraska
46267.county,Cockett,Crockett
47104.county,ardeman,Hardeman
34948.statevalue,orth Carolina,North Carolina
35430.statevalue,North Caxrolina,North Carolina
55846.statevalue,isconsin,Wisconsin
25758.statevalue,Mississippi***,Mississippi
32884.statevalue,gNew York,New York
30607.county,Key Paha,Keya Paha
2982.county,Prbairie,Prairie
40369.county,Bever,Beaver
48685.county,Pokl,Polk
11123.statevalue,Illinbois,Illinois
8817.county,Nejwton,Newton
38207.statevalue,hio,Ohio
39009.county,ogan,Logan
15655.county,aTma,Tama
50480.statevalue,Vemront,Vermont
36782.statevalue,Oho,Ohio
24086.county,santi,Isanti
11112.county,Franlin,Franklin
12313.statevalue,Ilinois,Illinois
21889.statevalue,assachusetts,Massachusetts
54300.statevalue,West Virgniia,West Virginia
17298.statevalue,kKansas,Kansas
20720.county,St Benrard,St Bernard
40590.county,Clariwon,Clarion
45887.statevalue,Txeas,Texas
35196.statevalue,Nort Carolina,North Carolina
17159.county,sborne,Osborne
10519.county,Powre,Power
3806.statevalue,Cualifornia,California
14068.statevalue,Indianta,Indiana
12694.county,Daviesjs,Daviess
52898.county,Rafdord,Radford
54030.county,aHncock,Hancock
49676.county,Wheelre,Wheeler
23288.county,Oscoad,Oscoda
36617.county,Waslh,Walsh
32078.county,Morvris,Morris
6938.statevalue,Gehorgia,Georgia
29939.county,hCase,Chase
33245.county,Kigns,Kings
16945.statevalue,Kanas,Kansas
11122.statevalue,Illinoiss,Illinois
35192.statevalue,North Caolina,North Carolina
32754.statevalue,New Mexioc,New Mexico
32967.statevalue,eNw York,New York
49773.county,Winlker,Winkler
38797.county,Harpre,Harper
39172.county,uskogee,Muskogee
27852.county,ontgomery,Montgomery
25241.county,Clhoun,Calhoun
50023.county,Emesry,Emery
33744.statevalue,Ne wYork,New York
41651.statevalue,South Camrolina,South Carolina
5235.statevalue,Cloorado,Colorado
23398.county,St Clari,St Clair
32519.statevalue,New eMxico,New Mexico
46139.statevalue,exas,Texas
15437.county,Palo Alo,Palo Alto
12542.statevalue,Indina,Indiana
30730.statevalue,Nebrajska,Nebraska
39448.county,Roers,Rogers
1524.county,Prince WalesK etchikan,Prince Wales Ketchikan
33432.statevalue,New aYork,New York
10329.statevalue,Idaoh,Idaho
31528.statevalue,Nenvada,Nevada
18436.county,Farnklin,Franklin
15509.county,Pottawattmie,Pottawattamie
52815.county,Norto City,Norton City
48235.county,averick,Maverick
27538.county,nKox,Knox
28826.county,Cuser,Custer
26381.county,Tipaph,Tippah
37603.county,Meydina,Medina
7921.statevalue,Gceorgia,Georgia
31205.statevalue,Nebrasa,Nebraska
21260.statevalue,aine,Maine
27579.statevalue,Mssouri,Missouri
31467.statevalue,Nevaad,Nevada
50181.statevalue,Utha,Utah
23194.county,Oaklnad,Oakland
14350.county,Carroll***,Carroll
55013.statevalue,Wisonsin,Wisconsin
10745.county,Cahoun,Calhoun
15763.statevalue,Iwoa,Iowa
47371.county,Hwoard,Howard
4814.statevalue,Colordao,Colorado
44816.statevalue,hTennessee,Tennessee
4194.statevalue,Califonria,California
45985.county,Cheroee,Cherokee
29210.county,Maegher,Meagher
13930.county,Vaderburgh,Vanderburgh
1457.county,Matanuska Suistna,Matanuska Susitna
43476.county,Suly,Sully
50091.county,Irn,Iron
35592.county,aWrren,Warren
50156.county,Mogran,Morgan
17943.county,Bourbno,Bourbon
40861.county,Inddiana,Indiana
7545.county,vCook,Cook
46905.county,Golida,Goliad
42789.statevalue,Sout hDakota,South Dakota
7018.statevalue,Georiga,Georgia
34289.statevalue,North Caroina,North Carolina
7950.county,Fraklin,Franklin
43246.statevalue,South Daekota,South Dakota
43117.county,hLake,Lake
41428.county,Washingon,Washington
5032.statevalue,olorado,Colorado
496.statevalue,Albaama,Alabama
25091.statevalue,Mijnnesota,Minnesota
11112.statevalue,Illnois,Illinois
46717.statevalue,Texs,Texas
21755.statevalue,Marylarnd,Maryland
24084.county,Hubbard***,Hubbard
43250.statevalue,South Dnakota,South Dakota
33994.county,nson,Anson
33391.county,Onida,Oneida
48865.statevalue,Texs,Texas
22273.county,Branhc,Branch
1211.statevalue,Alaka,Alaska
10075.statevalue,Idfaho,Idaho
43991.county,Deikalb,Dekalb
38156.county,Vintvon,Vinton
14445.statevalue,Iwoa,Iowa
42441.statevalue,dSouth Dakota,South Dakota
32897.statevalue,ew York,New York
49691.county,Wihcita,Wichita
44729.county,Meonroe,Monroe
31866.county,oBergen,Bergen
40980.statevalue,ePnnsylvania,Pennsylvania
11266.statevalue,llinois,Illinois
46010.county,lCay,Clay
51606.county,ee,Lee
29543.county,Sweet rass,Sweet Grass
54978.statevalue,Wisonsin,Wisconsin
10738.statevalue,Illinoims,Illinois
47346.county,Houyston,Houston
8691.statevalue,Gorgia,Georgia
9927.county,Bignham,Bingham
54297.county,Mbingo,Mingo
50225.statevalue,Uah,Utah
26786.statevalue,iMissouri,Missouri
48705.statevalue,Teas,Texas
20859.statevalue,Louisianna,Louisiana
37151.county,ulton,Fulton
19803.county,nUion,Union
15662.statevalue,owa,Iowa
47962.statevalue,eTexas,Texas
32327.county,oCurry,Curry
6646.county,Pqutnam,Putnam
50969.statevalue,Virginira,Virginia
34576.statevalue,North Caroilna,North Carolina
944.county,Perrsy,Perry
17061.county,Motron,Morton
47042.statevalue,Texads,Texas
16706.statevalue,Kvansas,Kansas
33015.county,Cortlnad,Cortland
52109.county,Russell***,Russell
38131.county,Van Wexrt,Van Wert
49940.statevalue,Uah,Utah
36457.statevalue,North Daokta,North Dakota
53481.statevalue,Wasvhington,Washington
43655.statevalue,Tnenessee,Tennessee
39914.county,Jakson,Jackson
34266.statevalue,North Carolia,North Carolina
6404.statevalue,lorida,Florida
21563.county,Frdeerick,Frederick
28915.statevalue,Mntana,Montana
48189.county,Msaon,Mason
33931.statevalue,North Carolia,North Carolina
32777.county,Torarnce,Torrance
28317.county,St oLuis,St Louis
4448.county,Broomfievld,Broomfield
9035.statevalue,Georga,Georgia
35236.county,Persgon,Person
31462.statevalue,evada,Nevada
38800.statevalue,Oklahoam,Oklahoma
17346.statevalue,Kasas,Kansas
44702.statevalue,ennessee,Tennessee
2282.statevalue,Arkkansas,Arkansas
702.county,aLuderdale,Lauderdale
21562.statevalue,aryland,Maryland
15287.county,Mitcmhell,Mitchell
236.county,Clyay,Clay
52323.county,estmoreland,Westmoreland
3978.statevalue,Californai,California
47759.county,Kinney***,Kinney
2526.county,aJckson,Jackson
22793.county,Ketn,Kent
43580.statevalue,Sout hDakota,South Dakota
51646.county,Luenburg,Lunenburg
39604.statevalue,Okliahoma,Oklahoma
663.county,efferson,Jefferson
16744.county,pKingman,Kingman
3799.county,rOange,Orange
22142.county,Atrim,Antrim
3928.statevalue,aClifornia,California
14104.statevalue,Idiana,Indiana
41088.statevalue,Pennsylvania***,Pennsylvania
17996.county,Brackpen,Bracken
52799.county,Norfrolk City,Norfolk City
12885.county,Franklni,Franklin
6708.county,Santa Rosqa,Santa Rosa
9936.county,iBngham,Bingham
46879.statevalue,Teaxs,Texas
4861.statevalue,Coloado,Colorado
42192.statevalue,Souht Carolina,South Carolina
6546.county,Oraneg,Orange
6564.statevalue,Fslorida,Florida
10009.statevalue,Idho,Idaho
54996.statevalue,Wisconsipn,Wisconsin
23603.county,Beckeir,Becker
13121.statevalue,Indiaan,Indiana
24019.statevalue,Minnbesota,Minnesota
52546.county,Fairfawx City,Fairfax City
16385.county,Finnehy,Finney
324.statevalue,Alabma,Alabama
12052.county,Richalnd,Richland
10595.statevalue,Idho,Idaho
23131.statevalue,Michigxan,Michigan
30257.statevalue,pNebraska,Nebraska
18685.statevalue,Kenutcky,Kentucky
32794.county,Unxion,Union
55208.statevalue,Wisconin,Wisconsin
26005.county,Montgomergy,Montgomery
53973.county,rant,Grant
23143.statevalue,Micdhigan,Michigan
25231.county,Bolivra,Bolivar
11846.county,Morgn,Morgan
10247.county,Goodnig,Gooding
44806.county,Overtzon,Overton
26824.county,Caldwll,Caldwell
46965.county,Greggg,Gregg
54065.county,Harerison,Harrison
4006.statevalue,Califorina,California
28017.county,Pery,Perry
20149.statevalue,Louisiavna,Louisiana
56091.statevalue,Wyomign,Wyoming
8417.county,Lamra,Lamar
46324.statevalue,Texs,Texas
9030.statevalue,Georlgia,Georgia
52877.statevalue,Virgineia,Virginia
44118.county,iGles,Giles
38018.county,Shelyb,Shelby
16340.county,iElk,Elk
26711.statevalue,Missouir,Missouri
53490.county,kanogan,Okanogan
12178.county,Syhelby,Shelby
14781.county,Grudy,Grundy
54557.statevalue,Wet Virginia,West Virginia
2547.statevalue,Arkasnas,Arkansas
32804.statevalue,ew Mexico,New Mexico
33686.county,chuyler,Schuyler
46886.statevalue,eTxas,Texas
42128.county,Lurens,Laurens
29942.statevalue,Nepbraska,Nebraska
26088.county,Panoal,Panola
47766.county,Kinney***,Kinney
52007.statevalue,Virgsinia,Virginia
47978.county,Lirpscomb,Lipscomb
32152.county,Somesret,Somerset
9899.statevalue,daho,Idaho
34944.county,Macbon,Macon
11010.county,Du wPage,Du Page
9619.statevalue,Geogia,Georgia
18130.county,Calisle,Carlisle
39175.statevalue,Okalhoma,Oklahoma
31102.county,Scotts luff,Scotts Bluff
23996.statevalue,Mnnesota,Minnesota
21368.statevalue,Maiqne,Maine
15595.county,Shely,Shelby
22696.statevalue,Michigsan,Michigan
52695.statevalue,Voirginia,Virginia
49172.statevalue,Texs,Texas
34296.statevalue,Notrh Carolina,North Carolina
26948.statevalue,issouri,Missouri
44646.statevalue,nTennessee,Tennessee
53423.county,Klickitta,Klickitat
47289.county,ockley,Hockley
53472.county,Masqon,Mason
30630.statevalue,rNebraska,Nebraska
7335.statevalue,eGorgia,Georgia
28490.county,Suullivan,Sullivan
48526.statevalue,Texbas,Texas
53285.statevalue,Washignton,Washington
37088.statevalue,Oho,Ohio
28082.statevalue,Missohuri,Missouri
18467.county,Flton,Fulton
5743.county,Bradfrd,Bradford
27902.county,ewton,Newton
46847.county,Garaz,Garza
29901.statevalue,Nebraka,Nebraska
3497.statevalue,Californai,California
49572.county,Walekr,Walker
32646.statevalue,ew Mexico,New Mexico
37269.county,Hadrin,Hardin
21271.statevalue,aine,Maine
44476.county,Lke,Lake
24807.county,cott,Scott
2824.statevalue,Arkhansas,Arkansas
11789.statevalue,Illinosi,Illinois
25638.county,Iltawamba,Itawamba
2770.county,Mississipi,Mississippi
25422.county,De Sjoto,De Soto
40948.statevalue,Pennsylvanzia,Pennsylvania
47888.statevalue,eTxas,Texas
19074.county,Lon,Lyon
42837.statevalue,South Dakta,South Dakota
38517.statevalue,Olahoma,Oklahoma
34226.statevalue,yNorth Carolina,North Carolina
54454.county,rPeston,Preston
47143.statevalue,Txeas,Texas
12308.statevalue,Illinis,Illinois
25027.county,Washingtnon,Washington
14278.statevalue,Ioa,Iowa
27589.statevalue,Missouiri,Missouri
18393.statevalue,Kentucyk,Kentucky
29795.statevalue,Nebarska,Nebraska
50773.county,Appomoattox,Appomattox
25877.statevalue,Msisissippi,Mississippi
41073.county,eMrcer,Mercer
13933.county,Vemillion,Vermillion
47719.statevalue,Teaxs,Texas
4396.statevalue,Coloraod,Colorado
19879.statevalue,entucky,Kentucky
44215.statevalue,Tennsesee,Tennessee
42635.statevalue,Souh Dakota,South Dakota
52275.county,Warrn,Warren
22213.county,ay,Bay
37255.statevalue,hOio,Ohio
22146.county,Antim,Antrim
5873.county,Csollier,Collier
3688.county,Mendoicno,Mendocino
42117.county,Lancastezr,Lancaster
13083.statevalue,Indiaan,Indiana
1633.county,Yakutt,Yakutat
1788.county,Mawricopa,Maricopa
40921.county,Lackawana,Lackawanna
34537.statevalue,North Crolina,North Carolina
6383.statevalue,lorida,Florida
43287.county,Minre,Miner
51120.county,Cumbearland,Cumberland
2632.statevalue,Akansas,Arkansas
51508.statevalue,Virnginia,Virginia
50573.county,Orage,Orange
2477.statevalue,Arkanssa,Arkansas
44738.county,Montgomexry,Montgomery
52650.statevalue,Virgiina,Virginia
2658.county,LittleRiver,Little River
15544.statevalue,nIowa,Iowa
30286.county,Gae,Gage
13749.statevalue,Indiaa,Indiana
4318.statevalue,Cailfornia,California
1070.county,Smuter,Sumter
56160.county,Crok,Crook
20642.statevalue,Louisiaan,Louisiana
6941.county,Blacon,Bacon
37340.statevalue,Oho,Ohio
13545.county,Prake,Parke
30936.county,ierce,Pierce
55489.statevalue,Wiscosin,Wisconsin
39694.county,Clakcamas,Clackamas
44755.statevalue,Tenenssee,Tennessee
46808.statevalue,exas,Texas
34684.county,Haliax,Halifax
24686.statevalue,Minensota,Minnesota
46597.county,l Paso,El Paso
26480.county,Washigton,Washington
2099.statevalue,Arkavnsas,Arkansas
38556.county,Coamanche,Comanche
416.county,eDallas,Dallas
35124.statevalue,North Caroilna,North Carolina
53100.statevalue,Washingon,Washington
12566.county,aBrown,Brown
6229.county,Jarckson,Jackson
17948.county,oByd,Boyd
14757.statevalue,Iopwa,Iowa
48920.statevalue,Teas,Texas
18256.statevalue,Kentubcky,Kentucky
37346.county,Hockign,Hocking
30097.statevalue,Nebrsaka,Nebraska
28090.county,Plattte,Platte
32239.statevalue,NewMexico,New Mexico
39918.county,Jakcson,Jackson
15125.statevalue,Ioa,Iowa
1764.county,Greenljee,Greenlee
42549.statevalue,South Dakozta,South Dakota
24198.statevalue,Minnsota,Minnesota
43041.county,lJackson,Jackson
44619.county,Macno,Macon
32149.county,Somersest,Somerset
24840.county,Sheburne,Sherburne
39374.statevalue,Oklahoa,Oklahoma
11669.county,Macoupni,Macoupin
17459.county,Segwick,Sedgwick
16810.county,Lbane,Lane
45022.statevalue,Tennessee***,Tennessee
42286.statevalue,Southd Carolina,South Carolina
45007.statevalue,ennessee,Tennessee
54343.statevalue,West Vigrinia,West Virginia
36081.county,rGriggs,Griggs
50653.county,Windsro,Windsor
49776.statevalue,Teas,Texas
10800.county,hampaign,Champaign
398.statevalue,Aabama,Alabama
17106.statevalue,Kamnsas,Kansas
22959.statevalue,Micchigan,Michigan
40095.statevalue,Oergon,Oregon
3494.statevalue,Caifornia,California
19553.county,Pwell,Powell
24619.statevalue,Mindnesota,Minnesota
17810.county,Alen,Allen
52600.statevalue,Virgina,Virginia
23031.statevalue,Mcihigan,Michigan
14525.statevalue,owa,Iowa
53873.county,Cbaell,Cabell
1709.county,Coconno,Coconino
36260.statevalue,Noth Dakota,North Dakota
28266.county,tS Clair,St Clair
21713.county,Somerst,Somerset
34384.statevalue,North Caolina,North Carolina
45741.county,Brokos,Brooks
18866.statevalue,Keontucky,Kentucky
24877.county,Seele,Steele
45401.county,Archre,Archer
16508.county,Gry,Gray
15065.county,cJones,Jones
35026.county,Mtichell,Mitchell
15304.county,Moneona,Monona
2333.statevalue,Arkanas,Arkansas
15886.county,Wrighut,Wright
15543.statevalue,Iwa,Iowa
34281.county,Chewrokee,Cherokee
22120.statevalue,Micxhigan,Michigan
10096.statevalue,Idjaho,Idaho
16719.county,oJhnson,Johnson
31848.statevalue,Newt Jersey,New Jersey
41458.statevalue,Pepnnsylvania,Pennsylvania
33848.county,Washinton,Washington
22485.county,Emmet***,Emmet
42199.county,Maion,Marion
18127.statevalue,Kenucky,Kentucky
6360.statevalue,Floriad,Florida
13850.county,Swizterland,Switzerland
45582.statevalue,Teixas,Texas
21041.county,est Baton Rouge,West Baton Rouge
31310.statevalue,Nebrraska,Nebraska
46849.statevalue,Txas,Texas
17927.statevalue,entucky,Kentucky
11285.county,Heny,Henry
55475.county,Menomnee,Menominee
49699.county,Wilbaregr,Wilbarger
28149.statevalue,Misscouri,Missouri
43315.statevalue,South Dakoat,South Dakota
45694.statevalue,Tjexas,Texas
11239.statevalue,lIlinois,Illinois
40256.statevalue,Oregno,Oregon
56171.statevalue,Wyomnig,Wyoming
51139.statevalue,Virginai,Virginia
1901.statevalue,Aizona,Arizona
41242.statevalue,Pennsyvlania,Pennsylvania
22823.county,Kseweenaw,Keweenaw
18826.county,Johson,Johnson
21002.statevalue,Louisiyana,Louisiana
41726.county,Berkleey,Berkeley
31358.statevalue,Nevadea,Nevada
420.statevalue,Alvabama,Alabama
29838.county,Bron,Brown
37915.county,Putnma,Putnam
19040.county,Lvingston,Livingston
8469.county,ee,Lee
16549.statevalue,ansas,Kansas
6648.county,Putnasm,Putnam
672.county,amar,Lamar
51367.county,reene,Greene
48647.statevalue,Tesxas,Texas
8027.county,Gynn,Glynn
29439.county,Rooseelt,Roosevelt
53056.county,WinchesterCity,Winchester City
45814.statevalue,exas,Texas
5342.statevalue,olorado,Colorado
20075.statevalue,Loouisiana,Louisiana
26464.county,fWarren,Warren
54164.statevalue,West Viginia,West Virginia
53789.statevalue,West Virginika,West Virginia
34988.statevalue,North Caorlina,North Carolina
3989.county,San Luis Obsipo,San Luis Obispo
6524.county,Okeechobee***,Okeechobee
37136.statevalue,hOio,Ohio
40227.county,Wlalowa,Wallowa
32557.statevalue,New Mxico,New Mexico
20029.statevalue,Luoisiana,Louisiana
52646.county,Hampton ity,Hampton City
28921.county,Ferrgus,Fergus
7414.county,Clarek,Clarke
28466.statevalue,iMssouri,Missouri
20548.county,Morehuose,Morehouse
25959.statevalue,Mississppi,Mississippi
20275.county,East Felicaina,East Feliciana
44358.county,Huoston,Houston
32000.county,udson,Hudson
30773.county,Merrick***,Merrick
41837.statevalue,South Caroliina,South Carolina
55316.statevalue,Wiscosnin,Wisconsin
52763.county,Martminsville City,Martinsville City
777.statevalue,Allabama,Alabama
10538.statevalue,Idaoh,Idaho
46672.statevalue,Texsa,Texas
12541.statevalue,Inddiana,Indiana
30439.statevalue,Nrebraska,Nebraska
3955.statevalue,tCalifornia,California
34541.statevalue,North Carolna,North Carolina
12590.county,arroll,Carroll
39806.statevalue,Oreogn,Oregon
11754.statevalue,Illnois,Illinois
1707.county,Cocsonino,Coconino
27597.county,ewis,Lewis
10238.county,Gme,Gem
33521.county,Putnatm,Putnam
19424.statevalue,Kentuccky,Kentucky
9702.county,Wlcox,Wilcox
25182.county,Awmite,Amite
5932.county,Dixixe,Dixie
37945.county,oss,Ross
48105.county,McLennavn,McLennan
48472.county,Nvarro,Navarro
11163.county,Grene,Greene
24434.statevalue,Minngesota,Minnesota
43966.county,Deatur,Decatur
6180.county,Hillsborough***,Hillsborough
27164.statevalue,issouri,Missouri
53409.county,Klckitat,Klickitat
22506.statevalue,ichigan,Michigan
38420.statevalue,Oklahmoa,Oklahoma
15122.statevalue,Ioa,Iowa
15462.county,Plymouuth,Plymouth
4034.county,Sant aClara,Santa Clara
13681.statevalue,ndiana,Indiana
46388.county,Deltca,Delta
34101.county,Brunswikc,Brunswick
6036.county,Giclhrist,Gilchrist
10976.statevalue,llinois,Illinois
17701.county,Washingtion,Washington
15943.statevalue,Knansas,Kansas
25510.statevalue,Missssippi,Mississippi
2501.county,Izndependence,Independence
10666.county,Bod,Bond
34361.county,Coluwmbus,Columbus
23850.county,ook,Cook
31190.statevalue,Nberaska,Nebraska
35270.statevalue,North Carqolina,North Carolina
832.statevalue,Aabama,Alabama
19333.statevalue,Kventucky,Kentucky
42663.statevalue,South Daota,South Dakota
48732.county,Rainks,Rains
25337.statevalue,Msisissippi,Mississippi
28360.statevalue,Misouri,Missouri
10990.statevalue,Illniois,Illinois
44849.statevalue,eTnnessee,Tennessee
992.statevalue,Alabaam,Alabama
9849.county,Aedams,Adams
41761.county,Cahrleston,Charleston
35568.county,Vadnce,Vance
22671.county,Ioina,Ionia
54217.statevalue,West irginia,West Virginia
44317.county,Henury,Henry
34293.county,Cohwan,Chowan
21897.statevalue,Massachusetts***,Massachusetts
36385.statevalue,Noth Dakota,North Dakota
1992.statevalue,Arknsas,Arkansas
12271.statevalue,Illniois,Illinois
42110.county,Lancsater,Lancaster
20947.statevalue,Louisina,Louisiana
6703.county,SantaRosa,Santa Rosa
24225.statevalue,Minneota,Minnesota
12419.statevalue,Illinios,Illinois
47454.statevalue,eTxas,Texas
42182.county,McCrmick,McCormick
43317.statevalue,South sDakota,South Dakota
24025.statevalue,Minnsota,Minnesota
46481.statevalue,Teaxs,Texas
29861.county,Buffao,Buffalo
4311.county,uYba,Yuba
21942.county,ampden,Hampden
30515.county,oHward,Howard
53303.county,Garys Harbor,Grays Harbor
27574.county,Lafayete,Lafayette
22601.county,Hillsdae,Hillsdale
32337.statevalue,New Meico,New Mexico
24131.statevalue,Minnesoat,Minnesota
35156.county,aPmlico,Pamlico
7523.statevalue,Georgiaa,Georgia
3140.statevalue,Arkanssa,Arkansas
46910.statevalue,exas,Texas
47824.statevalue,Texs,Texas
32436.statevalue,New Mehxico,New Mexico
5303.statevalue,Colordao,Colorado
53473.statevalue,Wasihngton,Washington
54776.county,Ashlad,Ashland
46061.statevalue,Tzexas,Texas
7318.statevalue,Georgxia,Georgia
25856.statevalue,rMississippi,Mississippi
50416.county,eWber,Weber
1254.county,Anchorge,Anchorage
51247.county,Franlkin,Franklin
2643.statevalue,rAkansas,Arkansas
42076.statevalue,Sobuth Carolina,South Carolina
11702.statevalue,Illinocis,Illinois
36323.county,Olier,Oliver
3137.county,Sharop,Sharp
29814.county,Byd,Boyd
15177.statevalue,Iowia,Iowa
32984.county,Cnlinton,Clinton
44998.statevalue,Tennssee,Tennessee
32268.county,Chaes,Chaves
43312.county,dMoody,Moody
51690.statevalue,irginia,Virginia
1281.statevalue,Alaksa,Alaska
40277.county,Wheler,Wheeler
44287.statevalue,Tennessece,Tennessee
454.county,Elmotre,Elmore
3647.statevalue,Calitfornia,California
13819.county,Seuben,Steuben
40340.county,Armstroqng,Armstrong
9774.county,Hawiai,Hawaii
19936.statevalue,Kentucy,Kentucky
31082.county,Sanuders,Saunders
13482.statevalue,Indiajna,Indiana
54420.statevalue,West iVrginia,West Virginia
52807.statevalue,Virgiia,Virginia
31174.statevalue,Nebrsaka,Nebraska
5710.statevalue,lForida,Florida
12592.county,Carrll,Carroll
3264.statevalue,Arkansams,Arkansas
46014.statevalue,Texcas,Texas
12378.county,Whitesidee,Whiteside
41799.county,Ckhester,Chester
12721.statevalue,Indiaa,Indiana
3839.statevalue,Claifornia,California
38120.county,Unin,Union
21378.county,Yokr,York
19616.county,Rockcastel,Rockcastle
39868.statevalue,Orgeon,Oregon
53402.statevalue,Wamshington,Washington
4528.county,Conjos,Conejos
50935.county,Buckignham,Buckingham
9456.county,Twigsg,Twiggs
1234.statevalue,Alaka,Alaska
16668.statevalue,Kasas,Kansas
44987.statevalue,Tennesdsee,Tennessee
28895.statevalue,Monqtana,Montana
3534.county,Kenr,Kern
39422.county,Roger iMills,Roger Mills
40173.statevalue,Oregno,Oregon
12774.statevalue,nIdiana,Indiana
21562.county,Federick,Frederick
7456.statevalue,Goeorgia,Georgia
56205.county,Hjot Springs,Hot Springs
49080.statevalue,eTxas,Texas
43201.statevalue,South Daokta,South Dakota
28803.county,Choteau,Chouteau
44584.statevalue,Tenneissee,Tennessee
37328.statevalue,Oiho,Ohio
48176.county,Martn,Martin
46914.county,Gnozales,Gonzales
26594.county,nYazoo,Yazoo
51957.county,Prince Georeg,Prince George
34742.county,ertford,Hertford
43683.county,Bedsoe,Bledsoe
50593.statevalue,ermont,Vermont
46231.county,Cotle,Cottle
20425.county,eJfferson Davis,Jefferson Davis
7531.county,Cuolumbia,Columbia
50433.statevalue,Vecrmont,Vermont
50888.county,Brunwsick,Brunswick
1660.county,dApache,Apache
12761.statevalue,Indina,Indiana
6213.county,ndian River,Indian River
43176.statevalue,South akota,South Dakota
4990.county,incoln,Lincoln
6220.county,Intdian River,Indian River
40441.statevalue,Pennsylvnaia,Pennsylvania
29024.county,Grnite,Granite
63.statevalue,Alabaam,Alabama
2998.county,Pualski,Pulaski
20700.county,Rihcland,Richland
17367.county,Roks,Rooks
37304.statevalue,Ohoi,Ohio
24052.statevalue,Minnnesota,Minnesota
37788.county,tOttawa,Ottawa
33193.statevalue,New yYork,New York
34075.county,Blakden,Bladen
31788.statevalue,New cHampshire,New Hampshire
35656.county,Wawyne,Wayne
43045.county,Jaqckson,Jackson
21607.statevalue,Marylnad,Maryland
8606.statevalue,Georga,Georgia
37398.county,mJackson,Jackson
39244.statevalue,Olkahoma,Oklahoma
46116.statevalue,Texsa,Texas
1793.statevalue,Araizona,Arizona
15362.statevalue,Iwa,Iowa
51392.county,Haliax,Halifax
36200.statevalue,North Dakoa,North Dakota
2531.statevalue,Arkanss,Arkansas
32975.county,Chneango,Chenango
195.statevalue,Albama,Alabama
42012.statevalue,Soulth Carolina,South Carolina
5481.statevalue,Connceticut,Connecticut
12664.statevalue,Idniana,Indiana
49120.county,herman,Sherman
19100.statevalue,Kentucyk,Kentucky
18503.county,Garrxard,Garrard
50380.statevalue,Utha,Utah
10620.statevalue,Idho,Idaho
23059.statevalue,Michian,Michigan
3350.statevalue,Clifornia,California
20813.statevalue,Loisiana,Louisiana
23215.county,mOceana,Oceana
13776.county,Spnecer,Spencer
2775.statevalue,Arkansmas,Arkansas
37837.county,Pikckaway,Pickaway
11922.statevalue,Illincois,Illinois
1547.county,Switka,Sitka
23512.county,Wastenaw,Washtenaw
1581.statevalue,dAlaska,Alaska
31700.statevalue,New Hmpshire,New Hampshire
23521.statevalue,Mfichigan,Michigan
28407.statevalue,Missouri***,Missouri
1374.county,Junaeu,Juneau
45519.statevalue,Texaes,Texas
43494.county,oTdd,Todd
24247.county,Lake of The Woosd,Lake of The Woods
26736.statevalue,iMssouri,Missouri
24103.statevalue,Minnbesota,Minnesota
33616.statevalue,Ne wYork,New York
52162.county,Smyh,Smyth
40692.statevalue,Pmennsylvania,Pennsylvania
484.statevalue,Alvabama,Alabama
34973.statevalue,Norht Carolina,North Carolina
11084.county,Faeytte,Fayette
48675.statevalue,Texsa,Texas
30921.county,Phyelps,Phelps
29574.county,Tetn,Teton
26481.statevalue,Missisippi,Mississippi
50302.statevalue,Utalh,Utah
24409.county,MilleLacs,Mille Lacs
42104.statevalue,outh Carolina,South Carolina
45361.statevalue,Texaxs,Texas
11482.county,Knoqx,Knox
18677.county,Hatr,Hart
7577.statevalue,Goergia,Georgia
29672.statevalue,oMntana,Montana
13040.county,enry,Henry
23105.statevalue,ichigan,Michigan
6132.statevalue,lorida,Florida
31984.county,Gloucetser,Gloucester
45179.statevalue,Tenenssee,Tennessee
24282.county,eL Sueur,Le Sueur
28238.county,Riplye,Ripley
46457.county,Dicknes,Dickens
25288.statevalue,Mississppi,Mississippi
5474.statevalue,Connecitcut,Connecticut
46803.statevalue,Texsa,Texas
36657.county,ells,Wells
1433.statevalue,Ailaska,Alaska
37200.county,rGeene,Greene
13398.statevalue,Indiaqna,Indiana
54878.county,Brnett,Burnett
37128.county,Fraknlin,Franklin
45155.statevalue,Tnnessee,Tennessee
33644.county,Schenetcady,Schenectady
27056.statevalue,Mrissouri,Missouri
16212.statevalue,Kanass,Kansas
29041.county,ill,Hill
20592.statevalue,Louiisana,Louisiana
23307.county,tsego,Otsego
39848.county,Gilliaim,Gilliam
38598.statevalue,Okalhoma,Oklahoma
36926.statevalue,hio,Ohio
5007.statevalue,Coorado,Colorado
43177.statevalue,South Dakotva,South Dakota
36466.statevalue,North Daota,North Dakota
51990.county,Piulaski,Pulaski
30362.county,Grnat,Grant
22375.statevalue,Michiagn,Michigan
21496.county,Cyecil,Cecil
47814.county,Lmaar,Lamar
51726.statevalue,Virgina,Virginia
45137.statevalue,Tnnessee,Tennessee
40700.statevalue,Pennfsylvania,Pennsylvania
55450.statevalue,Wisconisn,Wisconsin
43595.statevalue,Soutth Dakota,South Dakota
55425.statevalue,Wiscnosin,Wisconsin
5424.county,Washignton,Washington
52832.county,Petersburgs City,Petersburg City
14277.statevalue,Iowha,Iowa
37663.statevalue,Ohoi,Ohio
18238.statevalue,Kenucky,Kentucky
16900.statevalue,Kanssa,Kansas
11127.county,Fultodn,Fulton
33379.county,Niaagra,Niagara
12669.statevalue,Indaina,Indiana
38348.statevalue,Oklahoam,Oklahoma
12205.county,Stephenon,Stephenson
45126.statevalue,Tnnessee,Tennessee
36726.county,Ashlnad,Ashland
12755.county,e Kalb,De Kalb
49505.statevalue,Texsa,Texas
11114.statevalue,llinois,Illinois
16358.county,Ellsi,Ellis
28407.county,Shanon,Shannon
55662.county,Prifce,Price
162.county,Chambesr,Chambers
36161.statevalue,orth Dakota,North Dakota
585.statevalue,Alabajma,Alabama
35945.statevalue,Notrh Dakota,North Dakota
14955.county,Ia,Ida
53265.county,Garield,Garfield
41630.statevalue,Srouth Carolina,South Carolina
9708.county,Wlikes,Wilkes
37040.county,Defance,Defiance
24451.county,ower,Mower
44957.statevalue,Tennlessee,Tennessee
23466.statevalue,Minchigan,Michigan
13614.statevalue,Idiana,Indiana
56436.county,Washaike,Washakie
29592.county,Tyoole,Toole
43061.county,Jeorauld,Jerauld
22324.county,Charlegvoix,Charlevoix
23584.county,Ankoa,Anoka
23981.statevalue,Minneota,Minnesota
9254.county,Tattnll,Tattnall
2779.county,Monrjoe,Monroe
4147.county,Sonoa,Sonoma
33524.county,Ptunam,Putnam
13839.statevalue,Indinaa,Indiana
38709.statevalue,Oklahoam,Oklahoma
13474.statevalue,ndiana,Indiana
21036.county,West Baton Rkouge,West Baton Rouge
20011.statevalue,Louisiaa,Louisiana
30732.county,MPcherson,McPherson
25114.county,Yellow Mediine,Yellow Medicine
39552.statevalue,Okclahoma,Oklahoma
39368.statevalue,Oklkahoma,Oklahoma
1562.county,Skagway Hoonah Anguoon,Skagway Hoonah Angoon
8593.statevalue,Georgkia,Georgia
29534.statevalue,Motnana,Montana
33981.statevalue,North hCarolina,North Carolina
37046.county,Deaware,Delaware
53708.statevalue,ashington,Washington
47989.county,Live cOak,Live Oak
15390.statevalue,oIwa,Iowa
7171.statevalue,Gerorgia,Georgia
22834.statevalue,Micigan,Michigan
26910.county,Carorll,Carroll
24866.county,Stearnws,Stearns
7539.statevalue,Gerogia,Georgia
2196.statevalue,rkansas,Arkansas
6616.statevalue,Flornida,Florida
5490.statevalue,Cnnecticut,Connecticut
35977.statevalue,Noth Dakota,North Dakota
29478.county,Sanedrs,Sanders
8897.statevalue,eorgia,Georgia
43527.statevalue,SouthD akota,South Dakota
27709.statevalue,Missouir,Missouri
41139.statevalue,Pensylvania,Pennsylvania
9033.county,Rbun,Rabun
17340.statevalue,Kannsas,Kansas
34804.statevalue,Nforth Carolina,North Carolina
14250.county,Boonhe,Boone
16518.statevalue,Kanass,Kansas
14109.statevalue,Ijndiana,Indiana
21691.statevalue,Marylawnd,Maryland
55514.county,Ocoto,Oconto
12082.county,St Clir,St Clair
22182.statevalue,Michvigan,Michigan
53205.statevalue,Washingtno,Washington
20129.county,xCaldwell,Caldwell
55398.county,Mantiowoc,Manitowoc
260.statevalue,Alabxama,Alabama
47291.county,Hockaley,Hockley
21236.county,Linucoln,Lincoln
6689.statevalue,Floida,Florida
48279.county,sMidland,Midland
23645.county,Bnton,Benton
43051.county,Jacksn,Jackson
27293.county,rGeene,Greene
87.statevalue,Alabma,Alabama
26785.statevalue,Missouir,Missouri
11364.statevalue,Illinoies,Illinois
53085.county,Aostin,Asotin
5607.statevalue,Conecticut,Connecticut
36534.statevalue,Nlorth Dakota,North Dakota
34317.county,Clya,Clay
24919.county,Swivft,Swift
49645.statevalue,eTxas,Texas
54542.county,Roanle,Roane
7513.statevalue,eorgia,Georgia
13496.statevalue,mIndiana,Indiana
14080.statevalue,ndiana,Indiana
51716.statevalue,Vrginia,Virginia
6045.statevalue,Forida,Florida
14865.statevalue,Ioaw,Iowa
6242.statevalue,Fflorida,Florida
34836.statevalue,North Carolinsa,North Carolina
56133.statevalue,Wymoing,Wyoming
4885.statevalue,Colroado,Colorado
39685.county,Bentopn,Benton
54579.county,Tayolr,Taylor
54276.statevalue,eWst Virginia,West Virginia
18940.county,ee,Lee
23677.county,Blue Eatrth,Blue Earth
43907.county,wCrockett,Crockett
23863.statevalue,innesota,Minnesota
34273.county,Cherokee***,Cherokee
2508.county,zard,Izard
43437.county,pink,Spink
20519.county,Lviingston,Livingston
25787.county,Lmaar,Lamar
37104.statevalue,hio,Ohio
35600.county,arren,Warren
2571.county,Johsnon,Johnson
53217.county,Dougalas,Douglas
29120.statevalue,Mntana,Montana
49533.county,Vanf Zandt,Van Zandt
43001.statevalue,SouthD akota,South Dakota
52151.county,Smyh,Smyth
53090.statevalue,Wrashington,Washington
29655.county,Wbiaux,Wibaux
13443.statevalue,Indaina,Indiana
46665.statevalue,eTxas,Texas
40271.county,Whreeler,Wheeler
52052.statevalue,irginia,Virginia
10434.county,Minidoak,Minidoka
36434.statevalue,North Dakvota,North Dakota
15020.statevalue,Iwa,Iowa
33.statevalue,Alabfama,Alabama
23959.county,Fillmwore,Fillmore
23174.county,Newygo,Newaygo
19338.county,Monmtgomery,Montgomery
10753.statevalue,Illinoixs,Illinois
56073.county,Big Hhorn,Big Horn
30834.county,Nemahqa,Nemaha
40445.statevalue,Pennsylvania***,Pennsylvania
56315.statevalue,yWoming,Wyoming
30675.county,iLncoln,Lincoln
46720.statevalue,eTxas,Texas
38262.county,Wyazndot,Wyandot
29703.statevalue,Nerbaska,Nebraska
56399.statevalue,Wyomng,Wyoming
21986.county,antucket,Nantucket
42978.county,Hardnig,Harding
52521.statevalue,iVrginia,Virginia
39593.county,Washignton,Washington
9074.county,Rckdale,Rockdale
24639.statevalue,Minneshota,Minnesota
7915.county,lFoyd,Floyd
32724.county,Sierora,Sierra
25033.county,Washdington,Washington
35813.statevalue,North Dakta,North Dakota
33695.county,Scuhyler,Schuyler
45670.statevalue,Thexas,Texas
2769.statevalue,Arkajnsas,Arkansas
14232.county,lack Hawk,Black Hawk
9309.county,Terrelwl,Terrell
29599.county,Trasure,Treasure
54590.statevalue,West Virguinia,West Virginia
24636.statevalue,Minnesoa,Minnesota
51349.statevalue,Virginmia,Virginia
8325.statevalue,eorgia,Georgia
6485.county,Nasxsau,Nassau
32439.county,Hialgo,Hidalgo
7194.county,urke,Burke
7999.county,Glscock,Glascock
27796.county,Mississiippi,Mississippi
11222.statevalue,Illnois,Illinois
50263.statevalue,Utzah,Utah
25436.statevalue,Missixssippi,Mississippi
26160.statevalue,Missicssippi,Mississippi
13815.county,Steben,Steuben
25459.statevalue,Mississippni,Mississippi
49411.statevalue,Texacs,Texas
44348.statevalue,Tennessee***,Tennessee
29605.county,Treasuer,Treasure
6493.county,Nasau,Nassau
34456.statevalue,North Caroina,North Carolina
22851.county,Ladpeer,Lapeer
35542.statevalue,North Carolian,North Carolina
32526.county,Lnua,Luna
40281.county,Wxheeler,Wheeler
15650.county,Tma,Tama
19800.statevalue,Kentucyk,Kentucky
5947.statevalue,Flroida,Florida
3330.county,Aador,Amador
9978.county,Bonner***,Bonner
47877.county,LaSalle,La Salle
36878.statevalue,Oho,Ohio
10493.statevalue,daho,Idaho
54181.statevalue,West Virinia,West Virginia
44185.statevalue,Tennessee***,Tennessee
978.statevalue,lAabama,Alabama
55688.statevalue,isconsin,Wisconsin
18853.county,Knoatt,Knott
8270.statevalue,Gerogia,Georgia
48648.county,rParmer,Parmer
49249.statevalue,Texyas,Texas
11436.statevalue,Ilinois,Illinois
38748.county,Garnt,Grant
50852.statevalue,Virgiina,Virginia
38415.statevalue,Oklahoam,Oklahoma
32408.county,Guadalfupe,Guadalupe
10804.county,Chirstian,Christian
22971.statevalue,Michgian,Michigan
53008.county,Virginia Beach Cirty,Virginia Beach City
8451.statevalue,Georgai,Georgia
36069.statevalue,North aDkota,North Dakota
33444.statevalue,New Yrok,New York
43565.county,aWlworth,Walworth
52517.county,Dansville City,Danville City
28239.statevalue,Misssouri,Missouri
14099.county,Whitljey,Whitley
47858.county,Ldampasas,Lampasas
36962.county,Coshoctozn,Coshocton
3530.county,Kergn,Kern
28921.statevalue,Montnaa,Montana
52356.statevalue,Vilrginia,Virginia
28278.statevalue,iMssouri,Missouri
43321.county,lMoody,Moody
41586.statevalue,RhodeI sland,Rhode Island
42722.county,Dvaison,Davison
51407.county,Halimfax,Halifax
32258.county,Chaes,Chaves
36430.statevalue,Nort hDakota,North Dakota
13100.statevalue,Indniana,Indiana
7546.statevalue,Georgai,Georgia
26945.statevalue,Missouri***,Missouri
51655.statevalue,Virqginia,Virginia
6588.county,Plam Beach,Palm Beach
6198.statevalue,Flroida,Florida
42255.county,Oqconee,Oconee
35340.statevalue,North Caolina,North Carolina
44014.statevalue,Tenhnessee,Tennessee
34755.county,Hertfoerd,Hertford
35466.statevalue,oNrth Carolina,North Carolina
14670.statevalue,Ioaw,Iowa
8026.county,Glyndn,Glynn
7422.county,Cay,Clay
12718.statevalue,Indaina,Indiana
48369.statevalue,Teaxs,Texas
46026.county,Clamy,Clay
29581.county,Toolce,Toole
43300.statevalue,South Dakoa,South Dakota
5341.county,an Juan,San Juan
55912.county,pWalworth,Walworth
13996.statevalue,Indinaa,Indiana
6506.statevalue,Fclorida,Florida
24765.statevalue,Minnseota,Minnesota
14964.statevalue,owa,Iowa
10310.statevalue,Idaoh,Idaho
28017.statevalue,iMssouri,Missouri
49637.statevalue,Texs,Texas
41011.statevalue,Pennsylavnia,Pennsylvania
20432.statevalue,Louiksiana,Louisiana
17017.statevalue,Knasas,Kansas
9415.statevalue,Georgina,Georgia
50643.county,Windhqam,Windham
34950.statevalue,North Carloina,North Carolina
54145.county,Lincon,Lincoln
16007.statevalue,ansas,Kansas
54203.statevalue,West Virfginia,West Virginia
3426.county,ElDorado,El Dorado
56335.county,Platet,Platte
15743.county,Wraren,Warren
2228.county,Crawfrod,Crawford
38380.statevalue,Oklahoam,Oklahoma
42806.county,Eddmunds,Edmunds
25503.county,Grene,Greene
46153.county,iComanche,Comanche
5605.county,indham,Windham
29255.county,Musselnshell,Musselshell
18850.county,Knott***,Knott
36440.statevalue,Norh Dakota,North Dakota
12146.statevalue,Ilinois,Illinois
14614.statevalue,oIwa,Iowa
17382.statevalue,aKnsas,Kansas
38344.statevalue,Oklahoam,Oklahoma
37750.county,uMskingum,Muskingum
39355.statevalue,Oklaoma,Oklahoma
46548.county,Ewctor,Ector
20487.county,Lincooln,Lincoln
39868.county,Garnt,Grant
8598.statevalue,Georia,Georgia
45032.county,Shelbwy,Shelby
39769.county,Croko,Crook
50681.statevalue,Virignia,Virginia
27153.statevalue,Missourwi,Missouri
15372.statevalue,Ioa,Iowa
6367.statevalue,Floida,Florida
35143.county,Oragne,Orange
48426.county,Motlye,Motley
25148.statevalue,Missuissippi,Mississippi
2033.county,Bradlye,Bradley
26365.county,Taate,Tate
42754.county,Dueel,Deuel
35560.county,Varnce,Vance
6693.statevalue,Flobrida,Florida
42246.statevalue,outh Carolina,South Carolina
33.county,Badlwin,Baldwin
28481.statevalue,Missoui,Missouri
36996.statevalue,nOhio,Ohio
39312.statevalue,Oklahomea,Oklahoma
28753.county,Carobn,Carbon
47141.statevalue,eTxas,Texas
9007.statevalue,Geworgia,Georgia
41965.statevalue,Souht Carolina,South Carolina
50183.county,Piuet,Piute
35090.county,New Haover,New Hanover
28836.statevalue,Montaqna,Montana
24410.statevalue,Minesota,Minnesota
54724.statevalue,Wesyt Virginia,West Virginia
55273.county,Jnueau,Juneau
52003.county,Rapphaannock,Rappahannock
43503.statevalue,South Dnakota,South Dakota
2207.statevalue,rAkansas,Arkansas
739.statevalue,labama,Alabama
27910.statevalue,issouri,Missouri
43200.county,Mcook,McCook
15356.county,Musactine,Muscatine
31118.statevalue,Nebrasak,Nebraska
3966.county,San Jnoaquin,San Joaquin
32757.statevalue,New uMexico,New Mexico
659.statevalue,Alabaam,Alabama
24294.county,Linoln,Lincoln
6702.county,SantaRosa,Santa Rosa
2148.county,Clveeland,Cleveland
13184.statevalue,Idiana,Indiana
47244.statevalue,Texsa,Texas
2990.statevalue,Arkanxsas,Arkansas
54118.statevalue,bWest Virginia,West Virginia
30553.county,Johnsgon,Johnson
7286.county,Craroll,Carroll
34741.county,Herford,Hertford
31486.county,Ladner,Lander
14630.statevalue,Iwoa,Iowa
14360.county,Carroll***,Carroll
55729.statevalue,Wisconsni,Wisconsin
12346.statevalue,Illinbois,Illinois
53233.county,Feryr,Ferry
17303.county,Republci,Republic
46590.county,l Paso,El Paso
1438.statevalue,Alaksa,Alaska
875.county,Moile,Mobile
54695.county,nWetzel,Wetzel
6943.county,Baicon,Bacon
1239.county,AleutiansWest,Aleutians West
53866.statevalue,West Virgina,West Virginia
17056.statevalue,Knsas,Kansas
25083.statevalue,Mingnesota,Minnesota
46885.statevalue,Texs,Texas
18870.statevalue,Knetucky,Kentucky
710.statevalue,Alabauma,Alabama
10272.county,Iaho,Idaho
38146.county,inton,Vinton
12926.county,Grat,Grant
21711.county,Someset,Somerset
24017.county,Gant,Grant
13820.county,Steubken,Steuben
32348.statevalue,Nw Mexico,New Mexico
39651.county,Woodwadrd,Woodward
34221.statevalue,Nortzh Carolina,North Carolina
11461.county,Kednall,Kendall
15565.county,aSc,Sac
33575.county,Richmhond,Richmond
35870.county,Burleihgh,Burleigh
47680.statevalue,Txas,Texas
44422.county,Jeffeson,Jefferson
42811.statevalue,South Dakotfa,South Dakota
35470.county,Srry,Surry
7002.county,Baks,Banks
9336.statevalue,eGorgia,Georgia
2350.statevalue,Arkasas,Arkansas
21310.statevalue,Maien,Maine
2768.county,Mississippi***,Mississippi
39131.county,Mvarshall,Marshall
23152.county,Msukegon,Muskegon
28777.statevalue,Montaa,Montana
33527.county,utnam,Putnam
30165.county,Ddoge,Dodge
15303.statevalue,tIowa,Iowa
1369.county,uneau,Juneau
39152.statevalue,Oklhaoma,Oklahoma
27712.statevalue,Missuri,Missouri
8637.statevalue,Geaorgia,Georgia
18956.statevalue,Ketnucky,Kentucky
44917.statevalue,Tennjessee,Tennessee
10846.county,Cly,Clay
50545.county,amoille,Lamoille
15176.statevalue,Iofwa,Iowa
17640.statevalue,Kanssa,Kansas
52524.county,Danvill City,Danville City
43461.statevalue,South Dakxota,South Dakota
53449.statevalue,Washingtn,Washington
55188.statevalue,Wiconsin,Wisconsin
34894.county,Lenkoir,Lenoir
4602.statevalue,Cloorado,Colorado
27412.statevalue,Missqouri,Missouri
12942.county,Gdrant,Grant
16365.county,Ellswcorth,Ellsworth
53656.county,bStevens,Stevens
275.statevalue,Alabalma,Alabama
54912.county,Chippwa,Chippewa
1767.statevalue,Arizonqa,Arizona
48208.county,Maatgorda,Matagorda
25355.statevalue,Mississpipi,Mississippi
13426.county,ontgomery,Montgomery
1802.county,lMohave,Mohave
9644.statevalue,Georgai,Georgia
46346.county,allas,Dallas
48729.statevalue,nTexas,Texas
22728.county,Isabevlla,Isabella
21808.county,Banltimore City,Baltimore City
6804.statevalue,lorida,Florida
33949.county,Alxander,Alexander
8073.county,Greenhe,Greene
49967.county,Cabon,Carbon
13598.statevalue,Indianea,Indiana
34195.statevalue,Northp Carolina,North Carolina
12505.county,Bartohlomew,Bartholomew
18243.county,dClay,Clay
32495.statevalue,New Mexioc,New Mexico
964.statevalue,lAabama,Alabama
35045.county,oMntgomery,Montgomery
15830.county,inneshiek,Winneshiek
29698.statevalue,Nebarska,Nebraska
38559.county,otton,Cotton
53868.county,lCabell,Cabell
46456.statevalue,Texsa,Texas
46543.county,Etor,Ector
33946.county,Alamace,Alamance
16566.county,lHamilton,Hamilton
1455.county,Matanska Susitna,Matanuska Susitna
51615.statevalue,irginia,Virginia
38256.county,yandot,Wyandot
6538.statevalue,Folrida,Florida
3940.county,aSn Diego,San Diego
12817.statevalue,nIdiana,Indiana
21542.county,Dorhcester,Dorchester
21009.county,Wester,Webster
51421.statevalue,Virignia,Virginia
37981.statevalue,Ohoi,Ohio
9430.county,rToup,Troup
47772.county,Kiinney,Kinney
25557.county,Harrisno,Harrison
4930.county,Lakde,Lake
25940.county,Mraion,Marion
28105.statevalue,Missoduri,Missouri
16951.county,Marshaldl,Marshall
38102.county,Tucsarawas,Tuscarawas
42013.county,reenwood,Greenwood
10725.statevalue,Illionis,Illinois
24494.county,Nicolelt,Nicollet
12606.statevalue,Indina,Indiana
36870.statevalue,Ohiyo,Ohio
49600.statevalue,Tbexas,Texas
3632.statevalue,Califcornia,California
39515.statevalue,Oklahmoa,Oklahoma
50847.county,Bedfofrd,Bedford
47635.statevalue,Tedxas,Texas
12030.statevalue,Illitnois,Illinois
56381.county,Sweetwater***,Sweetwater
31491.county,Laner,Lander
5823.county,Charlote,Charlotte
44924.statevalue,Tennessebe,Tennessee
28968.statevalue,Montaan,Montana
2661.statevalue,xArkansas,Arkansas
31996.county,Hudison,Hudson
18350.county,Elbliott,Elliott
2411.statevalue,Arkanass,Arkansas
45414.statevalue,Tzexas,Texas
39778.county,Cprook,Crook
3431.statevalue,Californpia,California
45717.county,Brewtser,Brewster
56439.county,Washaie,Washakie
19306.statevalue,Kentuckoy,Kentucky
34210.statevalue,Nroth Carolina,North Carolina
26114.statevalue,qMississippi,Mississippi
7305.statevalue,Gerogia,Georgia
848.statevalue,Alabaa,Alabama
11050.county,Edwarsd,Edwards
15897.county,Allne,Allen
37825.statevalue,hOio,Ohio
49350.county,Throckmortno,Throckmorton
7314.county,Charlotn,Charlton
44328.statevalue,Tenenssee,Tennessee
35420.statevalue,North Crolina,North Carolina
1041.county,St iClair,St Clair
42000.statevalue,SouthCarolina,South Carolina
1497.county,Northwest Arctci,Northwest Arctic
50538.statevalue,uVermont,Vermont
51028.statevalue,Viginia,Virginia
13944.county,Vermilliwon,Vermillion
46191.county,Cooek,Cooke
30847.county,Nuckols,Nuckolls
12435.statevalue,llinois,Illinois
20809.county,Sth Landry,St Landry
23585.county,Anoa,Anoka
13712.statevalue,Indinaa,Indiana
8805.statevalue,wGeorgia,Georgia
7198.county,Buxrke,Burke
30585.statevalue,Nebraskda,Nebraska
6397.county,Mantaee,Manatee
15653.statevalue,Ioaw,Iowa
3771.county,Naa,Napa
547.county,Geneav,Geneva
34119.county,Buncmobe,Buncombe
2089.county,Clakr,Clark
50246.statevalue,Uth,Utah
46340.county,allas,Dallas
28043.statevalue,Missnouri,Missouri
34191.county,Camdebn,Camden
29394.county,Praisrie,Prairie
55362.county,Langlae,Langlade
47061.county,Hamiltorn,Hamilton
20474.county,La Salloe,La Salle
36859.statevalue,Oio,Ohio
7213.statevalue,Georgiza,Georgia
9841.statevalue,Idao,Idaho
18835.county,eKnton,Kenton
45654.statevalue,Tpexas,Texas
28180.statevalue,Misouri,Missouri
18387.statevalue,Kenucky,Kentucky
8001.statevalue,Gergia,Georgia
23934.county,ouglas,Douglas
38816.county,Haskll,Haskell
25421.statevalue,xMississippi,Mississippi
25030.county,Washingtn,Washington
6301.statevalue,Floida,Florida
24071.county,Hubbrad,Hubbard
7619.county,Daed,Dade
5689.statevalue,Floriad,Florida
7853.county,Evns,Evans
41189.statevalue,Pennsaylvania,Pennsylvania
4370.county,Araahoe,Arapahoe
27914.county,Newotn,Newton
47156.county,Harirson,Harrison
21966.county,iddlesex,Middlesex
26754.statevalue,Misouri,Missouri
756.county,iLmestone,Limestone
18618.county,Hrdin,Hardin
2143.county,Clevelanpd,Cleveland
14753.county,Fremyont,Fremont
31839.county,Slulivan,Sullivan
23189.statevalue,mMichigan,Michigan
10397.statevalue,Idaoh,Idaho
41571.county,Providenec,Providence
51703.county,bMecklenburg,Mecklenburg
28494.county,Sullivan***,Sullivan
6759.statevalue,Flroida,Florida
45098.statevalue,wTennessee,Tennessee
11463.county,endall,Kendall
41429.statevalue,Pennsyzlvania,Pennsylvania
40434.statevalue,Pennsylvaia,Pennsylvania
1002.county,Rnadolph,Randolph
46931.county,ray,Gray
48662.county,ecos,Pecos
35982.statevalue,North Daokta,North Dakota
50634.statevalue,Vermnt,Vermont
31993.county,Hudsaon,Hudson
2707.county,aMdison,Madison
46157.county,Comache,Comanche
50227.county,an Juan,San Juan
40443.statevalue,Pennsylvanai,Pennsylvania
11043.county,Edwadrs,Edwards
11682.statevalue,lIlinois,Illinois
35058.statevalue,North Carolnia,North Carolina
55461.county,Menoimnee,Menominee
46557.statevalue,Texars,Texas
45152.county,Uincoi,Unicoi
26001.county,tMontgomery,Montgomery
51427.county,Henirco,Henrico
56194.statevalue,Woyming,Wyoming
18213.county,Christiagn,Christian
19062.statevalue,Kentucyk,Kentucky
50342.statevalue,Utarh,Utah
23540.county,Wayen,Wayne
25078.county,Wiona,Winona
19816.statevalue,entucky,Kentucky
16026.county,nButler,Butler
91.county,Blulock,Bullock
44929.statevalue,Tennesee,Tennessee
26274.county,Simpsown,Simpson
34117.statevalue,North Carolian,North Carolina
3558.statevalue,Caliofrnia,California
55613.statevalue,Wisonsin,Wisconsin
13125.statevalue,Indina,Indiana
14237.statevalue,Ioaw,Iowa
49677.county,Wheler,Wheeler
9710.county,Wilkse,Wilkes
30336.county,Goesper,Gosper
27159.statevalue,Msisouri,Missouri
23327.county,Ottaaw,Ottawa
20194.statevalue,jLouisiana,Louisiana
8746.statevalue,Georcgia,Georgia
53640.county,pokane,Spokane
1219.county,Aleuitans East,Aleutians East
26662.statevalue,Misouri,Missouri
14450.statevalue,Iwoa,Iowa
27304.county,reene,Greene
9582.county,Washnigton,Washington
6743.county,Semniole,Seminole
47716.county,Kearr,Kerr
30569.statevalue,rNebraska,Nebraska
461.county,lmore,Elmore
37621.county,Migs,Meigs
4379.county,Arcchuleta,Archuleta
9929.statevalue,daho,Idaho
15876.county,Worht,Worth
32048.county,Middelsex,Middlesex
48048.county,ubbock,Lubbock
32398.statevalue,New exico,New Mexico
47747.county,Kign,King
15096.county,Kosuth,Kossuth
39475.statevalue,Oklahoam,Oklahoma
13934.statevalue,Inhdiana,Indiana
17607.county,Sumnr,Sumner
5143.statevalue,oClorado,Colorado
33776.statevalue,New oYork,New York
53148.county,Chlallam,Clallam
55576.statevalue,isconsin,Wisconsin
11813.statevalue,Illinois***,Illinois
1993.county,Bentn,Benton
10867.statevalue,mIllinois,Illinois
12572.statevalue,Indiaan,Indiana
40020.county,Lncoln,Lincoln
53459.statevalue,Washingtno,Washington
33620.statevalue,New Yorak,New York
39877.statevalue,regon,Oregon
29567.county,Teotn,Teton
38560.county,Coton,Cotton
39327.county,Pwanee,Pawnee
29379.county,Paririe,Prairie
2551.statevalue,Arkanas,Arkansas
42684.county,Corsno,Corson
45131.county,Trousdle,Trousdale
49726.statevalue,Texsa,Texas
3994.statevalue,Calfifornia,California
19972.statevalue,Louisana,Louisiana
23883.statevalue,Minynesota,Minnesota
41055.county,McKena,McKean
8865.county,Pualding,Paulding
5974.statevalue,Floida,Florida
16796.county,Laen,Lane
6653.statevalue,Floria,Florida
52004.county,appahannock,Rappahannock
10122.county,Clarck,Clark
17823.statevalue,Kenutcky,Kentucky
31907.statevalue,New Jersy,New Jersey
10029.statevalue,Idaoh,Idaho
23485.statevalue,nMichigan,Michigan
8968.county,Pulaksi,Pulaski
10523.statevalue,daho,Idaho
6510.county,Oaloosa,Okaloosa
22699.county,Iraon,Iron
51252.county,gFranklin,Franklin
5643.county,Ne wCastle,New Castle
34340.county,Clveeland,Cleveland
13187.county,Johnsno,Johnson
20494.statevalue,Louisiarna,Louisiana
24772.county,Roseu,Roseau
19679.county,Sheby,Shelby
20578.statevalue,Loisiana,Louisiana
49808.statevalue,exas,Texas
5353.statevalue,Coljorado,Colorado
186.county,Cilton,Chilton
14922.county,Hoawrd,Howard
26739.statevalue,Mbissouri,Missouri
29926.statevalue,Nebrasak,Nebraska
16953.county,tMarshall,Marshall
36065.statevalue,Nrth Dakota,North Dakota
3328.county,Amawdor,Amador
38906.county,jKay,Kay
45035.statevalue,Tennessee***,Tennessee
54579.statevalue,Westi Virginia,West Virginia
44160.county,Grudy,Grundy
15791.county,ebster,Webster
28554.statevalue,iMssouri,Missouri
37048.county,Delaare,Delaware
13534.county,Owne,Owen
18253.county,Clrinton,Clinton
43297.statevalue,Soth Dakota,South Dakota
22602.county,Hillsale,Hillsdale
48048.statevalue,Tefxas,Texas
23096.county,Monrote,Monroe
16122.statevalue,rKansas,Kansas
20010.statevalue,Louisinaa,Louisiana
40474.county,Butelr,Butler
51888.statevalue,Virgiina,Virginia
42900.county,Haakofn,Haakon
20732.county,StBernard,St Bernard
51901.county,Pitstylvania,Pittsylvania
21886.county,Dukefs,Dukes
37344.county,Hockig,Hocking
45213.county,Waren,Warren
14697.county,ayette,Fayette
52475.county,Colonil Heights City,Colonial Heights City
2224.statevalue,rkansas,Arkansas
25653.county,Jawckson,Jackson
26585.statevalue,Missssippi,Mississippi
5851.county,Clya,Clay
46490.statevalue,Ttexas,Texas
40924.statevalue,Pennsyvlania,Pennsylvania
23191.county,Oavkland,Oakland
14155.county,Allaqmakee,Allamakee
3409.statevalue,Caliofrnia,California
51764.county,Nelskon,Nelson
29803.statevalue,Nebrasak,Nebraska
18417.statevalue,Kenztucky,Kentucky
28711.county,Bllaine,Blaine
24085.statevalue,Minnesorta,Minnesota
21322.county,oSmerset,Somerset
13495.county,hio,Ohio
20822.statevalue,Luoisiana,Louisiana
11263.county,Hendezrson,Henderson
51406.county,Haliax,Halifax
26051.county,Nhoxubee,Noxubee
21092.statevalue,Louiisana,Louisiana
47901.county,Le,Lee
9623.statevalue,Geogia,Georgia
54146.county,Licnoln,Lincoln
18033.statevalue,Knetucky,Kentucky
40573.statevalue,Pennslvania,Pennsylvania
39055.county,Mcclin,Mcclain
94.county,Bullolck,Bullock
43541.statevalue,Soputh Dakota,South Dakota
48329.statevalue,Teaxs,Texas
28593.county,ayne,Wayne
40884.county,Jeferson,Jefferson
2266.county,Cuross,Cross
40270.statevalue,Oregn,Oregon
38564.statevalue,klahoma,Oklahoma
35601.statevalue,North Carwolina,North Carolina
28010.county,sPerry,Perry
47120.county,Hradin,Hardin
4802.county,Gunniswon,Gunnison
55729.county,usk,Rusk
42440.county,Auroar,Aurora
42511.county,Brookigs,Brookings
41310.county,omerset,Somerset
54.county,Baribour,Barbour
50451.county,Benningon,Bennington
25019.county,Wascea,Waseca
56440.statevalue,Wyoimng,Wyoming
19610.statevalue,Kenutcky,Kentucky
35899.statevalue,North Daskota,North Dakota
53626.county,Spoakne,Spokane
48570.county,Oraneg,Orange
26074.statevalue,Misssisippi,Mississippi
46976.county,regg,Gregg
19191.county,Marshall***,Marshall
51190.county,Fairfatx,Fairfax
8246.county,Housotn,Houston
22791.county,Ketn,Kent
23622.statevalue,Minnesotoa,Minnesota
47908.statevalue,Teaxs,Texas
18884.statevalue,Kentcky,Kentucky
26885.county,Cape Girardeadu,Cape Girardeau
55566.statevalue,Wiscnsin,Wisconsin
44163.county,Grudy,Grundy
34005.county,Aseh,Ashe
42976.county,arding,Harding
19703.county,Simptson,Simpson
472.county,Escakmbia,Escambia
23474.county,Tucsola,Tuscola
42007.statevalue,South Carlina,South Carolina
33463.statevalue,Ne York,New York
45280.statevalue,Tenessee,Tennessee
13868.statevalue,cIndiana,Indiana
24078.county,Hubbazrd,Hubbard
9398.statevalue,Gergia,Georgia
33017.county,Crtland,Cortland
42563.statevalue,SouthDakota,South Dakota
29268.county,Musselshecll,Musselshell
54786.statevalue,Wiseconsin,Wisconsin
22078.county,Aclona,Alcona
40878.county,Indana,Indiana
45820.statevalue,Tlexas,Texas
9224.statevalue,wGeorgia,Georgia
40107.statevalue,Oregno,Oregon
26065.county,Oktbibeha,Oktibbeha
43932.county,Cumberladn,Cumberland
44394.statevalue,ennessee,Tennessee
27358.statevalue,Misouri,Missouri
41275.county,Syder,Snyder
4645.county,Doulgas,Douglas
55911.statevalue,Wiscnosin,Wisconsin
37027.statevalue,Ohoio,Ohio
24376.statevalue,Minnnesota,Minnesota
2258.statevalue,Arskansas,Arkansas
16543.county,Greenwoopd,Greenwood
16816.statevalue,ansas,Kansas
8336.county,Jefvferson,Jefferson
18848.statevalue,Kentcuky,Kentucky
49585.statevalue,Texsa,Texas
11585.statevalue,Illiois,Illinois
12475.statevalue,Inudiana,Indiana
2100.statevalue,Araknsas,Arkansas
11802.county,Mercehr,Mercer
51440.statevalue,Virgdinia,Virginia
4354.county,Alamsa,Alamosa
32245.statevalue,New exico,New Mexico
16745.county,Kingmn,Kingman
1511.statevalue,Alasak,Alaska
48125.statevalue,Txeas,Texas
32600.county,Rio rriba,Rio Arriba
29778.statevalue,cNebraska,Nebraska
31944.statevalue,New Jesrey,New Jersey
6994.county,tBanks,Banks
31390.county,Clakr,Clark
54580.county,gTaylor,Taylor
36203.statevalue,North Daktoa,North Dakota
379.statevalue,lAabama,Alabama
44916.county,Rane,Roane
2771.county,Mssissippi,Mississippi
16242.county,Deactur,Decatur
36333.county,Pqembina,Pembina
13157.statevalue,nIdiana,Indiana
50728.statevalue,Vrginia,Virginia
31657.statevalue,eNvada,Nevada
26247.statevalue,nMississippi,Mississippi
9590.statevalue,Gorgia,Georgia
9054.county,Ranodlph,Randolph
31719.county,oos,Coos
50155.county,Morghan,Morgan
52103.county,Rfussell,Russell
40526.statevalue,Pennsylania,Pennsylvania
28432.county,kShelby,Shelby
16839.statevalue,cKansas,Kansas
39489.county,Seuoyah,Sequoyah
16160.statevalue,Kanss,Kansas
25690.statevalue,ississippi,Mississippi
13305.county,Mdaison,Madison
32130.statevalue,New sJersey,New Jersey
5359.statevalue,Coorado,Colorado
45789.statevalue,exas,Texas
42277.county,Oarngeburg,Orangeburg
1939.statevalue,Arkavnsas,Arkansas
51883.county,Patrcik,Patrick
42956.county,Hansn,Hanson
49019.statevalue,Texs,Texas
42112.statevalue,South Caorlina,South Carolina
47154.county,Harison,Harrison
55635.statevalue,Wiscbonsin,Wisconsin
25182.statevalue,Mississpipi,Mississippi
13370.statevalue,Indiaan,Indiana
49183.county,Stehpens,Stephens
24871.county,tSearns,Stearns
4868.statevalue,Coloraudo,Colorado
28050.statevalue,Misouri,Missouri
13965.county,Vixgo,Vigo
18451.statevalue,Kentuckdy,Kentucky
4847.county,Jackon,Jackson
54677.statevalue,West Vriginia,West Virginia
51291.statevalue,Virginaia,Virginia
27229.statevalue,Misouri,Missouri
41321.county,Slullivan,Sullivan
4751.statevalue,Cbolorado,Colorado
26249.statevalue,Misissippi,Mississippi
1871.county,Pwinal,Pinal
47489.statevalue,Tfexas,Texas
47194.county,askell,Haskell
1350.county,Fairbanks NorthS tar,Fairbanks North Star
8243.statevalue,Georgpia,Georgia
45382.statevalue,Texs,Texas
10066.statevalue,Idao,Idaho
13519.county,Owne,Owen
15109.statevalue,Ioa,Iowa
39054.county,Mccalain,Mcclain
17225.statevalue,ansas,Kansas
19552.statevalue,eKntucky,Kentucky
48181.county,Martnin,Martin
19510.statevalue,Kenptucky,Kentucky
8697.county,Mitchelsl,Mitchell
18546.county,Grasyon,Grayson
20473.statevalue,Luisiana,Louisiana
2294.county,Dhesha,Desha
49654.county,harton,Wharton
34894.statevalue,North aCarolina,North Carolina
9879.county,Banock,Bannock
3510.county,Imperiaql,Imperial
32514.county,uLna,Luna
11215.county,dHancock,Hancock
8490.county,Liberyt,Liberty
42659.county,Clvay,Clay
5143.county,tero,Otero
17689.statevalue,pKansas,Kansas
49923.statevalue,Udtah,Utah
53296.statevalue,Washignton,Washington
54595.statevalue,West Virinia,West Virginia
52094.statevalue,Viorginia,Virginia
5359.county,an Miguel,San Miguel
51691.county,Mathwes,Mathews
35747.statevalue,North Dakoa,North Dakota
44744.statevalue,Tennessuee,Tennessee
48673.county,Pzolk,Polk
50104.statevalue,Uath,Utah
14317.county,Buetler,Butler
40167.statevalue,regon,Oregon
13530.county,Oewn,Owen
50787.statevalue,Vrginia,Virginia
50748.county,Amhperst,Amherst
55548.county,Oneia,Oneida
49338.county,Tserry,Terry
45711.statevalue,eTxas,Texas
30686.statevalue,Nexbraska,Nebraska
18704.county,eHnry,Henry
4298.statevalue,Californai,California
27366.county,Hickoyr,Hickory
42357.county,Smuter,Sumter
44531.statevalue,Tennessee***,Tennessee
38564.county,Ctoton,Cotton
29789.statevalue,Nebrasak,Nebraska
28011.statevalue,Mssouri,Missouri
44100.county,Gibsno,Gibson
48596.statevalue,Texsa,Texas
45970.county,Chamers,Chambers
35558.county,Vace,Vance
33904.statevalue,New Yokr,New York
45245.county,aWyne,Wayne
40286.statevalue,Oregovn,Oregon
14464.statevalue,Iwa,Iowa
4069.statevalue,bCalifornia,California
44426.county,Johnsoan,Johnson
43269.county,Mellette***,Mellette
6206.county,Holcmes,Holmes
30576.county,Kearey,Kearney
35303.statevalue,North Carlina,North Carolina
6228.county,Idnian River,Indian River
46130.county,Coslorado,Colorado
27321.county,Grudy,Grundy
29648.county,iWbaux,Wibaux
17510.county,Sheridabn,Sheridan
47310.county,Hootd,Hood
16182.statevalue,Kansnas,Kansas
11277.statevalue,Iyllinois,Illinois
9424.county,Tropu,Troup
13109.county,Japer,Jasper
12244.county,Unon,Union
10656.statevalue,lIlinois,Illinois
41850.county,Clarendmon,Clarendon
32836.statevalue,ew York,New York
41569.county,lProvidence,Providence
42982.county,Hardng,Harding
44350.statevalue,ennessee,Tennessee
4687.statevalue,Colorao,Colorado
3136.statevalue,Adrkansas,Arkansas
3602.county,oLs Angeles,Los Angeles
23563.statevalue,Minnebsota,Minnesota
38874.county,Jefferon,Jefferson
4351.statevalue,Coloruado,Colorado
5093.statevalue,olorado,Colorado
26453.county,Walhtall,Walthall
34328.county,Clveland,Cleveland
51693.county,Mathws,Mathews
945.statevalue,Albama,Alabama
52609.statevalue,Virgina,Virginia
2487.statevalue,rkansas,Arkansas
4953.statevalue,Coloardo,Colorado
51494.county,Isle ohf Wight,Isle of Wight
50902.county,rBunswick,Brunswick
35551.county,Vanec,Vance
25964.statevalue,aMississippi,Mississippi
27709.county,Maidson,Madison
45076.statevalue,hTennessee,Tennessee
33446.county,Ornge,Orange
40544.statevalue,Pennsylvnaia,Pennsylvania
48987.statevalue,Teaxs,Texas
5178.county,aPrk,Park
32437.county,iHdalgo,Hidalgo
10414.county,Madson,Madison
48603.statevalue,Teas,Texas
42673.county,Codingtn,Codington
30805.county,Nanec,Nance
12585.statevalue,Indana,Indiana
47445.county,Iriion,Irion
3338.statevalue,Califrornia,California
48666.statevalue,Txeas,Texas
9470.statevalue,Geogia,Georgia
8952.county,Plok,Polk
11882.county,Ogole,Ogle
28352.county,Schyler,Schuyler
6871.county,Waltno,Walton
29483.county,Sandoers,Sanders
34353.county,Columebus,Columbus
45829.statevalue,Txeas,Texas
25296.county,Chocaw,Choctaw
24630.county,oPlk,Polk
54569.statevalue,West Virgilnia,West Virginia
32429.statevalue,New Meixco,New Mexico
55550.statevalue,Wisconsni,Wisconsin
46394.statevalue,Teas,Texas
1718.county,Gia,Gila
38956.statevalue,Oklaihoma,Oklahoma
7579.statevalue,Gerogia,Georgia
26230.county,cott,Scott
44608.statevalue,Tnnessee,Tennessee
38381.county,Bryna,Bryan
53030.statevalue,Vrginia,Virginia
26572.statevalue,Mississipip,Mississippi
10483.statevalue,cIdaho,Idaho
378.county,Crnshaw,Crenshaw
45104.county,Smner,Sumner
44063.statevalue,Tennesee,Tennessee
2027.county,radley,Bradley
47001.county,Guasdalupe,Guadalupe
35708.county,Yadkni,Yadkin
28253.statevalue,Mssouri,Missouri
37695.county,Montgoery,Montgomery
43853.county,hClay,Clay
14465.statevalue,Ioaw,Iowa
8408.statevalue,Geogria,Georgia
20649.county,Raipdes,Rapides
30936.statevalue,Nebraka,Nebraska
30621.statevalue,Nebraka,Nebraska
35227.statevalue,NorthCarolina,North Carolina
55508.county,Mornoe,Monroe
25958.county,Marhsall,Marshall
20233.county,East Baton Roquge,East Baton Rouge
9656.statevalue,Georrgia,Georgia
4519.county,Conejgos,Conejos
18786.county,cJefferson,Jefferson
29428.statevalue,Montaana,Montana
27742.statevalue,Mssouri,Missouri
55696.statevalue,Wisonsin,Wisconsin
20824.county,St Lnadry,St Landry
26515.statevalue,Missisisppi,Mississippi
40268.county,Wheelr,Wheeler
29966.statevalue,ebraska,Nebraska
4283.county,Ventnura,Ventura
40381.county,Bedfrd,Bedford
29615.county,Vally,Valley
23353.county,Rnoscommon,Roscommon
1384.county,uJneau,Juneau
20256.county,Evast Carroll,East Carroll
54679.statevalue,Wcest Virginia,West Virginia
27251.county,Frankiln,Franklin
10700.statevalue,Ililinois,Illinois
40859.county,Huntnigdon,Huntingdon
56366.statevalue,Wyomnig,Wyoming
21758.county,Wahington,Washington
21483.county,Carorll,Carroll
48480.county,Netwon,Newton
25079.statevalue,hMinnesota,Minnesota
1325.county,Dilingham,Dillingham
47127.county,Hraris,Harris
33099.county,Essoex,Essex
33234.statevalue,Newk York,New York
54737.county,Woord,Wood
34999.county,Mecklebnurg,Mecklenburg
20317.county,rFanklin,Franklin
28599.statevalue,Missuori,Missouri
8392.statevalue,Georia,Georgia
41818.county,Chesterfineld,Chesterfield
56446.county,Washakhie,Washakie
11221.county,Hancxock,Hancock
527.statevalue,Alfabama,Alabama
32246.county,Ctaron,Catron
9594.county,Washingtno,Washington
5268.county,io Blanco,Rio Blanco
20964.statevalue,Louiiana,Louisiana
18325.county,Ekdmonson,Edmonson
32638.statevalue,New exico,New Mexico
4935.county,aL Plata,La Plata
41183.statevalue,Pennsylvaniya,Pennsylvania
56413.statevalue,kWyoming,Wyoming
34109.county,rBunswick,Brunswick
1477.county,North Sltope,North Slope
39136.county,ayes,Mayes
8474.county,ee,Lee
44019.county,yDer,Dyer
47881.statevalue,Txeas,Texas
939.statevalue,Aalbama,Alabama
20082.county,Bosssier,Bossier
34.county,Baildwin,Baldwin
36597.county,raill,Traill
48623.county,Parkuer,Parker
30831.statevalue,Nebrasak,Nebraska
26578.statevalue,Mississippi***,Mississippi
23996.county,Goodhe,Goodhue
23993.county,Freebonr,Freeborn
6280.statevalue,Floida,Florida
27702.county,Macocn,Macon
27823.statevalue,Missuri,Missouri
18586.statevalue,Kentuctky,Kentucky
22898.statevalue,ichigan,Michigan
53598.county,Skaymania,Skamania
34064.statevalue,Norht Carolina,North Carolina
9068.statevalue,Georgai,Georgia
46371.statevalue,Texaps,Texas
33263.county,Lwis,Lewis
16356.county,Elljis,Ellis
48590.statevalue,Txeas,Texas
48171.statevalue,Teas,Texas
884.county,onroe,Monroe
31769.county,Hillsbrough,Hillsborough
18549.county,rayson,Grayson
27515.county,Johsnon,Johnson
15705.statevalue,Ioa,Iowa
25942.county,Marioxn,Marion
26493.statevalue,ississippi,Mississippi
20541.county,Morhouse,Morehouse
46816.statevalue,Txas,Texas
23005.statevalue,Michigcan,Michigan
32377.statevalue,Nfew Mexico,New Mexico
22188.statevalue,Michisgan,Michigan
28942.statevalue,Montasna,Montana
9798.statevalue,Hawaii***,Hawaii
24141.county,Kanaec,Kanabec
25882.statevalue,iMssissippi,Mississippi
13905.statevalue,Indana,Indiana
39061.statevalue,Okalhoma,Oklahoma
30221.county,Fillmoe,Fillmore
44351.statevalue,Tennesse,Tennessee
38710.county,Garvni,Garvin
43883.statevalue,Tennesee,Tennessee
47597.county,Jnes,Jones
30235.county,pFranklin,Franklin
806.county,Madisn,Madison
6012.county,Fanklin,Franklin
1316.county,Dillnigham,Dillingham
42675.county,Cosdington,Codington
52011.county,Rappahnanock,Rappahannock
45824.statevalue,xTexas,Texas
22171.statevalue,Mihigan,Michigan
2272.statevalue,Arkasnas,Arkansas
32199.county,Unon,Union
49916.county,Bxo Elder,Box Elder
23453.statevalue,iMchigan,Michigan
764.county,Lwondes,Lowndes
42355.statevalue,South Carlina,South Carolina
48459.county,Navabrro,Navarro
54651.county,Waye,Wayne
45628.county,Bordren,Borden
50731.statevalue,Virginai,Virginia
38762.statevalue,klahoma,Oklahoma
22185.county,Barapga,Baraga
12382.county,Whiteoside,Whiteside
53639.county,Sokane,Spokane
54647.county,Upshuer,Upshur
20217.county,De Stoo,De Soto
26900.statevalue,Missori,Missouri
52203.statevalue,Vrginia,Virginia
17174.county,ttawa,Ottawa
48464.county,avarro,Navarro
17910.county,ell,Bell
5596.statevalue,Connecticuit,Connecticut
4597.county,Dela,Delta
40219.statevalue,regon,Oregon
51054.county,Claarke,Clarke
47975.county,Lipscob,Lipscomb
4596.county,Detla,Delta
16777.statevalue,Kanssa,Kansas
34509.county,Etdgecombe,Edgecombe
42101.county,Kreshaw,Kershaw
44688.county,Maurky,Maury
28978.statevalue,Montaan,Montana
53432.statevalue,Wshington,Washington
39699.county,Clackmas,Clackamas
6751.county,Sumtre,Sumter
33220.county,Jexfferson,Jefferson
45353.statevalue,Texsa,Texas
27669.statevalue,Missouir,Missouri
38887.statevalue,Olahoma,Oklahoma
21621.county,Ketn,Kent
30084.county,Dkawes,Dawes
43656.county,Beton,Benton
36248.statevalue,Northl Dakota,North Dakota
3822.county,Plaer,Placer
41646.county,llendale,Allendale
27195.statevalue,Misouri,Missouri
28081.statevalue,issouri,Missouri
41200.statevalue,ePnnsylvania,Pennsylvania
24293.statevalue,Minneota,Minnesota
10543.statevalue,Iedaho,Idaho
30625.county,Kibmall,Kimball
44782.county,Morxgan,Morgan
473.statevalue,labama,Alabama
5692.statevalue,Floida,Florida
38324.county,Beavoer,Beaver
3222.county,Washngton,Washington
11726.county,Marshalgl,Marshall
10662.county,oBnd,Bond
19366.county,organ,Morgan
56455.statevalue,Wyoimng,Wyoming
20962.county,Vermiulion,Vermilion
2169.county,Colubia,Columbia
42034.statevalue,South Carolpina,South Carolina
11719.county,Marshvall,Marshall
8387.county,Johson,Johnson
31175.county,Siox,Sioux
11181.county,Gundy,Grundy
51568.statevalue,Vigrinia,Virginia
20390.county,Jackswon,Jackson
19777.statevalue,pKentucky,Kentucky
54508.county,Radnolph,Randolph
24426.county,Milel Lacs,Mille Lacs
47355.statevalue,exas,Texas
6128.county,Henrdy,Hendry
27022.statevalue,Misouri,Missouri
51529.statevalue,Virginai,Virginia
11006.statevalue,Illinoiis,Illinois
16876.statevalue,aKnsas,Kansas
31287.county,Waynre,Wayne
8730.county,oMnroe,Monroe
30535.statevalue,Ndebraska,Nebraska
15037.statevalue,Ioaw,Iowa
16177.county,offey,Coffey
25568.statevalue,Mississipip,Mississippi
38872.county,hJefferson,Jefferson
16190.statevalue,Kasas,Kansas
10064.county,Canyno,Canyon
33869.county,Wfayne,Wayne
47792.county,Knxo,Knox
22138.county,Alpebna,Alpena
18096.statevalue,entucky,Kentucky
21894.county,Essx,Essex
788.county,Maon,Macon
40621.statevalue,Pennsylavania,Pennsylvania
8061.statevalue,eGorgia,Georgia
49099.statevalue,Txeas,Texas
56114.statevalue,Woyming,Wyoming
45719.county,Brwester,Brewster
49754.county,Wlison,Wilson
2970.statevalue,Arkansams,Arkansas
15311.statevalue,Iotwa,Iowa
31136.statevalue,Neraska,Nebraska
34626.statevalue,North Carolinta,North Carolina
34107.county,Brutnswick,Brunswick
3452.county,rFesno,Fresno
35250.county,Ptt,Pitt
53369.statevalue,Washinhgton,Washington
35439.county,tanly,Stanly
16597.county,aHrvey,Harvey
43548.county,Unizon,Union
18345.county,Ellitt,Elliott
48641.county,armer,Parmer
35648.county,Wane,Wayne
287.statevalue,Aabama,Alabama
52937.statevalue,Viyrginia,Virginia
48981.county,Sn Jacinto,San Jacinto
28991.county,Glkacier,Glacier
43862.statevalue,Tennessee***,Tennessee
44458.county,nox,Knox
8989.county,uPtnam,Putnam
21771.county,Wincomico,Wicomico
29097.statevalue,ontana,Montana
4248.county,ulare,Tulare
16275.county,oniphan,Doniphan
44995.statevalue,Tennessee***,Tennessee
5794.county,rBoward,Broward
52557.statevalue,Virgnia,Virginia
11651.county,Macn,Macon
23557.statevalue,Muichigan,Michigan
26769.county,oone,Boone
3390.county,wContra Costa,Contra Costa
6924.statevalue,yGeorgia,Georgia
38885.statevalue,Olkahoma,Oklahoma
25423.statevalue,Missisdsippi,Mississippi
34248.statevalue,Nzorth Carolina,North Carolina
49886.statevalue,eTxas,Texas
42147.statevalue,Soth Carolina,South Carolina
4090.county,Sienrra,Sierra
52752.statevalue,Viginia,Virginia
2360.statevalue,Airkansas,Arkansas
8244.county,Henrby,Henry
6124.county,Hndry,Hendry
1331.statevalue,Alsaka,Alaska
4055.county,Santa ruz,Santa Cruz
37417.statevalue,Ohoi,Ohio
56122.county,Caron,Carbon
28107.statevalue,Missouir,Missouri
49885.statevalue,exas,Texas
1724.county,Girla,Gila
22465.statevalue,Michigjan,Michigan
31806.county,Rnockingham,Rockingham
50081.statevalue,Uth,Utah
37994.statevalue,hio,Ohio
37936.county,Richlanad,Richland
40383.statevalue,Peennsylvania,Pennsylvania
54815.statevalue,Wisgconsin,Wisconsin
36320.statevalue,Norh Dakota,North Dakota
49189.statevalue,Texazs,Texas
678.statevalue,Alabuama,Alabama
56314.statevalue,Wyming,Wyoming
24974.county,Wbasha,Wabasha
9412.county,Treuten,Treutlen
13107.statevalue,Indiaa,Indiana
35072.statevalue,North Carlolina,North Carolina
13068.county,Howadr,Howard
4443.statevalue,Colordo,Colorado
48936.county,Rsuk,Rusk
36525.county,Staprk,Stark
38057.county,Suhmmit,Summit
47851.statevalue,sTexas,Texas
54517.statevalue,West Vivrginia,West Virginia
32638.county,Sandvoal,Sandoval
15684.statevalue,Iwa,Iowa
9865.county,Bannokc,Bannock
50253.county,aSnpete,Sanpete
27008.county,Clak,Clark
36538.county,Stakr,Stark
23476.statevalue,Mihigan,Michigan
10440.county,inidoka,Minidoka
27909.statevalue,Missouir,Missouri
8061.county,Grayd,Grady
42024.statevalue,South Caroblina,South Carolina
7849.county,Evagns,Evans
20109.statevalue,Luisiana,Louisiana
9111.county,Screevn,Screven
49685.statevalue,Teas,Texas
30048.county,Chuster,Custer
51183.county,Farifax,Fairfax
22949.county,Mackxinac,Mackinac
29895.statevalue,ebraska,Nebraska
10836.county,lCark,Clark
41120.statevalue,Pennsylyvania,Pennsylvania
24874.county,Stefarns,Stearns
24156.statevalue,Mnnesota,Minnesota
2599.statevalue,Arkanss,Arkansas
42151.statevalue,Soujth Carolina,South Carolina
4846.county,Jakson,Jackson
19876.statevalue,entucky,Kentucky
2611.county,Lere,Lee
27919.statevalue,issouri,Missouri
26107.statevalue,Mssissippi,Mississippi
5105.county,Montorse,Montrose
34548.statevalue,iNorth Carolina,North Carolina
23336.county,Presque Islye,Presque Isle
35447.county,hStokes,Stokes
16886.county,Lyn,Lyon
33302.statevalue,NewY ork,New York
43964.statevalue,Tetnnessee,Tennessee
23330.county,Prebsque Isle,Presque Isle
33842.county,Washingotn,Washington
10028.statevalue,Idagho,Idaho
20543.statevalue,Loisiana,Louisiana
29175.statevalue,Montkana,Montana
22260.county,Brerien,Berrien
29463.statevalue,Monrtana,Montana
12147.county,Schjuyler,Schuyler
6868.statevalue,Floirda,Florida
46743.statevalue,Teyxas,Texas
19233.statevalue,Klentucky,Kentucky
52392.statevalue,Virginai,Virginia
18275.county,Critteden,Crittenden
17527.statevalue,Kanss,Kansas
45421.statevalue,Texaxs,Texas
26825.statevalue,Misouri,Missouri
9034.county,Raun,Rabun
7320.statevalue,Georgila,Georgia
40366.statevalue,Pennsylvanai,Pennsylvania
41988.statevalue,SouthC arolina,South Carolina
48789.statevalue,exas,Texas
32288.statevalue,Newo Mexico,New Mexico
49438.county,Tylwer,Tyler
50266.county,Seier,Sevier
14817.statevalue,gIowa,Iowa
47527.statevalue,Teixas,Texas
23264.county,sOceola,Osceola
4207.statevalue,Califodrnia,California
27305.statevalue,Missori,Missouri
5159.statevalue,Coloraod,Colorado
10966.statevalue,Illdinois,Illinois
50216.statevalue,Ubtah,Utah
27301.county,Grene,Greene
49713.statevalue,Texaps,Texas
49484.county,lUvalde,Uvalde
23066.statevalue,Mifchigan,Michigan
54890.statevalue,Wisonsin,Wisconsin
48286.county,Meidland,Midland
39711.county,lCatsop,Clatsop
6845.county,aWakulla,Wakulla
54692.statevalue,Wset Virginia,West Virginia
26479.statevalue,Misisssippi,Mississippi
44124.county,rainger,Grainger
52664.statevalue,Virinia,Virginia
4690.statevalue,Colporado,Colorado
53658.statevalue,ashington,Washington
3870.statevalue,Califoprnia,California
21590.county,Hyarford,Harford
2595.statevalue,Arkanass,Arkansas
111.county,Btuler,Butler
47002.statevalue,Texs,Texas
24005.county,Godohue,Goodhue
41787.county,herokee,Cherokee
38561.county,Cotton***,Cotton
55831.statevalue,Whisconsin,Wisconsin
32159.statevalue,New Jerisey,New Jersey
53067.statevalue,Washingtno,Washington
48549.statevalue,eTxas,Texas
25704.county,Jefferosn,Jefferson
13779.statevalue,Idniana,Indiana
32893.statevalue,New Yoryk,New York
51338.statevalue,Virgkinia,Virginia
11281.county,Henyr,Henry
30011.statevalue,eNbraska,Nebraska
53721.statevalue,Wasihngton,Washington
48575.county,Oranige,Orange
56403.county,Tseton,Teton
30718.county,Lop,Loup
45212.county,arren,Warren
56316.county,Parzk,Park
38307.county,toka,Atoka
38320.statevalue,Okalhoma,Oklahoma
9648.county,Wheceler,Wheeler
35594.county,Warvren,Warren
38733.statevalue,Oklaoma,Oklahoma
3726.statevalue,Califoria,California
52428.county,Buena Vitsa City,Buena Vista City
46811.county,Gainkes,Gaines
11890.statevalue,Ililnois,Illinois
48334.county,itchell,Mitchell
13725.statevalue,Indiaan,Indiana
38295.county,Alfalcfa,Alfalfa
11849.county,Moragn,Morgan
6558.county,Oscela,Osceola
32560.county,Mra,Mora
14207.county,Benoton,Benton
2994.county,ePulaski,Pulaski
43682.statevalue,Tennesdsee,Tennessee
11087.county,Faytete,Fayette
16684.county,eJfferson,Jefferson
54872.county,pBurnett,Burnett
27808.statevalue,Missouri***,Missouri
15846.statevalue,Iokwa,Iowa
5859.county,Cay,Clay
43617.statevalue,ennessee,Tennessee
16146.county,Clbay,Clay
5725.county,Bagy,Bay
19458.county,Olydham,Oldham
53292.county,rant,Grant
16523.statevalue,Kansaus,Kansas
45645.statevalue,xTexas,Texas
21456.statevalue,Marylanhd,Maryland
31018.county,Rokc,Rock
53785.county,eBrkeley,Berkeley
606.county,Herny,Henry
30578.county,Keaney,Kearney
37836.statevalue,Oho,Ohio
16035.statevalue,Kaknsas,Kansas
38763.county,Geer,Greer
37296.statevalue,Oho,Ohio
33253.statevalue,Newi York,New York
1178.statevalue,Aslabama,Alabama
13967.statevalue,Indinaa,Indiana
51565.statevalue,Virinia,Virginia
37544.statevalue,Oiho,Ohio
23389.statevalue,Michigapn,Michigan
26402.county,Tishominog,Tishomingo
21912.county,Fraklin,Franklin
33757.statevalue,Ne wYork,New York
32501.county,Losr Alamos,Los Alamos
49706.county,Wibarger,Wilbarger
32051.statevalue,New Jeresy,New Jersey
38313.statevalue,Oklahmoma,Oklahoma
38522.county,Cnoal,Coal
6687.statevalue,Floriad,Florida
6777.statevalue,lForida,Florida
26655.county,Atcihson,Atchison
53291.county,Gjrant,Grant
620.county,Huston,Houston
9543.county,Wvare,Ware
50854.county,Balnd,Bland
37080.statevalue,Oio,Ohio
11560.county,Livingstno,Livingston
12498.statevalue,Indziana,Indiana
24098.statevalue,Minesota,Minnesota
8143.statevalue,Geovrgia,Georgia
55596.county,Ppein,Pepin
9552.statevalue,Goergia,Georgia
44885.county,Punam,Putnam
30789.statevalue,eNbraska,Nebraska
27809.statevalue,Missuri,Missouri
14260.statevalue,oIwa,Iowa
29747.county,Bnner,Banner
43760.county,Carrolgl,Carroll
1380.county,uJneau,Juneau
5782.county,roward,Broward
15798.county,Webser,Webster
54294.statevalue,West Vrginia,West Virginia
15347.county,Montogmery,Montgomery
18606.county,Hnacock,Hancock
9166.county,Stehpens,Stephens
24644.county,Popze,Pope
52290.statevalue,Vitrginia,Virginia
55721.county,oRck,Rock
47.county,Barobur,Barbour
27236.county,Franklidn,Franklin
54927.statevalue,Wisconsni,Wisconsin
46540.statevalue,Tjexas,Texas
6624.statevalue,Floridma,Florida
22406.statevalue,Mihigan,Michigan
11377.statevalue,llinois,Illinois
16818.statevalue,Kanss,Kansas
38098.county,Tscarawas,Tuscarawas
38814.county,Hasgkell,Haskell
13565.statevalue,Indiaan,Indiana
23125.statevalue,Michian,Michigan
18278.county,Cirttenden,Crittenden
38293.statevalue,Okalhoma,Oklahoma
30086.statevalue,Nebrska,Nebraska
13527.statevalue,nIdiana,Indiana
14521.statevalue,Ioowa,Iowa
17835.county,Adnerson,Anderson
15562.county,ac,Sac
39486.statevalue,Oklahma,Oklahoma
51106.statevalue,Virgniia,Virginia
16511.county,ray,Gray
2193.statevalue,Arkanslas,Arkansas
48042.county,Lovnig,Loving
4097.county,Sierar,Sierra
1352.county,Hraines,Haines
25122.county,ellow Medicine,Yellow Medicine
46445.county,Diackens,Dickens
32663.county,Sn Juan,San Juan
13414.statevalue,Indbiana,Indiana
23673.county,Bleu Earth,Blue Earth
9266.statevalue,Gergia,Georgia
46641.statevalue,eTxas,Texas
46850.county,arza,Garza
24654.county,Ppoe,Pope
50450.statevalue,Vemront,Vermont
9719.county,iWlkes,Wilkes
29239.county,Mssoula,Missoula
16777.county,Labetet,Labette
11169.county,Gerene,Greene
3050.county,Salien,Saline
20880.statevalue,Luoisiana,Louisiana
26657.statevalue,Missouir,Missouri
26667.county,Audracin,Audrain
38663.statevalue,Olkahoma,Oklahoma
24781.county,oseau,Roseau
51930.statevalue,Virgnia,Virginia
14463.county,larke,Clarke
37566.county,Madion,Madison
21372.statevalue,Mane,Maine
15690.statevalue,Ioaw,Iowa
31497.county,Landjer,Lander
4052.statevalue,Califronia,California
15207.county,adison,Madison
26437.county,cUnion,Union
33591.county,Rokland,Rockland
16314.county,Edards,Edwards
4969.county,Las Anilmas,Las Animas
10511.county,Paette,Payette
24497.county,Nicolleet,Nicollet
55436.county,Marvinette,Marinette
13079.statevalue,nIdiana,Indiana
2463.statevalue,Arkanas,Arkansas
43069.statevalue,South Dakoat,South Dakota
7369.statevalue,Gergia,Georgia
30448.county,Hayse,Hayes
3951.county,SanF rancisco,San Francisco
35076.statevalue,Notrh Carolina,North Carolina
12434.statevalue,llinois,Illinois
532.statevalue,Alabaam,Alabama
3912.county,Sa Bernardino,San Bernardino
45030.statevalue,Tennsesee,Tennessee
28403.statevalue,Msisouri,Missouri
53668.county,Thursotn,Thurston
13282.statevalue,Indaina,Indiana
13965.statevalue,Indina,Indiana
53055.statevalue,Vriginia,Virginia
52639.county,Hampon City,Hampton City
231.county,Clake,Clarke
42710.county,Cuter,Custer
1011.statevalue,Alabaa,Alabama
1363.county,sHaines,Haines
29432.statevalue,Montanea,Montana
53671.statevalue,Wapshington,Washington
18053.county,Buollitt,Bullitt
53706.statevalue,Washingon,Washington
8896.statevalue,eGorgia,Georgia
24378.county,Mratin,Martin
33142.statevalue,Nw York,New York
41274.county,Shuylkill,Schuylkill
16612.county,arvey,Harvey
45889.county,Capm,Camp
29388.statevalue,Montnaa,Montana
31216.county,Thmas,Thomas
52508.county,anville City,Danville City
52099.statevalue,irginia,Virginia
5977.statevalue,Florioda,Florida
53388.statevalue,Washintgon,Washington
52133.statevalue,Vrginia,Virginia
32314.statevalue,New Mxeico,New Mexico
47996.county,Live aOk,Live Oak
22566.county,Grand Taverse,Grand Traverse
9138.county,eminole,Seminole
9960.county,Bose,Boise
14829.statevalue,oIwa,Iowa
11830.county,Montgoemry,Montgomery
45696.statevalue,eTxas,Texas
33029.county,Cortladn,Cortland
45407.county,Arher,Archer
46430.statevalue,Texs,Texas
36502.statevalue,orth Dakota,North Dakota
56462.county,Wston,Weston
20746.county,t Charles,St Charles
40732.statevalue,Pennsylavnia,Pennsylvania
53613.county,Snhomish,Snohomish
28065.statevalue,Missuri,Missouri
44304.county,Hendesron,Henderson
50175.county,Pitue,Piute
20598.county,Ouachtia,Ouachita
9998.statevalue,Idmaho,Idaho
47167.county,wHartley,Hartley
4518.county,Clear Creke,Clear Creek
17080.statevalue,Kalnsas,Kansas
29555.statevalue,Mntana,Montana
37084.statevalue,Oiho,Ohio
55373.statevalue,Wijsconsin,Wisconsin
920.statevalue,fAlabama,Alabama
49296.statevalue,exas,Texas
41694.statevalue,Sotuh Carolina,South Carolina
43215.county,McPerson,McPherson
32978.county,hClinton,Clinton
38155.county,iVnton,Vinton
42260.statevalue,South rCarolina,South Carolina
25761.statevalue,Mississppi,Mississippi
12369.county,gWhiteside,Whiteside
40470.county,Btler,Butler
56298.statevalue,Wyomnig,Wyoming
11058.county,Effingaham,Effingham
54889.statevalue,Wisconsni,Wisconsin
40037.county,Lnn,Linn
5201.statevalue,Clorado,Colorado
45240.statevalue,Tennessee***,Tennessee
11946.statevalue,Illinios,Illinois
9705.county,ilkes,Wilkes
10345.county,Ltaah,Latah
52734.statevalue,Viginia,Virginia
34276.county,Cerokee,Cherokee
20719.county,St Bernrd,St Bernard
5448.statevalue,Cdolorado,Colorado
22174.county,Areanc,Arenac
10315.county,Kooenai,Kootenai
49064.statevalue,Texsa,Texas
46669.statevalue,Texsa,Texas
7709.county,Doloy,Dooly
17579.county,tanton,Stanton
43870.county,Cocek,Cocke
22515.county,enesee,Genesee
37478.statevalue,Odhio,Ohio
6902.statevalue,Gerogia,Georgia
28623.county,oWorth,Worth
40927.county,Lackawanna***,Lackawanna
14219.county,Benjton,Benton
3389.statevalue,Califoria,California
45135.statevalue,Tennesee,Tennessee
36727.statevalue,Oiho,Ohio
19659.statevalue,eKntucky,Kentucky
44302.county,Henedrson,Henderson
1087.county,Tallaega,Talladega
15479.statevalue,owa,Iowa
8790.statevalue,Geogia,Georgia
22648.county,Inghsam,Ingham
52465.statevalue,Virgnia,Virginia
26272.county,impson,Simpson
21388.county,Allegnay,Allegany
31732.county,Cdoos,Coos
4994.statevalue,Clorado,Colorado
17223.county,Philips,Phillips
45260.statevalue,Tennesee,Tennessee
55339.county,Lafyette,Lafayette
31244.statevalue,Nebrasak,Nebraska
29946.statevalue,xNebraska,Nebraska
45744.statevalue,Teaxs,Texas
28490.statevalue,Mifssouri,Missouri
25310.statevalue,Mississipip,Mississippi
44217.statevalue,jTennessee,Tennessee
53263.county,Garfiedl,Garfield
44081.county,Frankln,Franklin
41573.county,Providenec,Providence
11889.county,Ogel,Ogle
932.statevalue,Alabaam,Alabama
48760.statevalue,exas,Texas
22377.county,lare,Clare
34999.statevalue,Noth Carolina,North Carolina
24344.statevalue,Minnesoat,Minnesota
46248.statevalue,eTxas,Texas
36913.county,Clermotn,Clermont
40578.statevalue,Pennsyvania,Pennsylvania
42661.statevalue,outh Dakota,South Dakota
47546.county,Jim Hgg,Jim Hogg
17683.statevalue,Kawnsas,Kansas
41569.statevalue,Rhode sIland,Rhode Island
11383.statevalue,Ilylinois,Illinois
30343.statevalue,Nzebraska,Nebraska
27665.county,Livinston,Livingston
20156.county,fCameron,Cameron
13095.county,ackson,Jackson
46683.statevalue,Txeas,Texas
46221.county,Corryell,Coryell
29278.statevalue,Montna,Montana
32664.county,Sa nJuan,San Juan
10840.county,aClay,Clay
22995.statevalue,iMchigan,Michigan
33693.county,Schuylr,Schuyler
2225.statevalue,Araknsas,Arkansas
18876.county,nox,Knox
18402.county,Fleing,Fleming
50138.county,iMllard,Millard
3232.statevalue,Arklansas,Arkansas
33884.statevalue,New Yokr,New York
37223.statevalue,Oyhio,Ohio
9378.county,Tombs,Toombs
52876.county,Portsouth City,Portsmouth City
33238.county,Kinsg,Kings
52916.county,Richmond Ciy,Richmond City
11201.statevalue,llinois,Illinois
23726.county,Carvr,Carver
12689.county,Crawfodr,Crawford
35191.county,Pnder,Pender
3291.county,Aameda,Alameda
32537.statevalue,Newe Mexico,New Mexico
19418.county,Nicohlas,Nicholas
7983.statevalue,Georia,Georgia
38284.statevalue,Okahoma,Oklahoma
30682.county,Linpcoln,Lincoln
10382.county,ewis,Lewis
30671.statevalue,Nebrska,Nebraska
53419.statevalue,Wahington,Washington
39083.statevalue,Olahoma,Oklahoma
17251.statevalue,Kanass,Kansas
37146.county,Fulotn,Fulton
49210.county,tSerling,Sterling
25117.statevalue,Minneysota,Minnesota
5634.statevalue,Deaware,Delaware
7920.county,loyd,Floyd
36598.county,Traill***,Traill
11638.county,zMclean,Mclean
43093.statevalue,SouthD akota,South Dakota
26305.statevalue,Missiassippi,Mississippi
38278.county,Adapir,Adair
10362.county,Lemih,Lemhi
52603.statevalue,Virinia,Virginia
25835.county,eLake,Leake
46108.county,Collingswornth,Collingsworth
6995.statevalue,Georia,Georgia
29221.statevalue,eMontana,Montana
13135.statevalue,Indaina,Indiana
29012.county,Golden Valley***,Golden Valley
19678.county,Shhelby,Shelby
52026.county,Rischmond,Richmond
34794.county,Hayde,Hyde
18988.county,Lektcher,Letcher
50530.county,Gand Isle,Grand Isle
21274.county,Peobscot,Penobscot
40617.statevalue,Pennslyvania,Pennsylvania
3663.county,Mawriposa,Mariposa
16755.county,Kingmaan,Kingman
40390.statevalue,Pennhsylvania,Pennsylvania
16992.county,Myiami,Miami
48903.statevalue,Texs,Texas
20372.county,Iberivlle,Iberville
53872.statevalue,West Virignia,West Virginia
24349.county,aMhnomen,Mahnomen
47882.county,Laaca,Lavaca
42894.statevalue,Skouth Dakota,South Dakota
6680.statevalue,Floida,Florida
18082.statevalue,Kentucy,Kentucky
7321.statevalue,eorgia,Georgia
42855.statevalue,SouthD akota,South Dakota
19131.statevalue,Ketucky,Kentucky
29578.statevalue,Montnaa,Montana
20874.county,StTammany,St Tammany
15785.statevalue,owa,Iowa
31356.statevalue,Nebrakska,Nebraska
43041.statevalue,South Daktoa,South Dakota
3092.county,eSarcy,Searcy
24534.statevalue,Minnestoa,Minnesota
4931.county,Lke,Lake
13955.county,Viog,Vigo
16749.statevalue,Kasnas,Kansas
49379.statevalue,Tenxas,Texas
51582.statevalue,Viginia,Virginia
35494.county,wSain,Swain
21354.county,Woashington,Washington
32927.county,hautauqua,Chautauqua
42272.county,Orangepburg,Orangeburg
4892.statevalue,olorado,Colorado
49387.county,Tom Grenen,Tom Green
51967.county,Pirnce William,Prince William
47793.county,Knorx,Knox
42770.statevalue,South Dakoat,South Dakota
41002.county,eLhigh,Lehigh
49496.statevalue,Texs,Texas
47542.county,Jim Hog,Jim Hogg
31193.county,wStanton,Stanton
7252.statevalue,fGeorgia,Georgia
34211.county,Cartret,Carteret
55776.county,auk,Sauk
18833.county,Kentno,Kenton
45300.county,Williamsohn,Williamson
2605.county,Lawrecne,Lawrence
52918.statevalue,Virgiina,Virginia
3376.statevalue,Californlia,California
22634.statevalue,ichigan,Michigan
9581.county,Washingtno,Washington
54349.statevalue,Wes Virginia,West Virginia
1773.county,La az,La Paz
9864.statevalue,daho,Idaho
43197.county,McCok,McCook
31906.statevalue,New Jersye,New Jersey
20720.statevalue,oLuisiana,Louisiana
27157.statevalue,Mssouri,Missouri
21830.statevalue,Massachusgetts,Massachusetts
14957.county,Iad,Ida
28812.county,Cohuteau,Chouteau
39706.county,Clackavmas,Clackamas
35170.county,jPamlico,Pamlico
50849.county,Bedfogrd,Bedford
10099.statevalue,Idho,Idaho
37779.county,Nobel,Noble
5269.county,RioB lanco,Rio Blanco
48782.statevalue,Teas,Texas
2184.county,Coway,Conway
1618.statevalue,Alasak,Alaska
32033.county,Mercre,Mercer
29465.statevalue,Monatna,Montana
3986.statevalue,Californjia,California
34141.statevalue,Nortsh Carolina,North Carolina
11152.county,Glalatin,Gallatin
7506.statevalue,Georiga,Georgia
16404.county,Fodr,Ford
54308.statevalue,eWst Virginia,West Virginia
44417.statevalue,Tnnessee,Tennessee
26510.statevalue,Mxississippi,Mississippi
42652.statevalue,oSuth Dakota,South Dakota
21628.statevalue,Marylnd,Maryland
48019.county,lano,Llano
14227.county,Black Haswk,Black Hawk
13263.statevalue,ndiana,Indiana
8609.statevalue,Georgina,Georgia
28807.county,Chouteua,Chouteau
22572.county,Grand rTaverse,Grand Traverse
54637.statevalue,jWest Virginia,West Virginia
46048.county,Coike,Coke
15567.statevalue,Iwa,Iowa
13876.statevalue,Indidana,Indiana
30803.county,Nnce,Nance
20670.statevalue,Loeuisiana,Louisiana
630.county,ouston,Houston
32353.statevalue,ew Mexico,New Mexico
3679.statevalue,Califrnia,California
25733.county,Jbones,Jones
25277.county,Chickasadw,Chickasaw
49925.county,Bx Elder,Box Elder
46099.county,Collingsowrth,Collingsworth
16231.county,rCawford,Crawford
55418.county,Marathn,Marathon
39697.statevalue,regon,Oregon
54414.statevalue,Wes Virginia,West Virginia
36800.statevalue,hio,Ohio
19325.county,Moroe,Monroe
43303.county,Minnhaha,Minnehaha
20449.statevalue,Louisianma,Louisiana
20554.statevalue,Louisinaa,Louisiana
29701.statevalue,ebraska,Nebraska
6721.county,Sarsaota,Sarasota
9250.county,aliaferro,Taliaferro
48951.county,Sabien,Sabine
50186.county,Rihc,Rich
30036.statevalue,Nebraka,Nebraska
46687.county,Fisther,Fisher
10154.county,Cuter,Custer
17668.county,Waabunsee,Wabaunsee
6442.county,gMartin,Martin
49709.county,Wilbargoer,Wilbarger
43038.county,yde,Hyde
8847.statevalue,Gieorgia,Georgia
47854.county,Lampaass,Lampasas
7237.county,Cmden,Camden
53233.statevalue,Wasihngton,Washington
8427.county,Lnaier,Lanier
15711.statevalue,xIowa,Iowa
52001.statevalue,Vizrginia,Virginia
19411.county,Nicholsa,Nicholas
25284.county,Chicasaw,Chickasaw
15658.statevalue,Ikowa,Iowa
19796.county,Tripmble,Trimble
37951.statevalue,hio,Ohio
20702.statevalue,Louisiiana,Louisiana
2341.statevalue,Arkkansas,Arkansas
8654.county,Mraion,Marion
54936.statevalue,Wiscnsin,Wisconsin
44181.statevalue,ennessee,Tennessee
27447.county,Irno,Iron
46177.county,Concjho,Concho
45972.county,Chambes,Chambers
44014.county,Dyetr,Dyer
2879.county,Peryr,Perry
52619.county,Galax Ciyt,Galax City
26887.county,Cape Girardesau,Cape Girardeau
37122.county,Frankin,Franklin
55957.statevalue,Wiscosin,Wisconsin
31311.statevalue,Nebrjaska,Nebraska
40203.county,nUion,Union
4098.statevalue,Claifornia,California
1021.county,Russll,Russell
13427.statevalue,Indiarna,Indiana
6761.county,Smter,Sumter
14570.statevalue,Ilowa,Iowa
28306.statevalue,Misouri,Missouri
13547.county,Pakre,Parke
37622.county,Meisg,Meigs
5302.statevalue,gColorado,Colorado
55491.statevalue,Wiscosin,Wisconsin
30824.statevalue,Nebrasak,Nebraska
27958.county,Oasge,Osage
52904.county,Richmvond City,Richmond City
39148.county,aMyes,Mayes
27409.county,Hoawrd,Howard
18911.statevalue,Kerntucky,Kentucky
55334.county,Lafayetet,Lafayette
14304.statevalue,Iowba,Iowa
10580.statevalue,daho,Idaho
53133.statevalue,Washingon,Washington
2894.county,Philips,Phillips
619.county,Houwston,Houston
14875.statevalue,owa,Iowa
19574.statevalue,Kentucyk,Kentucky
26067.statevalue,Mississippi***,Mississippi
42447.statevalue,Suth Dakota,South Dakota
12795.statevalue,Indiaan,Indiana
25836.statevalue,Mississppi,Mississippi
18516.county,Garnt,Grant
20797.county,St John The Basptist,St John The Baptist
5085.statevalue,Coloado,Colorado
4329.statevalue,Coloardo,Colorado
52716.county,Lynchburg Cty,Lynchburg City
33158.statevalue,New oYrk,New York
17053.statevalue,Kanssa,Kansas
5105.statevalue,Coloraod,Colorado
7786.statevalue,Georiga,Georgia
48922.county,Runneels,Runnels
34592.county,Gatces,Gates
27276.county,Gntry,Gentry
49696.county,iWchita,Wichita
22222.statevalue,Michian,Michigan
41567.statevalue,Rhoed Island,Rhode Island
2622.county,Leje,Lee
25136.county,Adajms,Adams
44968.county,Scotbt,Scott
7792.statevalue,Gqeorgia,Georgia
3998.county,Sany Mateo,San Mateo
10839.statevalue,Illionis,Illinois
47565.county,JimW ells,Jim Wells
54875.statevalue,Wisconjsin,Wisconsin
46379.county,eaf Smith,Deaf Smith
8072.statevalue,Georglia,Georgia
37295.statevalue,Oio,Ohio
80.statevalue,labama,Alabama
34095.statevalue,Noth Carolina,North Carolina
14459.statevalue,Ioaw,Iowa
52363.statevalue,Virgvinia,Virginia
5897.statevalue,Flrida,Florida
29567.statevalue,oMntana,Montana
38853.statevalue,Olahoma,Oklahoma
56364.statevalue,Wyomig,Wyoming
16858.statevalue,Kanssa,Kansas
17366.statevalue,Klansas,Kansas
47142.county,nHarris,Harris
21375.statevalue,aine,Maine
38433.statevalue,Oklahohma,Oklahoma
50707.statevalue,Virgbinia,Virginia
765.county,Lowdes,Lowndes
52620.statevalue,Viryginia,Virginia
428.county,Dallxas,Dallas
14151.county,Allwamakee,Allamakee
35912.county,Diceky,Dickey
44349.statevalue,Tennessee***,Tennessee
29259.county,Musselshell***,Musselshell
39055.statevalue,eOklahoma,Oklahoma
48179.statevalue,Texkas,Texas
8552.statevalue,Goergia,Georgia
51849.statevalue,Virgyinia,Virginia
14439.statevalue,owa,Iowa
52307.county,Washijngton,Washington
41680.county,Bmberg,Bamberg
35181.county,Pasquoatnk,Pasquotank
35808.county,Bodttineau,Bottineau
19753.county,Tozdd,Todd
44111.county,iGles,Giles
51732.statevalue,Virgniia,Virginia
7920.statevalue,Georia,Georgia
52137.statevalue,Virgiia,Virginia
46467.statevalue,Teoxas,Texas
33899.statevalue,New wYork,New York
31883.statevalue,ew Jersey,New Jersey
50018.statevalue,Utha,Utah
25090.statevalue,Minensota,Minnesota
4775.statevalue,oClorado,Colorado
20117.statevalue,Louisana,Louisiana
6279.statevalue,lorida,Florida
50562.statevalue,Vermnot,Vermont
33006.statevalue,New Yorrk,New York
39869.county,Grnat,Grant
30012.county,Colax,Colfax
12623.county,Cark,Clark
47891.statevalue,aTexas,Texas
31958.statevalue,New Jesrey,New Jersey
2507.statevalue,Arkansajs,Arkansas
3284.county,Alameyda,Alameda
25274.statevalue,Msisissippi,Mississippi
14239.statevalue,Ioa,Iowa
30032.county,uCuming,Cuming
1705.county,oCconino,Coconino
55956.statevalue,Wisconssin,Wisconsin
7689.statevalue,eorgia,Georgia
10237.statevalue,dIaho,Idaho
824.statevalue,Alabaa,Alabama
30316.statevalue,Neraska,Nebraska
52864.county,oPquoson City,Poquoson City
26041.county,pNewton,Newton
56123.statevalue,Wtyoming,Wyoming
9241.statevalue,Georia,Georgia
7548.county,Cook***,Cook
15882.statevalue,Iowla,Iowa
38995.statevalue,Olkahoma,Oklahoma
51539.county,Kincg George,King George
28788.statevalue,Motnana,Montana
2248.statevalue,oArkansas,Arkansas
21553.county,Fredrick,Frederick
39639.county,Woodwfard,Woodward
11020.statevalue,Illionis,Illinois
20189.county,Claibore,Claiborne
52374.county,Yokr,York
31163.county,Siuox,Sioux
27164.county,Dekalub,Dekalb
54931.statevalue,Wisrconsin,Wisconsin
15546.statevalue,Ioawa,Iowa
16813.statevalue,ansas,Kansas
54343.county,Morgayn,Morgan
42918.county,Hamlhin,Hamlin
14807.county,Gtuhrie,Guthrie
14496.statevalue,oIwa,Iowa
13307.statevalue,Inrdiana,Indiana
51216.county,Flvoyd,Floyd
26099.county,aPnola,Panola
7147.county,Bryna,Bryan
16819.statevalue,fKansas,Kansas
29301.county,Petoleum,Petroleum
28956.county,Galatin,Gallatin
46713.statevalue,Teyxas,Texas
3132.county,evier,Sevier
480.county,Escambai,Escambia
21615.statevalue,aryland,Maryland
27924.county,Noadway,Nodaway
9655.county,Whtie,White
14908.county,Howrad,Howard
46492.county,Donlye,Donley
50163.county,oMrgan,Morgan
4037.statevalue,Californiua,California
23165.county,Msukegon,Muskegon
10780.county,Cavss,Cass
31956.statevalue,New Jersbey,New Jersey
3798.county,Neavda,Nevada
7932.statevalue,Gleorgia,Georgia
29568.statevalue,Monutana,Montana
10709.statevalue,Illinis,Illinois
20121.county,Calcsieu,Calcasieu
37101.statevalue,Ohoi,Ohio
8196.county,Hrt,Hart
39471.statevalue,Oklahma,Oklahoma
14588.statevalue,Iwa,Iowa
27327.statevalue,Missorui,Missouri
54870.county,urnett,Burnett
27347.county,Heny,Henry
45913.statevalue,Tcexas,Texas
33974.county,Allehany,Alleghany
18905.statevalue,Kenltucky,Kentucky
5850.county,Ctrus,Citrus
4671.county,agle,Eagle
4786.county,Garnd,Grand
22598.county,Hilsdale,Hillsdale
11043.statevalue,Ilxlinois,Illinois
56048.county,Wodo,Wood
7658.statevalue,Gerogia,Georgia
15635.statevalue,oIwa,Iowa
49547.statevalue,eTxas,Texas
11783.county,Mneard,Menard
36484.statevalue,North Dakouta,North Dakota
38567.statevalue,klahoma,Oklahoma
41873.county,Darlixngton,Darlington
48603.county,ePanola,Panola
12373.county,Whiteide,Whiteside
30206.statevalue,Nebarska,Nebraska
39651.statevalue,Oklahomoa,Oklahoma
39175.county,Mcuskogee,Muskogee
20409.statevalue,ouisiana,Louisiana
30775.county,Merrikc,Merrick
10192.county,gFranklin,Franklin
34555.county,oFranklin,Franklin
2743.county,Mriller,Miller
18497.county,Garard,Garrard
49220.statevalue,Teas,Texas
24373.county,Martni,Martin
41244.county,Paotter,Potter
16788.statevalue,aKnsas,Kansas
39909.county,qJackson,Jackson
16493.county,Gratn,Grant
8216.county,Headr,Heard
33532.statevalue,New Yokr,New York
31777.county,Merrimck,Merrimack
56288.statevalue,yoming,Wyoming
51864.statevalue,Viyrginia,Virginia
36143.statevalue,North Daota,North Dakota
51345.county,rayson,Grayson
51360.statevalue,irginia,Virginia
42832.county,Fall Riverr,Fall River
52294.statevalue,Virgiia,Virginia
25978.statevalue,Mxississippi,Mississippi
29975.county,Cdheyenne,Cheyenne
7063.statevalue,Georgai,Georgia
573.county,Grene,Greene
44275.statevalue,eTnnessee,Tennessee
30499.statevalue,Nebrasak,Nebraska
17175.county,ttawa,Ottawa
19809.statevalue,Kentuckgy,Kentucky
9714.statevalue,Ggeorgia,Georgia
39516.statevalue,Oklqahoma,Oklahoma
11655.county,Macoon,Macon
44432.county,Johnsn,Johnson
11068.county,wEffingham,Effingham
16456.statevalue,oKansas,Kansas
39658.county,Bakre,Baker
22278.county,rBanch,Branch
25207.county,enton,Benton
38307.statevalue,Oklaoma,Oklahoma
45823.county,Caldwell***,Caldwell
35057.statevalue,Nrth Carolina,North Carolina
384.statevalue,Alabhama,Alabama
16716.statevalue,Kanssa,Kansas
30793.county,Morirll,Morrill
20424.county,Jefefrson Davis,Jefferson Davis
37319.county,Hiighland,Highland
47352.statevalue,Texs,Texas
42808.county,Edmhunds,Edmunds
27213.county,Dvouglas,Douglas
1552.statevalue,Alasak,Alaska
32703.county,anta Fe,Santa Fe
36992.county,Cyuahoga,Cuyahoga
38517.county,leveland,Cleveland
6906.statevalue,Georgwia,Georgia
34372.statevalue,North Carolian,North Carolina
38625.county,Cusetr,Custer
14755.county,Frmont,Fremont
25924.county,Mdaison,Madison
56061.statevalue,Wyomng,Wyoming
19802.county,Unin,Union
12113.county,Salnie,Saline
51189.county,Fairfxa,Fairfax
20500.statevalue,hLouisiana,Louisiana
29509.statevalue,Montnaa,Montana
34334.statevalue,North Carnolina,North Carolina
48884.statevalue,Teaxs,Texas
11135.county,Futlon,Fulton
37113.county,Faytete,Fayette
46585.statevalue,uTexas,Texas
25864.county,Lee***,Lee
40436.county,Bradfrod,Bradford
28926.statevalue,Monana,Montana
17092.statevalue,Knasas,Kansas
11051.county,Edwarsds,Edwards
49089.county,Shelboy,Shelby
34097.county,vBrunswick,Brunswick
31316.statevalue,Nebrasika,Nebraska
42725.statevalue,Souht Dakota,South Dakota
41060.statevalue,Pennsylvawnia,Pennsylvania
36058.statevalue,Nrth Dakota,North Dakota
1665.statevalue,Airzona,Arizona
26106.statevalue,iMssissippi,Mississippi
22439.statevalue,Michign,Michigan
10178.county,lEmore,Elmore
54093.statevalue,West Vqirginia,West Virginia
37046.statevalue,Oshio,Ohio
51893.county,Patrik,Patrick
15076.county,Keokku,Keokuk
43379.statevalue,Soutdh Dakota,South Dakota
54565.county,Suzmmers,Summers
18968.county,Lesliie,Leslie
66.county,Bsibb,Bibb
27146.county,Davibess,Daviess
44300.statevalue,Tenenssee,Tennessee
7253.county,Caden,Camden
29889.county,Btler,Butler
582.county,ale,Hale
9568.statevalue,Geogria,Georgia
50453.statevalue,Venrmont,Vermont
11088.statevalue,Ilylinois,Illinois
13745.county,cott,Scott
13523.county,Oen,Owen
31793.county,Rockinghma,Rockingham
42387.county,Unoin,Union
2759.statevalue,Arkanss,Arkansas
50239.county,Snapete,Sanpete
40043.statevalue,regon,Oregon
37213.county,Guernsye,Guernsey
55466.statevalue,Wijsconsin,Wisconsin
31317.county,Webter,Webster
22982.statevalue,Michiglan,Michigan
40458.statevalue,oPennsylvania,Pennsylvania
51376.county,Greensvilel,Greensville
19850.statevalue,Kentcuky,Kentucky
55783.statevalue,Wisconsni,Wisconsin
37418.statevalue,Ozhio,Ohio
5355.statevalue,Colorao,Colorado
11939.county,Patt,Piatt
37243.statevalue,hOio,Ohio
8617.county,Mcaon,Macon
1785.statevalue,Arizna,Arizona
5563.statevalue,Connceticut,Connecticut
8756.county,Moran,Morgan
25545.county,Harison,Harrison
18734.statevalue,eKntucky,Kentucky
6097.county,Hamlton,Hamilton
49436.statevalue,Tesxas,Texas
26759.county,ollinger,Bollinger
41116.county,Montygomery,Montgomery
32028.county,Moercer,Mercer
33940.statevalue,North sCarolina,North Carolina
38613.county,Cuser,Custer
21030.statevalue,Louisiaa,Louisiana
40904.statevalue,Pennsylvawnia,Pennsylvania
5953.county,Dutval,Duval
15720.county,Wapelol,Wapello
32740.statevalue,New Mexizco,New Mexico
827.statevalue,Albaama,Alabama
36214.county,Mckbenzie,Mckenzie
15845.county,Woodburhy,Woodbury
42877.county,sGregory,Gregory
52393.county,Alexandri City,Alexandria City
24645.county,Popwe,Pope
42744.county,Dyay,Day
11396.county,jJohnson,Johnson
22089.county,Algzer,Alger
18693.county,Hendecrson,Henderson
44227.statevalue,Tennoessee,Tennessee
20508.county,Livpingston,Livingston
4913.statevalue,Coloraod,Colorado
18805.statevalue,Kdentucky,Kentucky
46689.statevalue,exas,Texas
32257.county,Cahves,Chaves
40551.statevalue,Pennsylvana,Pennsylvania
28054.statevalue,Mssouri,Missouri
13610.statevalue,Inidana,Indiana
45738.statevalue,Txas,Texas
48148.county,Mandison,Madison
55236.county,Jacksn,Jackson
27855.statevalue,Misouri,Missouri
45415.statevalue,Teas,Texas
15711.county,Van Buen,Van Buren
33588.county,Ricyhmond,Richmond
40357.county,Beaveur,Beaver
31637.county,Whtie Pine,White Pine
1068.statevalue,Alabaam,Alabama
17499.county,Shweridan,Sheridan
27519.statevalue,Misosuri,Missouri
7442.county,Claton,Clayton
17133.county,Nroton,Norton
30636.statevalue,Nebgraska,Nebraska
28128.county,Puaski,Pulaski
30317.county,Garffield,Garfield
19053.statevalue,Ketnucky,Kentucky
37293.county,arrison,Harrison
49416.county,Triinty,Trinity
56349.statevalue,Wyoimng,Wyoming
28027.county,Pettsi,Pettis
26321.statevalue,Misssisippi,Mississippi
5972.county,Escambjia,Escambia
5207.county,Pitkibn,Pitkin
12378.statevalue,Illionis,Illinois
11585.county,Logoan,Logan
20933.county,Terrebnne,Terrebonne
22786.county,Kalhkaska,Kalkaska
41664.county,Anderon,Anderson
11320.statevalue,Illiois,Illinois
1376.statevalue,Albaska,Alaska
55384.county,Linoln,Lincoln
24552.county,Olmstde,Olmsted
9906.statevalue,Ivdaho,Idaho
49806.statevalue,exas,Texas
45289.statevalue,Tennessee***,Tennessee
12441.statevalue,Illinios,Illinois
38594.statevalue,Oklahqoma,Oklahoma
22695.county,Ihosco,Iosco
49785.county,Wxinkler,Winkler
22177.statevalue,Michgian,Michigan
1922.statevalue,Avrizona,Arizona
45600.statevalue,Txas,Texas
39287.statevalue,Oklaohma,Oklahoma
40851.county,Huntingdcon,Huntingdon
12465.statevalue,Indiaxna,Indiana
600.county,Heznry,Henry
2757.statevalue,Akransas,Arkansas
30746.statevalue,Nebarska,Nebraska
20620.statevalue,Louisaina,Louisiana
31372.statevalue,Nveada,Nevada
16243.statevalue,Kanssa,Kansas
15327.county,Mnroe,Monroe
49247.county,Suttn,Sutton
22688.county,Iocso,Iosco
32851.statevalue,New Yoryk,New York
34968.county,Maidson,Madison
27712.county,Madaison,Madison
51417.county,Haonver,Hanover
15265.county,Mlls,Mills
39056.county,Mgcclain,Mcclain
45510.statevalue,Tuexas,Texas
47516.county,Jeff Davsi,Jeff Davis
16264.county,Doickinson,Dickinson
201.county,cChoctaw,Choctaw
16318.county,Edwkards,Edwards
7838.statevalue,Geogia,Georgia
7777.statevalue,Geogia,Georgia
43889.county,Cotffee,Coffee
37814.statevalue,hOio,Ohio
12699.county,Daviss,Daviess
11009.county,Du Paeg,Du Page
37379.statevalue,Ohlio,Ohio
23888.county,Dkota,Dakota
8750.county,Morgn,Morgan
49309.county,gTerrell,Terrell
9017.statevalue,Goergia,Georgia
53234.statevalue,Washnigton,Washington
13489.statevalue,Indinaa,Indiana
38489.statevalue,Oklaoma,Oklahoma
35304.statevalue,North Carolinpa,North Carolina
27568.county,Lafayette***,Lafayette
6834.county,Voulsia,Volusia
35754.statevalue,Nort Dakota,North Dakota
2827.county,Neton,Newton
52146.statevalue,Virgiina,Virginia
35889.statevalue,North Dkota,North Dakota
30360.statevalue,Nebrasa,Nebraska
7393.county,Cherkee,Cherokee
15542.statevalue,owa,Iowa
32411.county,Guadaluep,Guadalupe
32294.county,Covlfax,Colfax
32885.county,Brooem,Broome
13410.statevalue,Idniana,Indiana
9385.county,owns,Towns
11652.county,Macogn,Macon
35919.statevalue,North Dakta,North Dakota
45539.county,Bcaylor,Baylor
51729.county,Middleesx,Middlesex
14747.statevalue,owa,Iowa
10087.county,Craibou,Caribou
42189.statevalue,South Cagrolina,South Carolina
37349.county,Hockng,Hocking
47987.county,Lipscomyb,Lipscomb
26608.statevalue,Misouri,Missouri
10634.statevalue,lIlinois,Illinois
28338.county,Saine,Saline
49288.statevalue,Texsa,Texas
52829.county,Norton Citky,Norton City
38490.statevalue,Oklahomka,Oklahoma
6048.county,Gilchrilst,Gilchrist
13065.statevalue,Inwdiana,Indiana
9414.statevalue,Georia,Georgia
42218.statevalue,South Carolvina,South Carolina
26788.county,Buchcanan,Buchanan
15598.county,Shelbsy,Shelby
36528.statevalue,Nort Dakota,North Dakota
50133.county,Milllard,Millard
41017.statevalue,Pennsylavnia,Pennsylvania
29194.statevalue,Montaana,Montana
10694.county,Browjn,Brown
7600.county,risp,Crisp
35367.county,Rowawn,Rowan
36685.county,Adbams,Adams
30238.statevalue,Nebrasak,Nebraska
45340.county,Aderson,Anderson
47105.county,Hawrdeman,Hardeman
27936.statevalue,Misouri,Missouri
6119.statevalue,Florihda,Florida
6293.county,ake,Lake
18865.county,Knobx,Knox
40163.county,illamook,Tillamook
2076.statevalue,Arkanssa,Arkansas
7226.county,Calhhoun,Calhoun
10392.county,Licnoln,Lincoln
26996.statevalue,Missourei,Missouri
36158.county,Lgoan,Logan
24083.statevalue,Mninesota,Minnesota
4333.statevalue,Coloardo,Colorado
34892.county,Leonir,Lenoir
51408.county,Hailfax,Halifax
19382.statevalue,Ketnucky,Kentucky
38512.county,Clevealnd,Cleveland
52271.county,Tazwell,Tazewell
9351.statevalue,Goergia,Georgia
43670.county,Bledesoe,Bledsoe
21956.statevalue,Massahusetts,Massachusetts
19037.county,Livingstxon,Livingston
53740.county,Wihtman,Whitman
49950.statevalue,tUah,Utah
2777.county,Monore,Monroe
27583.statevalue,Msisouri,Missouri
18157.county,Carroll***,Carroll
20718.county,Sagbine,Sabine
11171.county,Greee,Greene
33324.county,Montgmery,Montgomery
18184.county,Ctasey,Casey
2758.county,Missisippi,Mississippi
43264.statevalue,Sotuh Dakota,South Dakota
29548.statevalue,Montaan,Montana
44038.statevalue,Tennesee,Tennessee
1741.statevalue,Arwizona,Arizona
34927.county,cMDowell,McDowell
24197.statevalue,cMinnesota,Minnesota
6303.statevalue,Forida,Florida
45032.statevalue,cTennessee,Tennessee
48012.county,Llagno,Llano
17691.statevalue,Kasas,Kansas
51188.statevalue,Virgiia,Virginia
55436.statevalue,Wiscnsin,Wisconsin
36325.statevalue,North Dakoa,North Dakota
44958.statevalue,Tennessee***,Tennessee
47279.statevalue,Texs,Texas
9186.county,cStewart,Stewart
40461.county,uBcks,Bucks
4591.statevalue,Coloraod,Colorado
45737.statevalue,exas,Texas
11618.statevalue,Ilinois,Illinois
36608.county,raill,Traill
14500.county,Cayton,Clayton
54089.statevalue,est Virginia,West Virginia
39826.county,Duoglas,Douglas
54773.county,Adamps,Adams
41655.statevalue,Souths Carolina,South Carolina
51335.county,oochland,Goochland
45890.statevalue,exas,Texas
397.county,Dzale,Dale
43397.county,Robers,Roberts
31535.county,Lyn,Lyon
25803.statevalue,Mississipi,Mississippi
11584.statevalue,Illinosi,Illinois
18419.county,Flody,Floyd
40903.county,Junata,Juniata
6637.statevalue,Florda,Florida
1615.statevalue,laska,Alaska
45024.county,Sjhelby,Shelby
23251.statevalue,Michgian,Michigan
42464.county,Benett,Bennett
16704.county,Jwell,Jewell
44711.statevalue,Tennessree,Tennessee
8005.county,hGlascock,Glascock
15475.county,Pcoahontas,Pocahontas
4761.statevalue,olorado,Colorado
13557.county,Perdry,Perry
19282.statevalue,iKentucky,Kentucky
29288.county,etroleum,Petroleum
54028.statevalue,West Virginzia,West Virginia
43032.statevalue,Snouth Dakota,South Dakota
772.statevalue,Alabaa,Alabama
9121.county,Srceven,Screven
7100.statevalue,Geogia,Georgia
48194.county,Masno,Mason
10226.statevalue,Idahqo,Idaho
42117.statevalue,South Caroilna,South Carolina
54944.statevalue,Wisconsuin,Wisconsin
9847.statevalue,Idao,Idaho
574.county,rGeene,Greene
49241.county,Suton,Sutton
21672.statevalue,Maryladn,Maryland
1465.statevalue,Alaka,Alaska
11756.statevalue,dIllinois,Illinois
22955.statevalue,ichigan,Michigan
10418.statevalue,daho,Idaho
54567.statevalue,West Viarginia,West Virginia
42518.county,Borwn,Brown
16544.county,Greenwocod,Greenwood
52594.statevalue,Virignia,Virginia
3366.statevalue,Califogrnia,California
24422.county,dMille Lacs,Mille Lacs
21042.county,Wesht Baton Rouge,West Baton Rouge
35092.county,New Hanovuer,New Hanover
6821.statevalue,lorida,Florida
31973.county,Glojucester,Gloucester
17896.county,Bel,Bell
40467.statevalue,Pennzsylvania,Pennsylvania
43690.statevalue,Tnenessee,Tennessee
22309.county,Cas,Cass
5953.statevalue,Flqorida,Florida
42416.statevalue,Scouth Carolina,South Carolina
48351.county,Monague,Montague
18910.county,Lanurel,Laurel
55849.statevalue,Wsiconsin,Wisconsin
13648.statevalue,Indiaan,Indiana
26020.statevalue,Mississpipi,Mississippi
32099.county,Ocena,Ocean
194.statevalue,Albabama,Alabama
39505.county,qStephens,Stephens
2645.statevalue,Arknasas,Arkansas
53315.statevalue,ashington,Washington
29855.county,Buffalxo,Buffalo
54361.county,Nickholas,Nicholas
50573.statevalue,Vermnot,Vermont
20865.statevalue,ouisiana,Louisiana
42163.statevalue,South Caroulina,South Carolina
42679.county,Crson,Corson
5448.county,eWld,Weld
36560.county,Stuvtsman,Stutsman
30140.statevalue,Nebrasak,Nebraska
9254.statevalue,Geoirgia,Georgia
33073.statevalue,New zYork,New York
1182.statevalue,Alabaama,Alabama
49000.statevalue,Txeas,Texas
32032.statevalue,Nwe Jersey,New Jersey
17514.statevalue,Kanas,Kansas
52623.statevalue,Virgifnia,Virginia
38027.county,Sehlby,Shelby
14635.statevalue,Iovwa,Iowa
24648.county,Puope,Pope
34140.county,Bukre,Burke
38135.county,Vna Wert,Van Wert
5674.county,District of Coluimbia,District of Columbia
6777.county,Suwnnee,Suwannee
26465.statevalue,ississippi,Mississippi
14864.county,ardin,Hardin
5229.county,Prokwers,Prowers
32998.statevalue,New Yokr,New York
4905.statevalue,Colosrado,Colorado
5894.statevalue,Forida,Florida
17606.county,Smner,Sumner
33802.statevalue,Nejw York,New York
49951.statevalue,Utkah,Utah
46194.statevalue,exas,Texas
9132.statevalue,Gergia,Georgia
15347.statevalue,Iowma,Iowa
38631.county,Delaare,Delaware
5867.statevalue,Floria,Florida
20146.county,Camerno,Cameron
22374.statevalue,ichigan,Michigan
51019.county,Charlottre,Charlotte
45421.county,Amrstrong,Armstrong
35387.statevalue,North Carozlina,North Carolina
14985.county,ackson,Jackson
10399.county,Lncoln,Lincoln
55151.county,Grnt,Grant
50634.county,Wasihngton,Washington
2891.statevalue,Arkanss,Arkansas
6001.statevalue,Floriad,Florida
17736.statevalue,Kanass,Kansas
20739.county,St Carles,St Charles
19681.statevalue,Ketucky,Kentucky
27260.county,aGsconade,Gasconade
50925.county,Buckingam,Buckingham
46887.statevalue,Texaxs,Texas
24029.statevalue,Miannesota,Minnesota
51071.county,Caig,Craig
21894.statevalue,Maxssachusetts,Massachusetts
13513.county,Oange,Orange
10989.statevalue,Illinois***,Illinois
7585.statevalue,Geogria,Georgia
11639.statevalue,Illinosi,Illinois
5054.statevalue,Colordo,Colorado
41339.county,Susquehnna,Susquehanna
39555.county,Tulas,Tulsa
46088.county,Collin***,Collin
20247.statevalue,Louiiana,Louisiana
46938.statevalue,Texsa,Texas
46948.statevalue,Texsa,Texas
38700.county,Garfiewld,Garfield
49588.county,Waler,Waller
48900.county,Rokwall,Rockwall
11839.statevalue,wIllinois,Illinois
23458.county,Shaiwassee,Shiawassee
32212.county,Warrjen,Warren
4745.county,Garfiedl,Garfield
36536.county,tSark,Stark
17021.statevalue,Kanlsas,Kansas
32005.county,Hnuterdon,Hunterdon
30668.statevalue,yNebraska,Nebraska
45484.statevalue,Teas,Texas
40138.county,zPolk,Polk
22426.statevalue,Mchigan,Michigan
18442.county,Frnklin,Franklin
30616.county,Keya Paa,Keya Paha
41316.statevalue,Pennsyvlania,Pennsylvania
31023.county,rRock,Rock
15560.statevalue,Iowoa,Iowa
18017.county,Breahtitt,Breathitt
11977.county,ope,Pope
17449.statevalue,Kasnas,Kansas
46560.county,Edwrds,Edwards
7943.county,Farnklin,Franklin
19954.county,Aadia,Acadia
51696.county,Mathwes,Mathews
22707.statevalue,Micthigan,Michigan
13475.county,Nioble,Noble
24674.statevalue,Midnnesota,Minnesota
21339.county,Wldo,Waldo
12858.statevalue,Indaina,Indiana
17350.county,Rilye,Riley
54876.county,Brunett,Burnett
24723.county,Renwville,Renville
43530.county,Truner,Turner
42359.statevalue,South Carolian,South Carolina
53657.statevalue,Washngton,Washington
38894.county,Jcohnston,Johnston
6149.statevalue,Flordia,Florida
25024.county,Wasington,Washington
24625.county,olk,Polk
38717.county,Gavin,Garvin
51471.statevalue,irginia,Virginia
53756.statevalue,Washngton,Washington
28459.statevalue,Missokuri,Missouri
33258.county,eLwis,Lewis
31306.county,Webstr,Webster
35868.statevalue,North Dkaota,North Dakota
19142.county,adison,Madison
45909.county,nCarson,Carson
22538.county,Gogbic,Gogebic
13124.county,aJy,Jay
13337.county,aMrion,Marion
53517.county,end Oreille,Pend Oreille
52962.statevalue,Virginai,Virginia
8812.county,Newtn,Newton
5915.statevalue,Florda,Florida
27355.county,Henyr,Henry
41910.county,Dorchestear,Dorchester
7175.county,vBulloch,Bulloch
32400.county,Gant,Grant
55329.county,LaC rosse,La Crosse
48036.county,Lovying,Loving
19396.statevalue,Kenucky,Kentucky
56410.statevalue,Woyming,Wyoming
49119.county,Sehrman,Sherman
41052.county,fMcKean,McKean
55311.county,ewaunee,Kewaunee
48490.statevalue,Texsa,Texas
19027.county,Lbivingston,Livingston
24463.county,urray,Murray
16892.county,Lyno,Lyon
30004.statevalue,Nebrfaska,Nebraska
22437.statevalue,Michgan,Michigan
1660.statevalue,Arizoan,Arizona
7216.county,Buts,Butts
6189.statevalue,lorida,Florida
8089.county,Gwinntt,Gwinnett
6655.county,Putnma,Putnam
47650.statevalue,Texats,Texas
21061.county,Wst Feliciana,West Feliciana
35563.county,Vacne,Vance
55318.county,La Ccrosse,La Crosse
13821.county,Steuoben,Steuben
1208.statevalue,Alasak,Alaska
28604.statevalue,Missuori,Missouri
38264.statevalue,Ohlio,Ohio
17786.statevalue,Kenucky,Kentucky
52647.statevalue,Virgtinia,Virginia
35.statevalue,Alabmama,Alabama
20164.statevalue,Louisaina,Louisiana
37211.county,Guernasey,Guernsey
20987.statevalue,Louisaina,Louisiana
24264.statevalue,Minnepsota,Minnesota
48446.statevalue,Teaxs,Texas
33521.statevalue,New Yokrk,New York
31339.county,ork,York
26587.county,Yazoo***,Yazoo
55677.county,eRacine,Racine
7410.county,lCarke,Clarke
6857.statevalue,Flordia,Florida
50995.statevalue,Virginai,Virginia
1807.county,Mohaev,Mohave
10228.statevalue,Idaoh,Idaho
17111.statevalue,Kanssa,Kansas
27644.county,Linfn,Linn
49864.statevalue,Texs,Texas
46522.statevalue,exas,Texas
14962.statevalue,owa,Iowa
19018.statevalue,entucky,Kentucky
12786.statevalue,Indiaan,Indiana
34152.county,Cabrrus,Cabarrus
45215.county,hWarren,Warren
31747.statevalue,New Hamgpshire,New Hampshire
31170.statevalue,Nebgraska,Nebraska
411.statevalue,Alabaa,Alabama
38471.county,Chopctaw,Choctaw
16153.statevalue,ansas,Kansas
5911.county,De Soo,De Soto
43074.statevalue,Souvth Dakota,South Dakota
32584.county,Qmuay,Quay
4339.county,Alamomsa,Alamosa
4976.county,Las Animsa,Las Animas
21369.county,Yrk,York
31259.statevalue,ebraska,Nebraska
24886.statevalue,Minesota,Minnesota
22108.county,llegan,Allegan
16853.statevalue,Kanass,Kansas
22076.statevalue,Mchigan,Michigan
44795.statevalue,Tennessee***,Tennessee
34292.county,Chowna,Chowan
42002.statevalue,ySouth Carolina,South Carolina
15530.statevalue,Ioaw,Iowa
8249.statevalue,Goergia,Georgia
26541.statevalue,Mississipi,Mississippi
53860.county,Cabell***,Cabell
18774.statevalue,Kmentucky,Kentucky
18571.county,Greegn,Green
14696.statevalue,Iohwa,Iowa
4343.county,Alamsoa,Alamosa
20392.statevalue,Loiuisiana,Louisiana
9672.county,Wlhitfield,Whitfield
46388.statevalue,Texsa,Texas
7826.county,Elert,Elbert
52814.county,Norton Cty,Norton City
49317.county,Tverrell,Terrell
11303.county,Iroquis,Iroquois
38721.statevalue,Okdlahoma,Oklahoma
37028.statevalue,hio,Ohio
16990.statevalue,Kanss,Kansas
46962.county,Grajyson,Grayson
2061.statevalue,Arpkansas,Arkansas
37057.statevalue,Ohiio,Ohio
56219.statevalue,Woming,Wyoming
29612.statevalue,Montbana,Montana
14854.county,aHrdin,Hardin
21690.county,Quen Annes,Queen Annes
42335.county,Saluad,Saluda
12693.county,Dvaiess,Daviess
12030.county,Randoph,Randolph
9363.statevalue,Gergia,Georgia
51322.county,Goocehland,Goochland
48803.county,Red Rivier,Red River
41303.county,Scomerset,Somerset
15635.county,Stroy,Story
54244.statevalue,West Vairginia,West Virginia
2761.county,Mississipip,Mississippi
2673.county,Logna,Logan
44413.county,Jefefrson,Jefferson
51434.statevalue,Virginnia,Virginia
40127.statevalue,Orregon,Oregon
28094.county,latte,Platte
595.statevalue,Alabacma,Alabama
50389.county,Wanye,Wayne
4932.statevalue,Cloorado,Colorado
28986.statevalue,Montaan,Montana
12245.statevalue,Illinis,Illinois
2548.county,Jeffersno,Jefferson
52048.statevalue,Virgniia,Virginia
48908.statevalue,Texals,Texas
18397.county,Flemicng,Fleming
25782.county,Lamr,Lamar
6055.county,Glaeds,Glades
4809.statevalue,Colrado,Colorado
51115.county,Cumblerland,Cumberland
41936.statevalue,South Carolian,South Carolina
22448.statevalue,Michiagn,Michigan
35833.statevalue,orth Dakota,North Dakota
19317.statevalue,Kentuckdy,Kentucky
5916.statevalue,Flrida,Florida
314.statevalue,Alabaam,Alabama
19931.statevalue,Kventucky,Kentucky
20161.county,eCatahoula,Catahoula
54853.county,uffalo,Buffalo
9428.statevalue,Gergia,Georgia
42008.statevalue,South Crolina,South Carolina
718.county,Lawrecne,Lawrence
17352.county,Rilye,Riley
3111.statevalue,jArkansas,Arkansas
20571.county,Natzchitoches,Natchitoches
13958.county,Vgio,Vigo
10227.county,Gefm,Gem
30078.county,akota,Dakota
9795.statevalue,Htawaii,Hawaii
11039.statevalue,Ilinois,Illinois
40113.statevalue,Oegon,Oregon
34290.statevalue,North arolina,North Carolina
4298.county,Yloo,Yolo
9493.county,Uspon,Upson
18869.county,nox,Knox
48481.statevalue,Teoxas,Texas
29772.county,Blaidne,Blaine
23124.county,ontcalm,Montcalm
27042.county,Clinotn,Clinton
41406.statevalue,Pennsylvanioa,Pennsylvania
23964.statevalue,Minnefsota,Minnesota
21391.county,Allegany***,Allegany
50966.county,Carline,Caroline
13036.county,enry,Henry
21673.county,Quen Annes,Queen Annes
4160.statevalue,Calfiornia,California
21289.statevalue,Maizne,Maine
41755.county,aClhoun,Calhoun
15590.county,Shelyb,Shelby
43971.county,Decwatur,Decatur
18995.county,Lweis,Lewis
52016.statevalue,vVirginia,Virginia
7251.county,Cmaden,Camden
40694.county,Duaphin,Dauphin
46417.county,Dnton,Denton
46710.county,vFloyd,Floyd
56263.county,Linhcoln,Lincoln
27720.county,Mdison,Madison
29935.county,iChase,Chase
22425.county,Crawfrd,Crawford
18001.county,Breanthitt,Breathitt
18858.statevalue,Kentuckky,Kentucky
40524.statevalue,Pennsylvanai,Pennsylvania
27783.statevalue,Missuori,Missouri
16814.statevalue,Kaansas,Kansas
27636.county,Leinn,Linn
38809.statevalue,Oklaoma,Oklahoma
27647.county,inn,Linn
47236.statevalue,Tesxas,Texas
2087.county,Chicto,Chicot
40091.county,oMrrow,Morrow
5134.statevalue,Colforado,Colorado
2249.statevalue,Arkanssa,Arkansas
54446.county,Pocahotas,Pocahontas
6498.county,Nassu,Nassau
2121.statevalue,Arknasas,Arkansas
45228.county,Washnigton,Washington
51839.statevalue,Virrginia,Virginia
5331.statevalue,Coloado,Colorado
30254.statevalue,Nebrasak,Nebraska
1772.statevalue,Arizna,Arizona
3407.statevalue,Calfiornia,California
47757.statevalue,Teaxs,Texas
53420.statevalue,Washnigton,Washington
45047.statevalue,Tennesee,Tennessee
14208.statevalue,eIowa,Iowa
22071.statevalue,Michign,Michigan
38452.county,Cherkoee,Cherokee
16154.statevalue,Knsas,Kansas
24149.county,Kanabce,Kanabec
15806.statevalue,oIwa,Iowa
54335.statevalue,West Vrginia,West Virginia
26919.statevalue,Missuori,Missouri
11963.county,iPke,Pike
35149.statevalue,Northu Carolina,North Carolina
29400.statevalue,Monatna,Montana
16564.statevalue,Kanss,Kansas
35949.county,Dunn***,Dunn
43403.statevalue,Suth Dakota,South Dakota
52445.statevalue,Vigrinia,Virginia
47317.statevalue,Teaxs,Texas
30661.statevalue,Nbraska,Nebraska
34071.county,Benrtie,Bertie
159.statevalue,Alabma,Alabama
35547.county,nUion,Union
12020.county,kPutnam,Putnam
22191.county,Baraa,Baraga
9286.statevalue,Gergia,Georgia
11261.county,eHnderson,Henderson
25580.county,Holms,Holmes
48307.statevalue,Tehxas,Texas
43550.statevalue,South Dkota,South Dakota
40496.county,Cambrai,Cambria
1587.statevalue,Alaka,Alaska
36155.statevalue,North Dakwota,North Dakota
16601.county,Harveky,Harvey
12620.statevalue,Indhiana,Indiana
28503.county,Tany,Taney
43175.statevalue,vSouth Dakota,South Dakota
860.statevalue,Alabaam,Alabama
38040.statevalue,Oho,Ohio
41394.statevalue,Pennsylvaia,Pennsylvania
56198.statevalue,Wyvoming,Wyoming
31742.statevalue,New Hampsire,New Hampshire
35202.county,Peknder,Pender
40417.statevalue,Pennsylvaina,Pennsylvania
7810.county,ffingham,Effingham
8772.county,Murry,Murray
46060.county,oke,Coke
44628.statevalue,Tennessee***,Tennessee
10993.county,Dogulas,Douglas
16321.county,Edwarsd,Edwards
47418.county,Hutchinsn,Hutchinson
12869.statevalue,Indaina,Indiana
2765.statevalue,Arkanssa,Arkansas
17016.statevalue,Kansaqs,Kansas
38708.statevalue,Oklahma,Oklahoma
40083.county,aMrion,Marion
16168.statevalue,aKnsas,Kansas
7508.county,Colqitt,Colquitt
32555.statevalue,New Mexcio,New Mexico
18521.statevalue,Kyentucky,Kentucky
2939.statevalue,Arknasas,Arkansas
55671.statevalue,Wisocnsin,Wisconsin
14136.statevalue,xIowa,Iowa
31350.county,Ysork,York
19412.county,Nihcolas,Nicholas
52499.county,Cohvington City,Covington City
11491.county,Lnake,Lake
15960.county,aBrber,Barber
49855.county,Yougn,Young
35780.county,Bewnson,Benson
6878.county,Wahington,Washington
1556.statevalue,Alatska,Alaska
50279.statevalue,Uah,Utah
10553.statevalue,Idazho,Idaho
33436.statevalue,kNew York,New York
42722.statevalue,outh Dakota,South Dakota
41287.county,nyder,Snyder
35571.county,ake,Wake
42217.county,Marlbaoro,Marlboro
12964.county,Hamliton,Hamilton
54413.statevalue,West Vriginia,West Virginia
55960.statevalue,Wisconin,Wisconsin
27431.county,Hoewll,Howell
15522.statevalue,Ioa,Iowa
16017.statevalue,ansas,Kansas
20274.statevalue,Lousiana,Louisiana
53477.statevalue,Washnigton,Washington
42734.county,nDay,Day
32584.statevalue,Nefw Mexico,New Mexico
54891.county,Calumte,Calumet
9131.statevalue,Georia,Georgia
42672.county,Coidngton,Codington
56419.statevalue,yoming,Wyoming
48216.statevalue,Texsa,Texas
10684.statevalue,Illnois,Illinois
21995.county,Nantukcet,Nantucket
30381.county,Gereley,Greeley
26737.county,Benon,Benton
37288.county,Harrisno,Harrison
23453.county,Scholcraft,Schoolcraft
4609.county,Denvre,Denver
29101.county,Lke,Lake
7050.county,wBen Hill,Ben Hill
28557.statevalue,Missoui,Missouri
39682.county,Benotn,Benton
29394.statevalue,Mnotana,Montana
13646.statevalue,Idniana,Indiana
38461.statevalue,Okahoma,Oklahoma
42404.county,Williambsurg,Williamsburg
11821.county,lMonroe,Monroe
54680.statevalue,West Virgijnia,West Virginia
10514.county,Poywer,Power
50801.county,Agusta,Augusta
49569.statevalue,Texs,Texas
51095.county,Culpepre,Culpeper
23963.statevalue,rMinnesota,Minnesota
49953.county,Carybon,Carbon
19732.county,Taylr,Taylor
13397.county,onroe,Monroe
49439.statevalue,Texats,Texas
4832.county,uerfano,Huerfano
13703.statevalue,Indwiana,Indiana
13247.statevalue,Indaina,Indiana
42928.county,Hamglin,Hamlin
28216.statevalue,Missouri***,Missouri
8783.county,Mrray,Murray
29502.county,Seridan,Sheridan
26444.statevalue,Misisssippi,Mississippi
12292.county,abash,Wabash
42519.statevalue,South Dakta,South Dakota
1697.county,oCoconino,Coconino
50595.statevalue,Vermeont,Vermont
54669.statevalue,WestVirginia,West Virginia
1678.statevalue,Ariezona,Arizona
14270.county,Baremer,Bremer
41573.statevalue,Rohde Island,Rhode Island
55895.statevalue,Wisconsni,Wisconsin
25098.statevalue,Minnesta,Minnesota
26082.county,Oktibeha,Oktibbeha
48517.statevalue,exas,Texas
4114.county,Sskiyou,Siskiyou
8802.statevalue,eGorgia,Georgia
21867.county,Bristofl,Bristol
10664.county,Beond,Bond
45323.statevalue,Tennessee***,Tennessee
35095.county,New Hanovr,New Hanover
55513.statevalue,Wisconsgin,Wisconsin
54725.county,aWood,Wood
39216.county,Nowbata,Nowata
40398.county,Bekrs,Berks
54852.statevalue,Wiscnsin,Wisconsin
38483.statevalue,Oklabhoma,Oklahoma
21865.statevalue,Massahusetts,Massachusetts
49348.statevalue,eTxas,Texas
6803.county,Tayxlor,Taylor
35359.county,Rowna,Rowan
3635.statevalue,Californipa,California
42508.county,Brooukings,Brookings
50992.statevalue,Vrginia,Virginia
28442.county,toddard,Stoddard
49735.county,Williamsno,Williamson
55746.statevalue,Wiscxonsin,Wisconsin
21475.statevalue,Marylad,Maryland
19713.county,Spnecer,Spencer
28114.statevalue,Misouri,Missouri
46704.statevalue,Teas,Texas
22822.county,Keweenalw,Keweenaw
42762.statevalue,South Dakokta,South Dakota
27727.statevalue,Missorui,Missouri
33861.county,aWyne,Wayne
35624.county,Watauag,Watauga
15538.county,Ringgobld,Ringgold
20036.statevalue,Louilsiana,Louisiana
7179.statevalue,eGorgia,Georgia
14561.statevalue,Iwoa,Iowa
27627.statevalue,Missuori,Missouri
3339.county,Butite,Butte
2381.statevalue,Akansas,Arkansas
46882.county,Glassock,Glasscock
16599.county,yHarvey,Harvey
17553.statevalue,Knasas,Kansas
5965.county,Escabia,Escambia
49448.county,Upsuhr,Upshur
40423.county,Bliar,Blair
29936.statevalue,Nebraskva,Nebraska
40319.county,Adms,Adams
23482.county,vTuscola,Tuscola
5378.county,Sedgiwck,Sedgwick
54942.statevalue,Wsiconsin,Wisconsin
52719.county,Lynchburg Ciy,Lynchburg City
33989.county,Ansxon,Anson
24752.statevalue,Minneota,Minnesota
12851.statevalue,Indbiana,Indiana
23619.county,Beltrmai,Beltrami
18491.statevalue,Kentuckxy,Kentucky
17454.statevalue,Kasnas,Kansas
34060.statevalue,North Carolian,North Carolina
4861.county,Jefferon,Jefferson
4881.statevalue,Coolrado,Colorado
27217.county,Deunklin,Dunklin
54571.statevalue,West Virignia,West Virginia
27646.county,iLnn,Linn
54537.county,itchie,Ritchie
23454.county,Scoolcraft,Schoolcraft
45721.statevalue,exas,Texas
8076.county,reene,Greene
18531.statevalue,Kntucky,Kentucky
3714.county,Modco,Modoc
48068.statevalue,Texwas,Texas
28389.county,Sacott,Scott
9450.county,Tunrer,Turner
46331.statevalue,Txeas,Texas
53602.county,Skpamania,Skamania
28696.statevalue,Mnotana,Montana
18274.statevalue,Kentcuky,Kentucky
14317.statevalue,owa,Iowa
40044.statevalue,regon,Oregon
29643.statevalue,Mondtana,Montana
20467.county,La Saalle,La Salle
15102.county,Kossupth,Kossuth
6067.county,Guf,Gulf
25248.county,Caloun,Calhoun
46100.county,Collinsgworth,Collingsworth
29872.statevalue,Nberaska,Nebraska
43648.statevalue,ennessee,Tennessee
42033.statevalue,South Caroclina,South Carolina
2578.county,Lafayete,Lafayette
51721.county,Middliesex,Middlesex
9990.statevalue,Idhao,Idaho
47688.county,ent,Kent
6762.county,Smter,Sumter
53960.county,Gimler,Gilmer
4949.county,La Pwlata,La Plata
54250.county,Masno,Mason
24555.county,Otter Tali,Otter Tail
40108.county,Multnomamh,Multnomah
37895.statevalue,Ohoi,Ohio
1556.county,Skagway Hooanh Angoon,Skagway Hoonah Angoon
34148.statevalue,Norht Carolina,North Carolina
18630.county,Harin,Hardin
35943.county,cDivide,Divide
32932.county,Chautauvqua,Chautauqua
49291.statevalue,Teaxs,Texas
39692.county,Clxackamas,Clackamas
43979.statevalue,Tennbessee,Tennessee
51034.county,Cheserfield,Chesterfield
41075.county,Merwcer,Mercer
34926.county,dMcDowell,McDowell
23552.statevalue,Mixchigan,Michigan
3157.statevalue,Arkoansas,Arkansas
10168.statevalue,dIaho,Idaho
6092.county,Hamilotn,Hamilton
29178.statevalue,Montaan,Montana
33371.county,New Yhork,New York
12700.county,Davidess,Daviess
48206.statevalue,Texs,Texas
55409.county,Marthon,Marathon
56402.statevalue,Wymoing,Wyoming
18140.statevalue,Kenutcky,Kentucky
21113.county,Afndroscoggin,Androscoggin
53152.county,Clllam,Clallam
42432.county,urora,Aurora
31791.county,Rockngham,Rockingham
45591.statevalue,Teaxs,Texas
16291.county,Douglats,Douglas
10905.county,ook,Cook
47504.county,Jeff Dafvis,Jeff Davis
53258.statevalue,Washingtoln,Washington
4185.statevalue,Calfiornia,California
26943.county,Csas,Cass
227.county,larke,Clarke
31081.county,Sakunders,Saunders
6305.statevalue,Floria,Florida
21249.statevalue,kMaine,Maine
21133.statevalue,aMine,Maine
50640.statevalue,Vremont,Vermont
40517.county,ameron,Cameron
41985.county,Georgetonw,Georgetown
32407.county,Gouadalupe,Guadalupe
611.county,Henxry,Henry
32204.statevalue,Nw Jersey,New Jersey
12593.county,Cjarroll,Carroll
3581.statevalue,Califorlnia,California
42123.county,rLaurens,Laurens
35606.county,Wshington,Washington
5957.county,Duvtal,Duval
16215.statevalue,ansas,Kansas
55866.statevalue,Wisocnsin,Wisconsin
6372.statevalue,Flozrida,Florida
40875.statevalue,Pensylvania,Pennsylvania
11919.statevalue,Illiois,Illinois
39664.statevalue,Oreon,Oregon
53929.statevalue,Westn Virginia,West Virginia
15972.county,Barotn,Barton
3254.statevalue,mArkansas,Arkansas
53021.statevalue,Virgina,Virginia
15001.county,Jbasper,Jasper
35365.county,Roawn,Rowan
24384.statevalue,Minnesoat,Minnesota
32356.statevalue,Ne wMexico,New Mexico
22367.statevalue,Michgan,Michigan
40887.statevalue,Pennsylavnia,Pennsylvania
48119.statevalue,Teoxas,Texas
25771.county,Lafayetet,Lafayette
2234.statevalue,Arkanss,Arkansas
44254.county,Hardinn,Hardin
36378.statevalue,Notrh Dakota,North Dakota
53496.county,Oknogan,Okanogan
7023.county,Batrow,Bartow
50788.statevalue,Virinia,Virginia
17591.county,Stevnes,Stevens
11798.statevalue,Illinosi,Illinois
32688.statevalue,NewMexico,New Mexico
31778.statevalue,Nkew Hampshire,New Hampshire
25518.county,Greanda,Grenada
40160.statevalue,Oregpon,Oregon
1619.county,Wdae Hampton,Wade Hampton
646.county,Jacfkson,Jackson
14508.county,Clyaton,Clayton
2986.statevalue,rkansas,Arkansas
19314.county,Metalfe,Metcalfe
56141.county,Convrse,Converse
21961.county,iddlesex,Middlesex
29793.county,Biox Butte,Box Butte
1026.county,Rusnsell,Russell
31490.statevalue,Neqvada,Nevada
53097.statevalue,Washignton,Washington
41126.statevalue,ennsylvania,Pennsylvania
35315.county,Richmound,Richmond
17037.county,Morrsi,Morris
2292.county,Dseha,Desha
18146.statevalue,Kentukcy,Kentucky
31232.statevalue,Nebraka,Nebraska
10991.county,Dougls,Douglas
9628.county,Websfter,Webster
16027.county,Buter,Butler
56011.county,Waushaar,Waushara
37414.statevalue,Ohoi,Ohio
38979.county,Le Flroe,Le Flore
14847.county,Hancokc,Hancock
10017.county,oBundary,Boundary
22865.county,Leeelanau,Leelanau
56375.statevalue,Wyomng,Wyoming
22244.statevalue,Mcihigan,Michigan
22422.statevalue,Mchigan,Michigan
33340.county,assau,Nassau
32336.statevalue,New Mexcio,New Mexico
16109.county,Cpheyenne,Cheyenne
24023.county,Gqrant,Grant
39610.statevalue,Oklaohma,Oklahoma
49198.county,Sterlnig,Sterling
1080.statevalue,Alabaam,Alabama
27341.county,Harrijson,Harrison
52915.statevalue,irginia,Virginia
9054.statevalue,Gdeorgia,Georgia
22778.statevalue,Mihcigan,Michigan
35284.statevalue,North Craolina,North Carolina
20375.statevalue,Louisifana,Louisiana
19409.county,Nicholats,Nicholas
13576.county,Piek,Pike
44893.statevalue,Tennssee,Tennessee
10641.statevalue,Illinosi,Illinois
53476.county,Masobn,Mason
6462.statevalue,Forida,Florida
47188.statevalue,Txeas,Texas
32197.statevalue,NewJersey,New Jersey
21100.statevalue,Maimne,Maine
17038.county,Mlorris,Morris
17389.statevalue,Kanas,Kansas
45964.statevalue,Teaxs,Texas
8658.statevalue,Gorgia,Georgia
51520.statevalue,Virgindia,Virginia
2904.statevalue,rkansas,Arkansas
15047.county,Jonhson,Johnson
22803.county,Ketn,Kent
47462.county,Jak,Jack
41868.county,Cpolleton,Colleton
30169.county,Douglsa,Douglas
9160.county,Splading,Spalding
38628.county,Cuter,Custer
22566.statevalue,Michipgan,Michigan
23936.county,Doulas,Douglas
29138.county,Lkiberty,Liberty
38783.county,Harmno,Harmon
37509.county,Logman,Logan
39084.county,cMIntosh,McIntosh
37801.county,Pauldign,Paulding
21124.statevalue,Miane,Maine
47410.statevalue,Texsa,Texas
42497.statevalue,South yDakota,South Dakota
30891.statevalue,Nebrska,Nebraska
3956.county,San rancisco,San Francisco
1904.statevalue,eArizona,Arizona
14083.county,Whiet,White
32038.county,Mercre,Mercer
5691.statevalue,Floriad,Florida
30239.statevalue,Nebaska,Nebraska
11889.statevalue,Illainois,Illinois
17951.statevalue,Kentcky,Kentucky
847.statevalue,Alabamta,Alabama
46619.statevalue,Txexas,Texas
49262.county,Swishre,Swisher
33944.statevalue,Nolrth Carolina,North Carolina
48694.county,Ptter,Potter
40978.county,Lebaanon,Lebanon
22055.statevalue,Massachsetts,Massachusetts
36121.county,Kidder***,Kidder
9156.county,Spsalding,Spalding
25125.statevalue,Minesota,Minnesota
23747.county,Cass***,Cass
10036.county,Butlte,Butte
8915.county,Piercqe,Pierce
55845.statevalue,Wisconwsin,Wisconsin
41268.statevalue,Pennslvania,Pennsylvania
31878.county,Bergven,Bergen
51461.county,Heny,Henry
47239.statevalue,Texs,Texas
24672.statevalue,uMinnesota,Minnesota
19316.county,Moroe,Monroe
28392.county,cott,Scott
8973.county,Puleaski,Pulaski
46204.county,Coke,Cooke
20112.county,Calcaseu,Calcasieu
45076.county,Sullvan,Sullivan
23424.county,Sailac,Sanilac
28327.county,S tLouis,St Louis
41514.county,Bristl,Bristol
43511.statevalue,South Dakolta,South Dakota
55558.county,Outagamtie,Outagamie
15451.county,Plymuoth,Plymouth
36220.statevalue,Nroth Dakota,North Dakota
41580.county,rPovidence,Providence
16510.county,Gay,Gray
23317.statevalue,iMchigan,Michigan
46971.statevalue,Teaxs,Texas
32059.statevalue,Ntew Jersey,New Jersey
16894.county,yon,Lyon
41710.county,eBaufort,Beaufort
41936.county,Edgefielid,Edgefield
40759.county,Fayette***,Fayette
25625.county,Isswaquena,Issaquena
3998.statevalue,Cailfornia,California
392.statevalue,Alaama,Alabama
341.statevalue,Albama,Alabama
54219.county,Marshuall,Marshall
42044.county,Hampon,Hampton
13204.county,Knxo,Knox
7630.county,Ddae,Dade
1727.statevalue,Arizoa,Arizona
6205.county,Homles,Holmes
7967.county,ulton,Fulton
26374.statevalue,Misssissippi,Mississippi
49298.statevalue,Texs,Texas
8134.statevalue,Geogia,Georgia
37993.county,Sicoto,Scioto
19841.statevalue,Kxentucky,Kentucky
17099.statevalue,Knsas,Kansas
37286.statevalue,Ohoi,Ohio
8261.statevalue,Georgai,Georgia
48142.statevalue,Teas,Texas
7473.county,Cob,Cobb
25659.county,Jackon,Jackson
28828.statevalue,Mhontana,Montana
39387.statevalue,Oklahoam,Oklahoma
48665.county,iPecos,Pecos
48491.county,Newtno,Newton
41474.county,Wyoimng,Wyoming
16993.county,Mitcehll,Mitchell
27708.county,Madisno,Madison
18652.statevalue,Knetucky,Kentucky
23133.statevalue,Michgian,Michigan
15671.statevalue,yIowa,Iowa
1291.county,Briqstol Bay,Bristol Bay
53443.county,Linocln,Lincoln
21701.county,St arys,St Marys
53589.county,Skamnaia,Skamania
36007.statevalue,Nortdh Dakota,North Dakota
17992.statevalue,Kentoucky,Kentucky
5898.county,Columbiba,Columbia
24505.county,obles,Nobles
37772.county,Noblse,Noble
8948.county,Pok,Polk
15537.statevalue,Irowa,Iowa
31555.statevalue,Nvada,Nevada
19884.county,Webstetr,Webster
49806.county,iWse,Wise
27971.statevalue,Msisouri,Missouri
4445.statevalue,Coloraldo,Colorado
49939.county,yCache,Cache
20747.statevalue,Louisiaa,Louisiana
52078.county,Rockingahm,Rockingham
34415.statevalue,Nyorth Carolina,North Carolina
20791.county,St John The Baptit,St John The Baptist
26694.statevalue,Mitssouri,Missouri
24600.county,Pione,Pine
14184.county,Appanoxose,Appanoose
47975.statevalue,eTxas,Texas
16192.statevalue,Kansacs,Kansas
9136.statevalue,eGorgia,Georgia
25507.statevalue,Misisssippi,Mississippi
10898.statevalue,Illinoiss,Illinois
47961.county,Liestone,Limestone
32140.county,alem,Salem
31296.county,Wanye,Wayne
9178.county,Stehens,Stephens
34871.statevalue,NorthCarolina,North Carolina
14811.county,Guthirie,Guthrie
27862.county,Montgomrey,Montgomery
46767.county,Fresetone,Freestone
54367.statevalue,West Virinia,West Virginia
42843.statevalue,Sout hDakota,South Dakota
29960.statevalue,Neraska,Nebraska
31536.statevalue,Nevdaa,Nevada
21949.county,Hamphire,Hampshire
17856.county,Balvlard,Ballard
47730.county,Kimible,Kimble
43122.statevalue,Sout Dakota,South Dakota
3007.statevalue,Arkanss,Arkansas
49377.county,om Green,Tom Green
20854.county,St aMry,St Mary
40237.county,Wacso,Wasco
42983.statevalue,South Dakta,South Dakota
15045.statevalue,Ioaw,Iowa
15741.county,Warern,Warren
11473.county,pKnox,Knox
45526.statevalue,exas,Texas
43092.statevalue,outh Dakota,South Dakota
19453.county,Odlham,Oldham
9055.statevalue,Goergia,Georgia
11305.statevalue,Illinios,Illinois
40220.county,Walolwa,Wallowa
11571.statevalue,Illdinois,Illinois
50191.county,Rkich,Rich
56396.county,Tetno,Teton
9773.statevalue,Hawaii***,Hawaii
55009.statevalue,isconsin,Wisconsin
52354.county,Wtyhe,Wythe
18110.county,Capmbell,Campbell
56353.county,Sheridwan,Sheridan
52586.statevalue,Viginia,Virginia
37057.county,Deslaware,Delaware
10027.county,utte,Butte
54612.statevalue,Westt Virginia,West Virginia
35004.county,ecklenburg,Mecklenburg
23114.statevalue,Micfhigan,Michigan
891.statevalue,Alabaam,Alabama
42097.statevalue,Sout hCarolina,South Carolina
7203.county,Buts,Butts
44162.county,Grunday,Grundy
31225.statevalue,Nebrasak,Nebraska
53029.county,illiamsburg City,Williamsburg City
6991.statevalue,Gorgia,Georgia
32815.county,Alabny,Albany
21290.county,Piscatauqis,Piscataquis
4981.county,Las Aniams,Las Animas
888.county,Monproe,Monroe
50294.statevalue,tUah,Utah
2623.county,mLee,Lee
41987.county,Georgetwon,Georgetown
34848.county,Johnstofn,Johnston
20589.statevalue,Louisitana,Louisiana
23207.statevalue,ichigan,Michigan
47305.county,Hoojd,Hood
29047.county,Hlill,Hill
7742.statevalue,Goergia,Georgia
50975.county,vCaroline,Caroline
1995.county,Beynton,Benton
52311.county,Westmoreladn,Westmoreland
49689.county,ichita,Wichita
43996.county,Dickon,Dickson
46647.county,Fanniin,Fannin
26240.statevalue,Mississppi,Mississippi
5525.county,Lidtchfield,Litchfield
39521.county,Txas,Texas
51692.county,Mathwes,Mathews
4013.statevalue,Califrnia,California
20890.statevalue,Louisinaa,Louisiana
37402.statevalue,Obhio,Ohio
6214.county,ndian River,Indian River
48455.county,Nacogoches,Nacogdoches
53986.statevalue,Welst Virginia,West Virginia
11468.statevalue,lIlinois,Illinois
5040.statevalue,Colodrado,Colorado
36109.county,Kidder***,Kidder
53121.county,Chelhan,Chelan
42672.statevalue,SouthD akota,South Dakota
26819.county,Butelr,Butler
12818.statevalue,ndiana,Indiana
47206.county,Hyas,Hays
18723.county,Hcikman,Hickman
2270.statevalue,eArkansas,Arkansas
13680.county,Randolhp,Randolph
45872.statevalue,Tkexas,Texas
47250.county,Henderosn,Henderson
36631.statevalue,North Dakeota,North Dakota
32543.county,Mckfinley,Mckinley
3358.statevalue,Clifornia,California
40711.county,Delawaer,Delaware
56312.county,Pakr,Park
6061.county,Glaes,Glades
53062.county,Wincshester City,Winchester City
52461.statevalue,irginia,Virginia
26136.statevalue,Misissippi,Mississippi
13088.county,Jacson,Jackson
39580.statevalue,Oklahoa,Oklahoma
33927.statevalue,New Yourk,New York
55518.statevalue,Wfisconsin,Wisconsin
56234.county,Laraie,Laramie
51282.statevalue,Virgidnia,Virginia
19462.county,Owehn,Owen
22786.statevalue,Mwichigan,Michigan
19171.statevalue,entucky,Kentucky
30482.statevalue,ebraska,Nebraska
23119.statevalue,Mihcigan,Michigan
27635.statevalue,iMssouri,Missouri
52011.statevalue,Virgniia,Virginia
7991.county,Gilfmer,Gilmer
30817.county,Nemahba,Nemaha
36122.county,Kiddre,Kidder
56350.county,Sherdan,Sheridan
53134.statevalue,qWashington,Washington
23237.county,Ogmemaw,Ogemaw
43254.statevalue,Suth Dakota,South Dakota
22469.county,aton,Eaton
35375.statevalue,North Carolian,North Carolina
8105.county,Habebrsham,Habersham
51138.statevalue,Virignia,Virginia
39804.county,Dreschutes,Deschutes
24990.statevalue,Minnesotza,Minnesota
3687.statevalue,Caifornia,California
4482.statevalue,Colordao,Colorado
8301.county,Jaseper,Jasper
4820.county,pHinsdale,Hinsdale
46170.county,Comaanche,Comanche
55117.county,Foerst,Forest
13773.statevalue,Idiana,Indiana
44479.statevalue,Tennessege,Tennessee
30736.county,MPherson,McPherson
41120.county,Mobntgomery,Montgomery
10521.statevalue,Idhao,Idaho
37259.statevalue,Oiho,Ohio
35398.statevalue,orth Carolina,North Carolina
37879.county,Portarge,Portage
42911.statevalue,South Daota,South Dakota
6212.county,Indian Rvier,Indian River
3891.county,San Benio,San Benito
22917.statevalue,Mihcigan,Michigan
21946.statevalue,Masaschusetts,Massachusetts
2710.county,aMdison,Madison
20351.county,Ibria,Iberia
17464.county,Seawrd,Seward
8227.statevalue,Goeorgia,Georgia
39635.county,Woosd,Woods
20215.county,De Sloto,De Soto
44604.statevalue,Tnenessee,Tennessee
3655.county,Mariopsa,Mariposa
49768.county,Wilsn,Wilson
52325.statevalue,Virgina,Virginia
33969.statevalue,Noth Carolina,North Carolina
39703.county,Clackxamas,Clackamas
49728.statevalue,Texaas,Texas
13656.county,Putam,Putnam
50352.county,Wlasatch,Wasatch
38995.county,Lirncoln,Lincoln
2405.statevalue,Arkanzsas,Arkansas
7602.statevalue,Georgai,Georgia
18010.county,Breathtt,Breathitt
10424.statevalue,Idvaho,Idaho
35479.county,wSain,Swain
28385.county,cSotland,Scotland
656.statevalue,Alabaam,Alabama
49061.county,Scury,Scurry
33677.statevalue,eNw York,New York
9026.county,Rcabun,Rabun
41342.county,Susquehatnna,Susquehanna
4550.county,Costila,Costilla
21136.statevalue,Maien,Maine
37263.statevalue,Oho,Ohio
9306.statevalue,Gieorgia,Georgia
12.county,Autuga,Autauga
45949.county,aCstro,Castro
16508.statevalue,Kasas,Kansas
42639.county,Clak,Clark
11866.statevalue,lIlinois,Illinois
38514.statevalue,Oklaohma,Oklahoma
43371.statevalue,outh Dakota,South Dakota
22442.statevalue,Michian,Michigan
45895.statevalue,Teas,Texas
53614.county,Snohomsih,Snohomish
47186.statevalue,eTxas,Texas
12310.statevalue,lIlinois,Illinois
15681.statevalue,Ioaw,Iowa
48506.statevalue,exas,Texas
50157.county,Mrogan,Morgan
49882.statevalue,exas,Texas
44858.county,oPlk,Polk
43681.county,Bleddsoe,Bledsoe
24884.county,teele,Steele
9971.statevalue,Idaoh,Idaho
49555.statevalue,Txeas,Texas
43953.statevalue,Tegnnessee,Tennessee
40751.county,Egrie,Erie
1615.county,Warde Hampton,Wade Hampton
51115.statevalue,irginia,Virginia
12687.county,Crwaford,Crawford
42206.county,aMrion,Marion
22520.statevalue,iMchigan,Michigan
46738.statevalue,Tnexas,Texas
21855.county,Briwstol,Bristol
17855.statevalue,Kenntucky,Kentucky
44079.county,Franlin,Franklin
28132.statevalue,Mmissouri,Missouri
28074.statevalue,Mmissouri,Missouri
25351.county,Clya,Clay
14703.county,Fqayette,Fayette
25382.statevalue,Mississippi***,Mississippi
8131.statevalue,Goergia,Georgia
34489.county,Druham,Durham
5066.county,Moffta,Moffat
36649.statevalue,North Dakoa,North Dakota
27452.statevalue,Misstouri,Missouri
26832.county,Cadwell,Caldwell
22481.statevalue,Mihigan,Michigan
38222.county,iWlliams,Williams
37909.statevalue,Oiho,Ohio
9504.statevalue,Goergia,Georgia
26192.statevalue,Msisissippi,Mississippi
42337.statevalue,South Carolna,South Carolina
8607.statevalue,Geoyrgia,Georgia
21181.statevalue,Manie,Maine
246.county,lay,Clay
27316.county,Grudny,Grundy
18937.statevalue,Kentucyk,Kentucky
55771.statevalue,Wsconsin,Wisconsin
14528.statevalue,Ilowa,Iowa
24358.statevalue,Minvnesota,Minnesota
32363.statevalue,ew Mexico,New Mexico
46822.statevalue,exas,Texas
8954.county,fPolk,Polk
31646.statevalue,Nevaa,Nevada
18595.statevalue,Kentudcky,Kentucky
54093.county,Jlefferson,Jefferson
13118.statevalue,Idniana,Indiana
42653.statevalue,SouthD akota,South Dakota
36369.county,Rasmey,Ramsey
38052.county,mStark,Stark
27208.county,oDuglas,Douglas
32847.county,Avllegany,Allegany
1399.county,Kenai Peinnsula,Kenai Peninsula
32955.county,Chmeung,Chemung
41830.county,Chesterfiedl,Chesterfield
49755.statevalue,sTexas,Texas
4461.county,Broomfied,Broomfield
9214.county,umter,Sumter
1916.statevalue,Arzona,Arizona
7345.county,Chattahoohcee,Chattahoochee
56178.county,Fremnt,Fremont
8418.statevalue,Georiga,Georgia
53826.county,Bratxon,Braxton
5722.statevalue,Fulorida,Florida
18485.county,Gallzatin,Gallatin
8185.statevalue,Georgiua,Georgia
30163.statevalue,ebraska,Nebraska
33769.county,Tiogha,Tioga
5654.statevalue,Deolaware,Delaware
408.statevalue,Albaama,Alabama
52943.county,Slem City,Salem City
24077.county,Hbubard,Hubbard
8205.statevalue,Georgai,Georgia
19898.statevalue,Knetucky,Kentucky
16692.county,Jewell***,Jewell
55787.county,Saweyr,Sawyer
13121.county,Jaser,Jasper
40466.statevalue,Pensylvania,Pennsylvania
55411.county,Mamrathon,Marathon
4014.statevalue,Californwia,California
33616.county,St Lwarence,St Lawrence
23196.county,Ofakland,Oakland
36983.statevalue,Ohoi,Ohio
6518.county,Oskeechobee,Okeechobee
10535.statevalue,dIaho,Idaho
24122.county,Jacksocn,Jackson
36324.statevalue,Nborth Dakota,North Dakota
44508.statevalue,Tennesese,Tennessee
48830.statevalue,exas,Texas
463.statevalue,Alabaam,Alabama
15449.statevalue,owa,Iowa
29370.county,Poewll,Powell
37423.statevalue,Ohoi,Ohio
54818.statevalue,Wiscosnin,Wisconsin
34305.statevalue,North Carlina,North Carolina
50606.county,uRtland,Rutland
37628.statevalue,Oiho,Ohio
30365.statevalue,Nebrska,Nebraska
169.county,Cehrokee,Cherokee
52788.statevalue,Virginai,Virginia
4900.statevalue,Colordo,Colorado
5960.county,Esncambia,Escambia
55134.statevalue,Wiconsin,Wisconsin
29666.statevalue,oMntana,Montana
29120.county,Lewis and Clrak,Lewis and Clark
50761.statevalue,Virgibnia,Virginia
13266.county,Laek,Lake
53633.statevalue,Wasington,Washington
17418.county,Salrine,Saline
33442.statevalue,Nw York,New York
4099.statevalue,Califoria,California
16098.county,Cqheyenne,Cheyenne
16531.county,Greeldey,Greeley
32695.county,Sanmta Fe,Santa Fe
40556.county,Chesetr,Chester
50645.county,Wixndham,Windham
21549.county,Freerick,Frederick
28311.county,St dFrancois,St Francois
29046.county,Hilml,Hill
7697.statevalue,Georzgia,Georgia
12708.county,aviess,Daviess
9484.statevalue,eorgia,Georgia
14479.statevalue,Iuowa,Iowa
14480.county,Caly,Clay
54453.statevalue,West Vrginia,West Virginia
19249.county,Made,Meade
30880.statevalue,Nebarska,Nebraska
29319.county,Phillwips,Phillips
16914.statevalue,Knasas,Kansas
35447.statevalue,North Cagrolina,North Carolina
11964.county,ike,Pike
21384.county,ork,York
5403.county,Tellr,Teller
16658.county,ackson,Jackson
34400.county,Cuerrituck,Currituck
34194.county,Camdn,Camden
11462.statevalue,Illlinois,Illinois
48997.statevalue,Texsa,Texas
40356.statevalue,Penwnsylvania,Pennsylvania
42719.county,Davitson,Davison
40671.statevalue,Penncsylvania,Pennsylvania
14007.statevalue,Indsiana,Indiana
41184.statevalue,Pnensylvania,Pennsylvania
4947.county,La lPata,La Plata
39355.county,Pitstburg,Pittsburg
47586.county,Johnsotn,Johnson
8810.statevalue,Georgxia,Georgia
39327.statevalue,Oklahoam,Oklahoma
13168.statevalue,nIdiana,Indiana
2876.statevalue,Arkanssa,Arkansas
40877.county,Izndiana,Indiana
12001.statevalue,llinois,Illinois
34241.statevalue,North hCarolina,North Carolina
49934.statevalue,Uath,Utah
32099.statevalue,Ne Jersey,New Jersey
43991.statevalue,Tennesse,Tennessee
50209.county,Salt Lkae,Salt Lake
34314.statevalue,North Caorlina,North Carolina
13906.statevalue,Inbdiana,Indiana
28591.statevalue,Missuri,Missouri
21168.county,Frnklin,Franklin
22190.county,Baaga,Baraga
36530.statevalue,North Daota,North Dakota
25686.statevalue,Missiscsippi,Mississippi
13242.county,Lagrnage,Lagrange
22951.statevalue,ichigan,Michigan
55359.statevalue,iWsconsin,Wisconsin
27594.statevalue,Missoui,Missouri
13944.statevalue,Indiaan,Indiana
2038.county,Calhonu,Calhoun
29285.statevalue,Motnana,Montana
29387.statevalue,Mnotana,Montana
13650.county,Putnma,Putnam
15561.county,aSc,Sac
48514.statevalue,Txeas,Texas
32639.county,andoval,Sandoval
14813.statevalue,Ioowa,Iowa
33364.county,New Yokr,New York
12275.county,Vermilimon,Vermilion
50493.county,Essex***,Essex
42295.county,Pckens,Pickens
53275.county,Gafrield,Garfield
45672.county,Brayzoria,Brazoria
54793.county,Baron,Barron
32834.county,Alegany,Allegany
11644.county,Mclena,Mclean
38493.county,Cimarron***,Cimarron
10107.statevalue,Iadho,Idaho
4880.statevalue,Coloraod,Colorado
40334.county,Alolegheny,Allegheny
24582.county,Pesnnington,Pennington
47916.statevalue,Texs,Texas
28457.county,Stoddad,Stoddard
48660.statevalue,eTxas,Texas
32052.county,Mriddlesex,Middlesex
10078.statevalue,eIdaho,Idaho
26479.county,Washingvton,Washington
25922.county,Maison,Madison
53645.county,Stevnes,Stevens
32049.county,Mdidlesex,Middlesex
10128.statevalue,Idho,Idaho
4234.county,uTlare,Tulare
29469.statevalue,Mntana,Montana
371.county,Crensahw,Crenshaw
53982.county,xGrant,Grant
7300.statevalue,Georiga,Georgia
26427.county,mUnion,Union
52689.county,Lexsington City,Lexington City
27000.statevalue,Msisouri,Missouri
47740.statevalue,Teas,Texas
37410.county,eJfferson,Jefferson
22935.county,Makcinac,Mackinac
31223.statevalue,ebraska,Nebraska
33525.statevalue,ew York,New York
33228.statevalue,Ne wYork,New York
21288.statevalue,qMaine,Maine
30550.statevalue,Nerbaska,Nebraska
12725.county,Dearorn,Dearborn
45543.county,Bee***,Bee
18343.county,Ellioatt,Elliott
32032.county,Mrecer,Mercer
6404.county,zManatee,Manatee
27573.county,Ljafayette,Lafayette
46093.county,Clolin,Collin
30469.county,Hichcock,Hitchcock
17490.county,Shawene,Shawnee
36153.statevalue,Northd Dakota,North Dakota
10450.county,Nz Perce,Nez Perce
5774.county,revard,Brevard
18422.statevalue,entucky,Kentucky
15905.county,llen,Allen
6246.county,Jacksyon,Jackson
53764.county,Yoakima,Yakima
10567.county,Twi nFalls,Twin Falls
6438.county,Mrtin,Martin
49837.county,Yotakum,Yoakum
40770.county,Faeytte,Fayette
25925.county,Mabdison,Madison
45618.county,Bordne,Borden
32506.statevalue,ew Mexico,New Mexico
962.statevalue,Alabawma,Alabama
56154.county,Cvrook,Crook
44521.county,eLwis,Lewis
52381.county,Aexandria City,Alexandria City
22363.statevalue,Milchigan,Michigan
2115.statevalue,Arkanass,Arkansas
49968.county,Carbno,Carbon
19864.county,ayne,Wayne
18299.county,Cubmerland,Cumberland
2274.statevalue,Akransas,Arkansas
35504.statevalue,Northt Carolina,North Carolina
20898.statevalue,Louiswiana,Louisiana
9728.county,Wdilkinson,Wilkinson
14852.county,aHrdin,Hardin
23047.county,Menomniee,Menominee
15828.county,Winnesihek,Winneshiek
6710.county,Sant aRosa,Santa Rosa
56358.statevalue,Woming,Wyoming
48464.statevalue,exas,Texas
48763.county,Reagn,Reagan
15067.county,eKokuk,Keokuk
12678.county,Crawfodr,Crawford
14040.statevalue,Idiana,Indiana
36927.county,Clinon,Clinton
43539.county,urner,Turner
1219.statevalue,laska,Alaska
40382.statevalue,ennsylvania,Pennsylvania
29207.statevalue,oMntana,Montana
51472.county,ighland,Highland
56030.statevalue,Wisiconsin,Wisconsin
32363.county,Doana Ana,Dona Ana
55769.statevalue,Wiscosnin,Wisconsin
47273.statevalue,Txeas,Texas
17329.statevalue,ansas,Kansas
4342.statevalue,oColorado,Colorado
153.county,Chamers,Chambers
12655.county,Cilnton,Clinton
2.statevalue,labama,Alabama
50401.statevalue,Uath,Utah
37832.county,Prery,Perry
56218.statevalue,yWoming,Wyoming
40269.county,Wheelre,Wheeler
33408.county,neida,Oneida
8534.statevalue,Gbeorgia,Georgia
10725.county,Buraeu,Bureau
38103.statevalue,hOio,Ohio
34861.statevalue,North Carolian,North Carolina
36615.county,Walh,Walsh
32347.statevalue,New gMexico,New Mexico
35150.statevalue,North Carolian,North Carolina
18878.statevalue,Kentufcky,Kentucky
29998.statevalue,Nebbraska,Nebraska
12164.statevalue,lIlinois,Illinois
33541.county,Queqens,Queens
16589.county,Harpre,Harper
22368.statevalue,Mchigan,Michigan
40534.statevalue,Poennsylvania,Pennsylvania
6617.county,Pniellas,Pinellas
25513.statevalue,Misseissippi,Mississippi
45395.statevalue,exas,Texas
45455.county,ustin,Austin
72.county,ibb,Bibb
53339.statevalue,aWshington,Washington
39612.statevalue,Oklaoma,Oklahoma
2635.county,Ldincoln,Lincoln
31311.county,Webstre,Webster
45097.county,Suemner,Sumner
19467.statevalue,entucky,Kentucky
49060.statevalue,exas,Texas
42169.statevalue,SouthCarolina,South Carolina
41398.statevalue,Pennsylsvania,Pennsylvania
9813.county,Mui,Maui
30790.county,Morrill***,Morrill
53672.county,Thurstno,Thurston
20666.statevalue,Lousiiana,Louisiana
24584.statevalue,Minnesoat,Minnesota
36354.county,Ppierce,Pierce
6830.county,oVolusia,Volusia
40393.county,erks,Berks
15750.statevalue,Ioaw,Iowa
15971.statevalue,aKnsas,Kansas
11147.county,Galatin,Gallatin
36686.statevalue,Ohoi,Ohio
40661.statevalue,Pennsyrlvania,Pennsylvania
25473.county,Georxge,George
53531.county,Pwend Oreille,Pend Oreille
38318.county,Aoka,Atoka
13370.county,Martn,Martin
35691.statevalue,North arolina,North Carolina
14331.statevalue,owa,Iowa
31429.statevalue,evada,Nevada
14502.county,Claytton,Clayton
32740.county,Socoror,Socorro
20460.county,Lafource,Lafourche
15222.county,ahaska,Mahaska
4777.county,Garnd,Grand
18773.statevalue,Kbentucky,Kentucky
36857.statevalue,uOhio,Ohio
4680.statevalue,kColorado,Colorado
31881.statevalue,Neyw Jersey,New Jersey
27898.county,New aMdrid,New Madrid
8621.statevalue,Georgjia,Georgia
21050.statevalue,Luisiana,Louisiana
22200.county,Brary,Barry
19342.county,Mogntgomery,Montgomery
40661.county,rawford,Crawford
34940.statevalue,North Carcolina,North Carolina
54754.county,rWyoming,Wyoming
19825.statevalue,Kentcky,Kentucky
36589.county,Towwner,Towner
48775.county,Reaegan,Reagan
8966.county,Pulasik,Pulaski
20782.statevalue,iLouisiana,Louisiana
27192.statevalue,Misysouri,Missouri
147.county,Chamebrs,Chambers
2740.county,Mliler,Miller
8814.statevalue,eorgia,Georgia
2818.county,Nevavda,Nevada
10979.county,mDewitt,Dewitt
33583.statevalue,New ork,New York
3195.statevalue,zArkansas,Arkansas
44616.statevalue,Tennesseme,Tennessee
6941.statevalue,Georgai,Georgia
43182.statevalue,Souh Dakota,South Dakota
10114.county,Cassai,Cassia
19584.statevalue,Kentuckpy,Kentucky
38459.county,Cheropkee,Cherokee
45305.county,Williamsno,Williamson
38486.statevalue,Okalhoma,Oklahoma
18588.statevalue,Kentcky,Kentucky
24001.county,Gooidhue,Goodhue
4291.statevalue,Califronia,California
12609.county,Cas,Cass
7955.statevalue,Georia,Georgia
42922.statevalue,Sout hDakota,South Dakota
44167.statevalue,Tennesse,Tennessee
28834.county,Cster,Custer
37331.statevalue,Ohtio,Ohio
14146.statevalue,Ioaw,Iowa
24850.statevalue,Minneseota,Minnesota
46238.statevalue,Texsa,Texas
25021.statevalue,Minnesoa,Minnesota
9682.county,hitfield,Whitfield
40783.county,oFrest,Forest
3261.statevalue,Arknsas,Arkansas
37146.statevalue,tOhio,Ohio
36436.county,Roltte,Rolette
10006.statevalue,Iaho,Idaho
35322.statevalue,North Carolinta,North Carolina
7164.statevalue,Georgai,Georgia
45656.statevalue,Tecxas,Texas
41178.county,orthumberland,Northumberland
7893.statevalue,Gerogia,Georgia
35155.county,Pamlio,Pamlico
47767.county,Knney,Kinney
3516.county,Iyo,Inyo
35920.county,Dikcey,Dickey
32203.county,Warren***,Warren
20270.statevalue,Loiusiana,Louisiana
23250.statevalue,Mihcigan,Michigan
610.county,mHenry,Henry
15060.county,ones,Jones
19989.county,Ascensino,Ascension
39964.county,Kalmath,Klamath
33993.county,Ansoyn,Anson
17629.statevalue,Kansias,Kansas
46433.statevalue,Texs,Texas
8752.county,Mogran,Morgan
3972.statevalue,Califronia,California
33697.county,Sencea,Seneca
41558.statevalue,Rhde Island,Rhode Island
489.statevalue,dAlabama,Alabama
46257.county,Crnae,Crane
41523.county,ristol,Bristol
2246.county,Crtitenden,Crittenden
49014.statevalue,exas,Texas
44413.statevalue,Tennesee,Tennessee
26213.county,Rnkin,Rankin
28409.statevalue,Missorui,Missouri
18016.county,Breatitt,Breathitt
24697.county,Redowod,Redwood
952.statevalue,Alabaa,Alabama
34216.statevalue,North Caolina,North Carolina
13786.statevalue,Inldiana,Indiana
26831.statevalue,Missuri,Missouri
27369.county,Hiczkory,Hickory
49771.statevalue,exas,Texas
264.statevalue,Aabama,Alabama
52319.county,gWestmoreland,Westmoreland
6864.statevalue,Flnorida,Florida
51055.statevalue,Virgfinia,Virginia
36391.statevalue,North iDakota,North Dakota
8174.statevalue,Georgkia,Georgia
7520.county,Colquitt***,Colquitt
20527.statevalue,Louisina,Louisiana
54346.statevalue,Wqest Virginia,West Virginia
22011.county,Norfokl,Norfolk
36126.statevalue,Ntorth Dakota,North Dakota
32459.county,Lae,Lea
23620.county,Belitrami,Beltrami
938.county,Perry***,Perry
30100.county,Dakwson,Dawson
21810.county,Baltimore Ciy,Baltimore City
23375.county,fSaginaw,Saginaw
48289.county,Midlaynd,Midland
20134.statevalue,Louisiaa,Louisiana
19931.county,Wodoford,Woodford
39954.county,osephine,Josephine
1326.statevalue,Aalska,Alaska
14073.county,Wels,Wells
24314.county,aLyon,Lyon
614.statevalue,Alaabma,Alabama
21175.statevalue,Mainxe,Maine
13998.county,Warrn,Warren
35303.county,Richmodn,Richmond
48258.county,Medna,Medina
40137.county,Plok,Polk
15916.statevalue,Kasnas,Kansas
2550.county,Jfeferson,Jefferson
37527.county,Lorailn,Lorain
22435.statevalue,Mchigan,Michigan
29521.statevalue,Mntana,Montana
24751.statevalue,Minnespota,Minnesota
38391.statevalue,klahoma,Oklahoma
26092.county,tPanola,Panola
7328.statevalue,Geogia,Georgia
54559.statevalue,Wst Virginia,West Virginia
30396.county,Halyl,Hall
22299.statevalue,Micahigan,Michigan
24812.county,Scott***,Scott
11879.statevalue,Illionis,Illinois
31334.statevalue,Nebrfaska,Nebraska
11502.county,Lkae,Lake
32137.county,Salewm,Salem
15187.statevalue,Ioaw,Iowa
45653.county,Bowei,Bowie
1071.statevalue,Alabma,Alabama
29668.statevalue,Maontana,Montana
33983.county,Allehgany,Alleghany
42253.county,Ouconee,Oconee
50964.statevalue,Virgiia,Virginia
46611.statevalue,Teas,Texas
2260.county,ross,Cross
12495.county,Batholomew,Bartholomew
50653.statevalue,Vermpont,Vermont
24330.county,MgcLeod,McLeod
12211.county,Stephenon,Stephenson
5072.statevalue,Colordao,Colorado
13188.county,Jhnson,Johnson
45464.statevalue,Texajs,Texas
31221.statevalue,Nebaska,Nebraska
15027.county,Jeffersoun,Jefferson
23325.statevalue,Myichigan,Michigan
51776.statevalue,Virginai,Virginia
35119.statevalue,North Carolian,North Carolina
33724.statevalue,New Yrok,New York
1746.statevalue,Arizxona,Arizona
44900.county,Rheja,Rhea
41250.statevalue,Pennsylvania***,Pennsylvania
26358.statevalue,ississippi,Mississippi
40475.county,Buthler,Butler
46477.county,Deonley,Donley
14776.statevalue,owa,Iowa
16094.county,Cheyennoe,Cheyenne
36760.county,Athesn,Athens
33917.statevalue,Ne York,New York
37998.county,Sciojto,Scioto
5575.statevalue,Conecticut,Connecticut
42658.county,Cay,Clay
34779.statevalue,Noth Carolina,North Carolina
53284.county,wGrant,Grant
5208.county,Ptitkin,Pitkin
22028.statevalue,Massachusetst,Massachusetts
3993.statevalue,Califoarnia,California
42495.county,on Homme,Bon Homme
41182.statevalue,Pennsyvania,Pennsylvania
43813.county,Chelster,Chester
33319.statevalue,New Yaork,New York
54694.county,Wetzle,Wetzel
17149.statevalue,Knsas,Kansas
48125.county,McMullen***,McMullen
41802.statevalue,pSouth Carolina,South Carolina
10289.statevalue,Idaaho,Idaho
15058.county,ones,Jones
40798.statevalue,Pennsylvnaia,Pennsylvania
34054.statevalue,North Caolina,North Carolina
46963.county,regg,Gregg
37308.statevalue,Oio,Ohio
35344.statevalue,North Carolilna,North Carolina
23122.county,Mozntcalm,Montcalm
173.county,Cherkoee,Cherokee
12058.statevalue,lIlinois,Illinois
44052.county,Fentaress,Fentress
23708.statevalue,Minesota,Minnesota
6868.county,aWlton,Walton
53711.statevalue,Washingtomn,Washington
7842.statevalue,Gorgia,Georgia
12196.statevalue,llinois,Illinois
27573.statevalue,Missouir,Missouri
10929.statevalue,Illiois,Illinois
30231.county,Fxranklin,Franklin
21330.county,Somgerset,Somerset
26604.county,Yazioo,Yazoo
45977.statevalue,Texsa,Texas
55930.county,Washbrn,Washburn
52344.statevalue,Virgminia,Virginia
43328.statevalue,South aDkota,South Dakota
25535.county,Hancomck,Hancock
10884.statevalue,Illinios,Illinois
19028.statevalue,Kenitucky,Kentucky
33382.statevalue,New oYrk,New York
39975.statevalue,rOegon,Oregon
53453.county,Linbcoln,Lincoln
38692.county,Garwfield,Garfield
23475.statevalue,ichigan,Michigan
21460.statevalue,aryland,Maryland
42669.county,odington,Codington
30415.statevalue,Nberaska,Nebraska
30103.statevalue,Nebrsaka,Nebraska
53805.county,Booen,Boone
34513.county,Edgecomeb,Edgecombe
19399.county,Nelsn,Nelson
36674.county,illiams,Williams
40753.county,Faytete,Fayette
44195.statevalue,ennessee,Tennessee
21669.county,Pricne Georges,Prince Georges
29410.statevalue,Montna,Montana
34333.county,Clevealnd,Cleveland
45276.statevalue,Tdennessee,Tennessee
20841.statevalue,Louisiaan,Louisiana
44038.county,Fakyette,Fayette
49185.county,Setphens,Stephens
23306.county,Otseo,Otsego
2025.statevalue,Arakansas,Arkansas
3591.statevalue,Califrnia,California
45195.county,Van Bluren,Van Buren
35776.county,Benosn,Benson
26748.county,Bentmon,Benton
51894.statevalue,Virinia,Virginia
26029.county,eNwton,Newton
1434.statevalue,lAaska,Alaska
30464.statevalue,Neraska,Nebraska
34963.statevalue,North Craolina,North Carolina
6744.statevalue,Floriad,Florida
27638.county,Lnin,Linn
15139.county,Lousia,Louisa
27864.statevalue,Misosuri,Missouri
46839.county,Garaz,Garza
25353.county,Cly,Clay
52449.county,CharlottesvilleC ity,Charlottesville City
51539.statevalue,Virnginia,Virginia
14767.county,Greenye,Greene
41821.statevalue,South Carolna,South Carolina
32874.county,fBroome,Broome
38194.county,Washingotn,Washington
36171.statevalue,North Dakowta,North Dakota
56409.statevalue,Wyodming,Wyoming
23889.county,aDkota,Dakota
7270.statevalue,eorgia,Georgia
26633.statevalue,Missorui,Missouri
20517.county,Lvingston,Livingston
17089.county,Noesho,Neosho
14750.county,Fremotn,Fremont
7097.statevalue,Geyorgia,Georgia
14655.county,uDbuque,Dubuque
43488.county,uSlly,Sully
51358.statevalue,Virgiina,Virginia
20247.county,East Btaon Rouge,East Baton Rouge
31352.statevalue,Nebrasa,Nebraska
54322.county,Monongaila,Monongalia
10904.statevalue,Illninois,Illinois
4018.statevalue,Califorjnia,California
56113.statevalue,Wyming,Wyoming
8821.statevalue,Geogia,Georgia
10094.county,Caribu,Caribou
42356.statevalue,Souh Carolina,South Carolina
44448.statevalue,Tefnnessee,Tennessee
24078.statevalue,Minneosta,Minnesota
29901.county,ass,Cass
54560.statevalue,West Vjirginia,West Virginia
7576.county,Cowekta,Coweta
8792.county,Muscogeye,Muscogee
14168.county,Apanoose,Appanoose
35874.county,Burligh,Burleigh
14082.statevalue,Idiana,Indiana
3118.county,Sievier,Sevier
40812.statevalue,Pennsylvaania,Pennsylvania
11974.county,Poape,Pope
40496.statevalue,Pennsylvaniga,Pennsylvania
36059.statevalue,Notrh Dakota,North Dakota
20077.county,ossier,Bossier
32070.county,onmouth,Monmouth
8780.statevalue,Geogia,Georgia
15283.county,itchell,Mitchell
44953.statevalue,Tennescsee,Tennessee
27579.county,Larence,Lawrence
31016.county,Rokc,Rock
4797.county,Gunnisn,Gunnison
23149.statevalue,Micigan,Michigan
12100.statevalue,iIllinois,Illinois
55.county,Bibcb,Bibb
30184.statevalue,Nebrsaka,Nebraska
35515.statevalue,North Careolina,North Carolina
54804.statevalue,Wisocnsin,Wisconsin
40907.county,Junioata,Juniata
20605.county,Ouahita,Ouachita
9335.statevalue,Georgai,Georgia
15427.county,Palro Alto,Palo Alto
34319.statevalue,NorthC arolina,North Carolina
22949.statevalue,Mihigan,Michigan
47815.statevalue,Txeas,Texas
50706.county,Albmarle,Albemarle
35497.statevalue,oNrth Carolina,North Carolina
23760.statevalue,Minensota,Minnesota
51977.county,Prince hWilliam,Prince William
11008.county,u Page,Du Page
4358.county,Aapahoe,Arapahoe
46733.county,oFrt Bend,Fort Bend
21050.county,Wmest Carroll,West Carroll
37701.county,Motngomery,Montgomery
28548.statevalue,issouri,Missouri
17039.county,Moreris,Morris
47848.statevalue,Teaxs,Texas
12715.statevalue,Ifndiana,Indiana
30250.county,Frotier,Frontier
33849.statevalue,Nw York,New York
44183.statevalue,Tennessee***,Tennessee
40055.county,Maplheur,Malheur
50559.statevalue,Vemont,Vermont
20385.statevalue,Louhisiana,Louisiana
16993.statevalue,Kanss,Kansas
35938.statevalue,North Dakta,North Dakota
55307.county,Kewkaunee,Kewaunee
23638.statevalue,Minnsota,Minnesota
18993.county,Lewsi,Lewis
47286.statevalue,Texsa,Texas
30162.county,Dodeg,Dodge
44802.statevalue,Tennesse,Tennessee
29560.statevalue,Montaan,Montana
47163.statevalue,exas,Texas
33112.statevalue,New Yotrk,New York
4328.county,dams,Adams
36965.statevalue,Oiho,Ohio
15141.county,Lousa,Louisa
31786.county,Merriamck,Merrimack
39711.statevalue,Oreon,Oregon
18757.county,Jakson,Jackson
46891.statevalue,eTxas,Texas
40051.county,vMalheur,Malheur
9384.statevalue,Georgai,Georgia
30744.statevalue,Nebrasak,Nebraska
52612.statevalue,Virgnia,Virginia
31073.statevalue,rNebraska,Nebraska
60.county,ibb,Bibb
8350.statevalue,Geoyrgia,Georgia
17804.county,llen,Allen
19380.statevalue,Kentucdky,Kentucky
38479.statevalue,jOklahoma,Oklahoma
21872.county,Dukwes,Dukes
18818.statevalue,Kjentucky,Kentucky
27609.statevalue,Missouir,Missouri
15934.county,Atchisno,Atchison
28761.statevalue,Montanxa,Montana
15301.statevalue,Ieowa,Iowa
37752.county,uskingum,Muskingum
7310.county,Charzlton,Charlton
51196.statevalue,Virginai,Virginia
23326.statevalue,Michisgan,Michigan
23323.statevalue,Michian,Michigan
50502.statevalue,ermont,Vermont
43525.county,Tunrer,Turner
23658.county,Big tSone,Big Stone
16644.statevalue,Kasnas,Kansas
28250.county,St Chaarles,St Charles
6543.county,uOrange,Orange
46755.statevalue,Textas,Texas
13314.county,Maddison,Madison
42158.county,Lexingtn,Lexington
44107.statevalue,Tennefssee,Tennessee
40485.statevalue,Pennsylvaia,Pennsylvania
6899.county,Applng,Appling
10218.statevalue,daho,Idaho
10601.statevalue,lIdaho,Idaho
4410.statevalue,Cuolorado,Colorado
34294.county,howan,Chowan
17946.statevalue,eKntucky,Kentucky
23758.county,Css,Cass
37092.statevalue,hio,Ohio
22701.statevalue,Michgian,Michigan
56121.statevalue,Wyomign,Wyoming
16611.statevalue,Kanas,Kansas
33129.statevalue,Nwe York,New York
18847.county,nKott,Knott
6150.statevalue,Floricda,Florida
6921.statevalue,Georgai,Georgia
26781.county,Bone,Boone
32728.county,Socrro,Socorro
42920.statevalue,Soth Dakota,South Dakota
48777.statevalue,Txeas,Texas
55817.county,Shawaon,Shawano
30093.statevalue,Nerbaska,Nebraska
23947.county,Farbiault,Faribault
38672.county,llis,Ellis
34617.statevalue,zNorth Carolina,North Carolina
48908.county,Runneals,Runnels
5244.county,uPeblo,Pueblo
51264.county,Fraknlin,Franklin
14613.statevalue,Ioaw,Iowa
39979.county,Layke,Lake
45073.county,Sulliovan,Sullivan
4059.statevalue,Chalifornia,California
8333.county,Jff Davis,Jeff Davis
52458.county,Cesapeake City,Chesapeake City
39676.county,Benotn,Benton
5956.statevalue,Floriad,Florida
27490.statevalue,Missoui,Missouri
14425.statevalue,Iomwa,Iowa
24125.statevalue,Minnesta,Minnesota
47311.statevalue,Texsa,Texas
33217.county,Jeffeson,Jefferson
31843.county,Atlantci,Atlantic
52292.statevalue,irginia,Virginia
31037.county,Salien,Saline
19661.county,Scjott,Scott
11035.statevalue,Illinoibs,Illinois
10020.statevalue,daho,Idaho
8528.county,Log,Long
15708.statevalue,Ioaw,Iowa
18528.county,raves,Graves
10016.statevalue,Iodaho,Idaho
40482.statevalue,Pennsmylvania,Pennsylvania
24923.statevalue,Minnestoa,Minnesota
2515.county,Iazrd,Izard
56262.county,Linoln,Lincoln
11049.county,Edwarzds,Edwards
8307.county,asper,Jasper
38397.county,Cadcdo,Caddo
26369.county,ate,Tate
45859.statevalue,exas,Texas
4955.county,Larimezr,Larimer
37629.county,Meisg,Meigs
51337.county,rGayson,Grayson
17584.statevalue,ansas,Kansas
9208.statevalue,Georgixa,Georgia
31598.county,Story,Storey
20563.county,Ntachitoches,Natchitoches
29349.statevalue,Mdontana,Montana
8727.county,Monreo,Monroe
15974.county,arton,Barton
25643.county,Itawmba,Itawamba
43543.county,Uncion,Union
41869.statevalue,Suoth Carolina,South Carolina
23324.county,pOttawa,Ottawa
50930.statevalue,iVirginia,Virginia
56415.county,inta,Uinta
7667.statevalue,eorgia,Georgia
8661.statevalue,Gerogia,Georgia
25842.county,eake,Leake
15060.statevalue,Iwa,Iowa
8490.statevalue,Gergia,Georgia
32160.county,Somreset,Somerset
42898.statevalue,Suth Dakota,South Dakota
15274.county,Milsl,Mills
23275.county,sOcoda,Oscoda
48453.statevalue,exas,Texas
26224.county,Riankin,Rankin
6134.statevalue,Florda,Florida
146.statevalue,Alcabama,Alabama
27225.county,Dunklibn,Dunklin
16013.county,Brobwn,Brown
51579.county,vLancaster,Lancaster
55672.statevalue,Wiscnosin,Wisconsin
5766.statevalue,Forida,Florida
38570.statevalue,Oklhoma,Oklahoma
11785.county,oMenard,Menard
19534.statevalue,Kentucy,Kentucky
5417.statevalue,Colgorado,Colorado
9994.county,oBnneville,Bonneville
35608.county,Washingtn,Washington
48846.county,Refgio,Refugio
17516.statevalue,ansas,Kansas
41018.county,Luzernne,Luzerne
47606.statevalue,Texdas,Texas
14668.county,Dukbuque,Dubuque
42952.county,Hqanson,Hanson
45540.statevalue,Texsa,Texas
10683.county,oBone,Boone
10801.county,Chritsian,Christian
27986.statevalue,Msisouri,Missouri
2187.county,Conawy,Conway
41557.county,Newpaort,Newport
26318.statevalue,Misisssippi,Mississippi
18915.county,Lacurel,Laurel
32785.statevalue,ew Mexico,New Mexico
4262.statevalue,Califournia,California
26283.county,mith,Smith
24883.statevalue,Minncesota,Minnesota
19579.statevalue,Kentucyk,Kentucky
26416.statevalue,iMssissippi,Mississippi
50111.statevalue,tUah,Utah
21225.county,Linctoln,Lincoln
46815.county,Ganies,Gaines
33401.statevalue,New Yokr,New York
2286.county,Dallhas,Dallas
17417.county,Salne,Saline
20577.county,yOrleans,Orleans
1280.statevalue,wAlaska,Alaska
14404.county,Cerro Gorjdo,Cerro Gordo
15578.statevalue,owa,Iowa
24121.county,Jazckson,Jackson
3588.statevalue,Californtia,California
49682.statevalue,Texals,Texas
6686.statevalue,Folrida,Florida
26715.county,Batse,Bates
16638.county,Hodgemn,Hodgeman
15009.statevalue,Ioaw,Iowa
7094.statevalue,Georiga,Georgia
47848.county,aLampasas,Lampasas
48964.statevalue,Txas,Texas
18283.county,Crgittenden,Crittenden
19265.statevalue,Kentuhcky,Kentucky
8986.statevalue,Georgica,Georgia
10454.statevalue,aIdaho,Idaho
13306.county,Mdison,Madison
48950.statevalue,Txeas,Texas
31244.county,Tuhrston,Thurston
44875.county,utnam,Putnam
15272.county,mMills,Mills
1532.county,Sika,Sitka
33209.statevalue,Ne York,New York
7242.statevalue,Gorgia,Georgia
2513.statevalue,Arkanswas,Arkansas
25666.statevalue,iMssissippi,Mississippi
36148.statevalue,North Dakohta,North Dakota
22297.statevalue,ichigan,Michigan
6483.county,assau,Nassau
52980.statevalue,Virgiia,Virginia
14586.county,zDecatur,Decatur
4148.county,onoma,Sonoma
2238.county,Crittednen,Crittenden
27927.statevalue,Misfsouri,Missouri
4138.county,Scolano,Solano
28648.statevalue,Missouri***,Missouri
25215.county,Bentn,Benton
30406.statevalue,ebraska,Nebraska
18805.county,Jessamne,Jessamine
4423.county,Benmt,Bent
23391.statevalue,Mchigan,Michigan
7670.county,De alb,De Kalb
8304.county,asper,Jasper
53570.statevalue,Wasshington,Washington
55949.county,Wshington,Washington
33843.statevalue,Ne York,New York
53744.county,Whitmn,Whitman
56216.county,Jonhson,Johnson
21348.county,aWldo,Waldo
1613.county,Wade Htampton,Wade Hampton
32415.statevalue,New Mexidco,New Mexico
3377.statevalue,Californima,California
19806.statevalue,Kentcuky,Kentucky
40435.county,Biradford,Bradford
21439.statevalue,Marylanod,Maryland
39026.statevalue,Omklahoma,Oklahoma
49113.county,Sheramn,Sherman
8642.statevalue,Gkeorgia,Georgia
34775.county,Hoek,Hoke
32999.statevalue,New Yrk,New York
34948.county,Macno,Macon
26117.county,Pearl Rievr,Pearl River
25192.county,Attalfa,Attala
49963.statevalue,tah,Utah
31384.statevalue,Nevdada,Nevada
3788.county,Neyvada,Nevada
11446.county,Kakakee,Kankakee
6418.statevalue,Flroida,Florida
19576.county,Pulaksi,Pulaski
3840.statevalue,Caleifornia,California
28451.statevalue,Msisouri,Missouri
56052.county,oWod,Wood
43238.county,eade,Meade
43213.statevalue,South Dkota,South Dakota
41672.statevalue,South Carolnia,South Carolina
28080.county,Piek,Pike
441.county,D Kalb,De Kalb
26596.statevalue,Misswissippi,Mississippi
41271.county,Scuylkill,Schuylkill
53689.county,Wahkiaukm,Wahkiakum
8486.county,Librty,Liberty
20155.statevalue,Louisianua,Louisiana
41852.county,Csolleton,Colleton
50162.statevalue,tah,Utah
16135.county,Caly,Clay
44261.county,Hardni,Hardin
46302.statevalue,rTexas,Texas
24256.statevalue,Minnsota,Minnesota
12354.statevalue,lIllinois,Illinois
53849.statevalue,West Virginai,West Virginia
45946.county,Casttro,Castro
39074.county,McCurtani,McCurtain
54396.statevalue,eWst Virginia,West Virginia
36924.statevalue,Oiho,Ohio
19100.county,McCreaary,McCreary
8739.county,Mongomery,Montgomery
5020.county,Logman,Logan
37267.county,Hardni,Hardin
9988.county,bBonner,Bonner
2927.county,Poinstet,Poinsett
14638.county,Dickiwnson,Dickinson
47504.statevalue,Tekxas,Texas
56175.county,Fremoxnt,Fremont
34602.county,Grahatm,Graham
53157.statevalue,Wasington,Washington
22934.statevalue,Michigagn,Michigan
48618.statevalue,Txas,Texas
14268.county,Bemer,Bremer
21745.statevalue,Maryalnd,Maryland
29777.statevalue,Nepbraska,Nebraska
11760.county,Mssac,Massac
5428.statevalue,Coloriado,Colorado
22024.county,Plymuth,Plymouth
38915.statevalue,Oklaheoma,Oklahoma
3086.statevalue,Arknasas,Arkansas
50812.county,Afugusta,Augusta
47452.county,ack,Jack
37889.county,dPortage,Portage
49535.statevalue,Teas,Texas
4877.county,efferson,Jefferson
20539.county,Morehoues,Morehouse
12405.statevalue,Ilalinois,Illinois
31811.statevalue,NewHampshire,New Hampshire
49959.statevalue,Utaah,Utah
46872.county,Gllespie,Gillespie
4008.county,San Matevo,San Mateo
4794.county,Guninson,Gunnison
45016.county,evier,Sevier
7413.statevalue,Goergia,Georgia
30302.county,fGarden,Garden
19245.statevalue,Kentucyk,Kentucky
18697.statevalue,Ketucky,Kentucky
41885.county,arlington,Darlington
273.statevalue,Albama,Alabama
35224.county,erquimans,Perquimans
40952.county,Lawrene,Lawrence
32552.statevalue,ew Mexico,New Mexico
20342.county,Iberai,Iberia
54240.statevalue,Wets Virginia,West Virginia
44614.statevalue,Tennesee,Tennessee
18809.statevalue,Knetucky,Kentucky
53712.county,Walmla Walla,Walla Walla
1116.statevalue,Alabma,Alabama
34576.county,Gastno,Gaston
48193.county,Maon,Mason
50204.county,Satl Lake,Salt Lake
35215.county,Prquimans,Perquimans
2530.statevalue,Akansas,Arkansas
12322.statevalue,Illhinois,Illinois
15451.statevalue,Iiowa,Iowa
27467.county,Jackon,Jackson
25178.statevalue,Mississipip,Mississippi
55010.county,Doro,Door
16031.statevalue,Kansaws,Kansas
47753.county,Knig,King
5993.statevalue,Floriad,Florida
1088.statevalue,labama,Alabama
10726.county,Brueau,Bureau
753.county,Limesotne,Limestone
18418.county,Folyd,Floyd
54628.county,Tlyer,Tyler
55332.county,L aCrosse,La Crosse
19255.statevalue,eKntucky,Kentucky
15704.statevalue,Iwa,Iowa
2796.statevalue,Arkanstas,Arkansas
32899.statevalue,New Yrok,New York
40376.county,Bedfrd,Bedford
4179.county,Sutgter,Sutter
3725.statevalue,Calfornia,California
39123.county,Mrashall,Marshall
52103.statevalue,Virgina,Virginia
53617.statevalue,Washigton,Washington
24063.statevalue,Minnestoa,Minnesota
2541.county,Jefefrson,Jefferson
53786.statevalue,Wbest Virginia,West Virginia
6897.county,Appling***,Appling
55471.statevalue,Wisconsni,Wisconsin
17028.statevalue,ansas,Kansas
11386.county,JoDaviess,Jo Daviess
43823.county,Chestuer,Chester
17611.county,Suner,Sumner
28694.statevalue,Mnotana,Montana
30060.county,Custre,Custer
6564.county,rOsceola,Osceola
33500.statevalue,eNw York,New York
17353.county,Rofoks,Rooks
53037.statevalue,Vhirginia,Virginia
15548.county,Rinsggold,Ringgold
10861.county,linton,Clinton
43224.county,Marshall***,Marshall
52868.county,Portsmoth City,Portsmouth City
13629.county,Pulasksi,Pulaski
9876.county,aBnnock,Bannock
37231.county,Hamilotn,Hamilton
13092.county,Jacksaon,Jackson
22700.county,ron,Iron
9882.statevalue,daho,Idaho
33035.county,Dleaware,Delaware
3263.county,Yell***,Yell
3720.statevalue,Califorina,California
31922.county,Cape Mya,Cape May
24980.statevalue,Minlnesota,Minnesota
29958.statevalue,Nberaska,Nebraska
55391.county,Manitowco,Manitowoc
6554.county,Oscela,Osceola
8003.statevalue,Georia,Georgia
18688.statevalue,Kentuckny,Kentucky
44444.county,Kox,Knox
27668.statevalue,Mssouri,Missouri
45727.statevalue,Txeas,Texas
5768.statevalue,mFlorida,Florida
32432.statevalue,New Mexcio,New Mexico
14786.statevalue,Ioa,Iowa
5065.statevalue,Covlorado,Colorado
35700.county,aYdkin,Yadkin
20723.county,St Bernrad,St Bernard
48650.county,yParmer,Parmer
35571.statevalue,North Carolnia,North Carolina
49890.statevalue,eTxas,Texas
330.county,Cosoa,Coosa
23597.county,nAoka,Anoka
4348.county,Alanmosa,Alamosa
50009.statevalue,Utha,Utah
21907.county,Fraklin,Franklin
11995.statevalue,Illiois,Illinois
32582.statevalue,New Mexicco,New Mexico
31054.statevalue,Nebqraska,Nebraska
15473.statevalue,Iwa,Iowa
47648.statevalue,Teaxs,Texas
33063.statevalue,Ne York,New York
33307.statevalue,nNew York,New York
6825.statevalue,Floriida,Florida
45183.county,Van Burne,Van Buren
33733.county,jSuffolk,Suffolk
51913.statevalue,irginia,Virginia
1849.county,Piam,Pima
10374.county,eLwis,Lewis
32816.statevalue,NewY ork,New York
8141.statevalue,Georga,Georgia
26771.county,oBone,Boone
52438.statevalue,Virinia,Virginia
3613.county,Los Aneles,Los Angeles
3169.county,Unioon,Union
55583.statevalue,Wiscownsin,Wisconsin
2935.statevalue,Arkanss,Arkansas
52070.county,Rocknbridge,Rockbridge
32373.statevalue,New eMxico,New Mexico
12426.statevalue,Illinos,Illinois
36909.statevalue,Oiho,Ohio
49701.county,Wibarger,Wilbarger
17681.statevalue,Kanssa,Kansas
12273.statevalue,Illinosi,Illinois
21097.county,Androsoggin,Androscoggin
44175.county,Hambeln,Hamblen
6505.county,kOaloosa,Okaloosa
22304.county,aCss,Cass
34737.county,Hendersoqn,Henderson
17024.county,Montomery,Montgomery
31862.statevalue,New eJrsey,New Jersey
2613.county,Lepe,Lee
26294.county,Smth,Smith
11113.statevalue,Illnois,Illinois
2093.statevalue,Arknsas,Arkansas
47872.county,L Salle,La Salle
51384.statevalue,Vzirginia,Virginia
9464.statevalue,kGeorgia,Georgia
28683.county,Bqeaverhead,Beaverhead
36933.statevalue,hio,Ohio
31539.county,ineral,Mineral
8031.county,Gorodn,Gordon
19922.county,Wlofe,Wolfe
39344.county,Pzayne,Payne
32107.statevalue,tNew Jersey,New Jersey
2534.statevalue,Akansas,Arkansas
39372.county,Potnotoc,Pontotoc
13643.statevalue,Inidana,Indiana
2484.county,Howadr,Howard
4250.statevalue,Califvornia,California
40317.statevalue,Pnnsylvania,Pennsylvania
22075.statevalue,Michgian,Michigan
27744.county,Marino,Marion
21877.county,ukes,Dukes
44435.statevalue,Tennesee,Tennessee
38273.statevalue,Okklahoma,Oklahoma
28509.county,aney,Taney
11805.county,eMrcer,Mercer
52758.county,Mansasas Park City,Manassas Park City
5835.statevalue,Floriida,Florida
11954.statevalue,Ilinois,Illinois
27473.county,Jassper,Jasper
40803.county,Franlin,Franklin
30040.county,Cming,Cuming
46126.county,Cologrado,Colorado
45104.statevalue,Tennesese,Tennessee
7464.statevalue,Georgai,Georgia
30190.statevalue,ebraska,Nebraska
3115.county,Sevir,Sevier
50234.county,SanJuan,San Juan
30156.county,oDdge,Dodge
22448.county,Dickinsno,Dickinson
33929.county,Yatse,Yates
10856.county,Clninton,Clinton
22990.statevalue,ichigan,Michigan
15642.county,Stry,Story
13561.statevalue,Indiaan,Indiana
491.statevalue,Alaama,Alabama
25813.county,Larence,Lawrence
31729.statevalue,ew Hampshire,New Hampshire
39805.county,iDeschutes,Deschutes
48229.statevalue,Txas,Texas
52313.statevalue,Viginia,Virginia
12836.statevalue,Indziana,Indiana
46106.statevalue,eTxas,Texas
6763.county,Smuter,Sumter
51621.statevalue,Virgnia,Virginia
44558.statevalue,Tennestsee,Tennessee
37788.statevalue,Oho,Ohio
13634.statevalue,Idiana,Indiana
16552.county,rGreenwood,Greenwood
12181.statevalue,Illnois,Illinois
11868.statevalue,Illniois,Illinois
15277.county,Mlls,Mills
47123.statevalue,eTxas,Texas
36413.statevalue,North Dakoa,North Dakota
28005.county,Pemicsot,Pemiscot
17366.county,Roos,Rooks
31321.county,hWeeler,Wheeler
29710.county,Atnelope,Antelope
46666.county,Fayetet,Fayette
50715.statevalue,iVrginia,Virginia
23954.statevalue,Minnsota,Minnesota
34563.statevalue,North Caorlina,North Carolina
51321.county,Goocmhland,Goochland
8745.county,Montgomerey,Montgomery
47622.county,Karnnes,Karnes
12534.county,Blacfkord,Blackford
29449.county,Roswebud,Rosebud
39734.county,Columia,Columbia
27714.county,adison,Madison
35118.statevalue,Nqorth Carolina,North Carolina
30508.statevalue,Nebraskfa,Nebraska
42621.county,CharlesMix,Charles Mix
22139.statevalue,Mihcigan,Michigan
30924.county,Pheglps,Phelps
15855.statevalue,oIwa,Iowa
55317.statevalue,Wisconin,Wisconsin
7082.county,Bibb***,Bibb
3684.statevalue,alifornia,California
54520.statevalue,West Virgiina,West Virginia
55680.statevalue,eWisconsin,Wisconsin
24901.statevalue,Minnesoat,Minnesota
17975.county,Bolye,Boyle
29887.statevalue,Nebraksa,Nebraska
37775.county,Nole,Noble
7176.statevalue,Gecorgia,Georgia
50987.county,arroll,Carroll
21809.statevalue,Mryland,Maryland
23473.statevalue,Michian,Michigan
9395.county,mTowns,Towns
27026.county,lCay,Clay
23352.statevalue,Mchigan,Michigan
7777.county,Ecols,Echols
7587.statevalue,eGorgia,Georgia
11093.county,ord,Ford
16040.county,Chae,Chase
49998.statevalue,tUah,Utah
4021.county,Safnta Barbara,Santa Barbara
27960.statevalue,Migssouri,Missouri
55370.statevalue,Wcisconsin,Wisconsin
32140.statevalue,New eJrsey,New Jersey
21709.county,Somersnet,Somerset
12683.statevalue,Indaina,Indiana
18489.county,arrard,Garrard
1915.statevalue,Arziona,Arizona
8843.statevalue,eorgia,Georgia
11416.county,Kaen,Kane
55204.statevalue,Wisocnsin,Wisconsin
9559.statevalue,Georia,Georgia
49150.county,Somerell,Somervell
40880.statevalue,Pennsylvaia,Pennsylvania
43546.county,fUnion,Union
15876.statevalue,Ioiwa,Iowa
10252.statevalue,Idao,Idaho
17652.county,Treguo,Trego
42289.statevalue,South Carolian,South Carolina
40541.county,Cente,Centre
25815.statevalue,Missssippi,Mississippi
13696.county,Ripely,Ripley
9050.statevalue,rGeorgia,Georgia
39716.statevalue,Orhegon,Oregon
42269.statevalue,Soyuth Carolina,South Carolina
52280.statevalue,irginia,Virginia
31362.statevalue,Neada,Nevada
12847.county,Flod,Floyd
4216.county,Triinty,Trinity
43446.statevalue,South Dakoat,South Dakota
708.statevalue,Alabamza,Alabama
903.statevalue,Alafbama,Alabama
53870.statevalue,West Virgiia,West Virginia
14858.statevalue,Iwoa,Iowa
42510.county,Brokoings,Brookings
54011.statevalue,West Virgiynia,West Virginia
46922.county,Gonales,Gonzales
20009.county,sAsumption,Assumption
56241.county,Lmaramie,Laramie
55153.county,Grene,Green
53304.county,Grays Hartbor,Grays Harbor
45958.statevalue,Texcas,Texas
26767.county,Bone,Boone
364.county,Crenmshaw,Crenshaw
24273.statevalue,Minesota,Minnesota
52284.county,Warern,Warren
29944.county,Chatse,Chase
20325.statevalue,Louisiaa,Louisiana
52680.statevalue,Virginifa,Virginia
4361.county,Araupahoe,Arapahoe
45834.county,Calhonu,Calhoun
40269.statevalue,Oreon,Oregon
34618.county,Granvlle,Granville
52351.statevalue,Virginai,Virginia
12201.statevalue,Illinos,Illinois
10860.statevalue,Illinos,Illinois
7086.county,Bkibb,Bibb
9716.county,Wlkes,Wilkes
45043.statevalue,Tennesisee,Tennessee
32214.statevalue,Nw Jersey,New Jersey
38968.county,Lratimer,Latimer
25832.county,Laeke,Leake
18917.county,Llaurel,Laurel
41613.statevalue,South Carolikna,South Carolina
22021.statevalue,Massachusietts,Massachusetts
25895.statevalue,sMississippi,Mississippi
4909.statevalue,Coloardo,Colorado
46818.county,Gains,Gaines
1749.statevalue,Arizoan,Arizona
51952.statevalue,irginia,Virginia
23164.county,Muskegno,Muskegon
51193.statevalue,irginia,Virginia
28330.statevalue,Missuri,Missouri
12557.statevalue,Indana,Indiana
641.county,Jackosn,Jackson
40136.county,olk,Polk
25737.statevalue,Mississippoi,Mississippi
7914.county,Flqoyd,Floyd
32563.county,wOtero,Otero
39632.statevalue,Oklahooma,Oklahoma
18923.county,Lawence,Lawrence
11717.county,Mcarion,Marion
15073.county,eokuk,Keokuk
48946.statevalue,Texsa,Texas
10161.statevalue,Idaoh,Idaho
44736.county,Montgomerry,Montgomery
48227.county,Mverick,Maverick
20421.statevalue,Louisana,Louisiana
43106.statevalue,South Dakoat,South Dakota
39035.statevalue,Okahoma,Oklahoma
21727.county,aTlbot,Talbot
46489.county,Donlety,Donley
53936.statevalue,West Virpginia,West Virginia
32325.county,Cturry,Curry
54881.statevalue,Wiscnosin,Wisconsin
1026.statevalue,labama,Alabama
19164.statevalue,yKentucky,Kentucky
17530.statevalue,Kancsas,Kansas
20560.statevalue,Louisinaa,Louisiana
49480.county,Uypton,Upton
9110.county,rScreven,Screven
7852.statevalue,Georia,Georgia
48118.county,McMullevn,McMullen
11611.county,MczHenry,McHenry
13047.statevalue,Indmiana,Indiana
244.statevalue,Alaabma,Alabama
13369.county,Mrtin,Martin
39909.statevalue,Oergon,Oregon
50599.county,utland,Rutland
12938.statevalue,Indianca,Indiana
27393.county,aHolt,Holt
12497.statevalue,Idniana,Indiana
7099.statevalue,Geogia,Georgia
1845.statevalue,Aizona,Arizona
52219.county,Sury,Surry
11705.statevalue,llinois,Illinois
44553.county,Loudzon,Loudon
34332.statevalue,North Carodlina,North Carolina
50340.county,Utpah,Utah
35078.statevalue,North Caroliina,North Carolina
6664.county,StJ ohns,St Johns
18637.county,Halan,Harlan
45095.statevalue,Tennessee***,Tennessee
46746.statevalue,Teaxs,Texas
19914.statevalue,Kentucqky,Kentucky
55676.county,Racien,Racine
16830.statevalue,Kansafs,Kansas
10957.statevalue,Ildlinois,Illinois
31055.statevalue,Nebrasrka,Nebraska
28216.county,Rewynolds,Reynolds
39000.statevalue,Oklahoyma,Oklahoma
52935.county,Roaoke City,Roanoke City
12439.statevalue,Ilinois,Illinois
48667.county,Peceos,Pecos
30459.statevalue,ebraska,Nebraska
21255.county,Oxfodr,Oxford
19569.county,Pulaki,Pulaski
5333.statevalue,Cloorado,Colorado
43151.statevalue,Suth Dakota,South Dakota
38252.statevalue,hOio,Ohio
30532.county,Jefcferson,Jefferson
13709.county,Ruhs,Rush
40794.county,Fanklin,Franklin
10762.statevalue,Illinois***,Illinois
23408.statevalue,Michhigan,Michigan
49360.county,itus,Titus
25072.statevalue,Minensota,Minnesota
16086.statevalue,Kanas,Kansas
1025.county,Russel,Russell
43357.statevalue,Soth Dakota,South Dakota
43006.county,Hwutchinson,Hutchinson
31051.county,Saryp,Sarpy
14429.statevalue,Iowda,Iowa
53456.statevalue,Washigton,Washington
36191.statevalue,Nogrth Dakota,North Dakota
15303.county,Mnona,Monona
4076.county,Shsta,Shasta
10864.statevalue,Illionis,Illinois
13123.statevalue,Indianra,Indiana
18914.statevalue,Keyntucky,Kentucky
44137.county,Grene,Greene
13546.county,aPrke,Parke
11379.statevalue,Illinosi,Illinois
39917.county,Jacson,Jackson
48833.county,Reevse,Reeves
17840.statevalue,Kentuchky,Kentucky
8020.statevalue,Georgiba,Georgia
30524.statevalue,Nbraska,Nebraska
37823.county,Perqry,Perry
32651.county,Sadnoval,Sandoval
19748.county,oTdd,Todd
14154.statevalue,Igowa,Iowa
6684.county,t Lucie,St Lucie
36218.county,Mqclean,Mclean
20073.county,Bosfsier,Bossier
47340.county,Hpokins,Hopkins
35259.county,itt,Pitt
3143.county,Sharup,Sharp
8011.statevalue,eorgia,Georgia
24139.county,anabec,Kanabec
21898.county,Esnsex,Essex
47838.county,Lmab,Lamb
26633.county,Anrdew,Andrew
16233.county,Carwford,Crawford
44499.county,Lawrnce,Lawrence
15896.statevalue,aKnsas,Kansas
4381.county,Archupleta,Archuleta
20269.county,Ejast Feliciana,East Feliciana
9571.statevalue,Geogria,Georgia
16999.county,Mitqchell,Mitchell
36164.statevalue,North Daktoa,North Dakota
5579.statevalue,Connectcut,Connecticut
46145.county,Compal,Comal
47008.county,Guadaluple,Guadalupe
33023.statevalue,New Yrok,New York
25294.county,hCoctaw,Choctaw
17911.statevalue,entucky,Kentucky
37889.statevalue,hOio,Ohio
25605.statevalue,iMssissippi,Mississippi
23438.statevalue,ichigan,Michigan
48880.county,zRobertson,Robertson
21043.statevalue,Loiusiana,Louisiana
34161.statevalue,Nrth Carolina,North Carolina
1480.county,Noth Slope,North Slope
11902.statevalue,Illinobis,Illinois
34821.statevalue,North Carolia,North Carolina
7585.county,Crwford,Crawford
45110.county,xTipton,Tipton
9168.county,Setephens,Stephens
15858.county,Woodbuy,Woodbury
7185.county,Bubrke,Burke
41980.county,Gemorgetown,Georgetown
29766.statevalue,Nebraskna,Nebraska
39126.county,nMarshall,Marshall
5667.county,hSussex,Sussex
50125.county,aKne,Kane
22233.county,enzie,Benzie
49426.county,Tirnity,Trinity
44346.county,Hidckman,Hickman
35696.county,Yakdin,Yadkin
10086.statevalue,Idaoh,Idaho
40879.county,Jefferon,Jefferson
22314.county,Cafss,Cass
911.county,Montgojmery,Montgomery
35649.county,Wayzne,Wayne
35356.county,Raowan,Rowan
32056.statevalue,Nwe Jersey,New Jersey
7752.county,Dougals,Douglas
32308.county,Colax,Colfax
15878.statevalue,sIowa,Iowa
6519.statevalue,Floriad,Florida
37863.statevalue,hOio,Ohio
41918.county,Dorcheter,Dorchester
6961.statevalue,Georgai,Georgia
40637.county,oClumbia,Columbia
23778.statevalue,Minesota,Minnesota
11376.statevalue,Illinosi,Illinois
3266.statevalue,Arkanas,Arkansas
4622.county,Dzenver,Denver
40574.county,Clariohn,Clarion
19345.county,Montgomeyr,Montgomery
6247.county,Jefqferson,Jefferson
35390.statevalue,Norht Carolina,North Carolina
9365.county,Tombs,Toombs
25495.statevalue,Mississippi***,Mississippi
25416.county,Covimngton,Covington
39670.county,Baekr,Baker
20925.county,Terreebonne,Terrebonne
1338.statevalue,Aaska,Alaska
43708.county,Bradely,Bradley
12036.county,Randoplh,Randolph
345.statevalue,lAabama,Alabama
3360.county,Calazveras,Calaveras
151.statevalue,Alabadma,Alabama
15005.statevalue,owa,Iowa
7173.statevalue,eorgia,Georgia
40355.county,Armtsrong,Armstrong
17059.county,Mrton,Morton
19243.county,Maede,Meade
12356.statevalue,Ilinois,Illinois
29160.county,Linconl,Lincoln
39687.statevalue,Oregnon,Oregon
3297.statevalue,aClifornia,California
36863.statevalue,Ohoi,Ohio
44701.statevalue,Tennsesee,Tennessee
8433.statevalue,Goergia,Georgia
40523.county,Catrbon,Carbon
4583.statevalue,Clorado,Colorado
2071.county,Chiccot,Chicot
7426.county,Clya,Clay
47855.county,lLampasas,Lampasas
44569.statevalue,Tennespsee,Tennessee
24332.county,cLeod,McLeod
17995.county,Braken,Bracken
23162.county,Muskedgon,Muskegon
23784.county,Chisiago,Chisago
45142.county,Trousdael,Trousdale
2554.county,Jeffeorson,Jefferson
37602.statevalue,Ohoi,Ohio
22088.county,lger,Alger
55120.county,pForest,Forest
14281.county,Buchagnan,Buchanan
5092.statevalue,Cfolorado,Colorado
52898.statevalue,Vriginia,Virginia
20591.statevalue,Louisana,Louisiana
44989.county,Seqwuatchie,Sequatchie
15301.county,Monnoa,Monona
16955.county,aMrshall,Marshall
13737.county,bScott,Scott
46909.statevalue,Teaxas,Texas
52239.statevalue,Virginiqa,Virginia
28873.county,Deer Lodgfe,Deer Lodge
38397.statevalue,Okleahoma,Oklahoma
89.county,Blonut,Blount
30026.statevalue,Nesbraska,Nebraska
7530.statevalue,Gorgia,Georgia
22407.statevalue,Michign,Michigan
28208.county,Reynolsd,Reynolds
18027.statevalue,eKntucky,Kentucky
17585.statevalue,Kagnsas,Kansas
7131.statevalue,nGeorgia,Georgia
38994.county,Linoln,Lincoln
55244.county,oJefferson,Jefferson
43155.statevalue,Suoth Dakota,South Dakota
36573.county,Wad,Ward
33337.county,Nassu,Nassau
18339.statevalue,Kentuckoy,Kentucky
1166.county,ashington,Washington
31472.statevalue,Nevdaa,Nevada
26768.county,Bboone,Boone
29376.county,owell,Powell
536.statevalue,Alsabama,Alabama
21779.statevalue,Marylaxnd,Maryland
14244.statevalue,oIwa,Iowa
13169.county,Jennbings,Jennings
30499.county,Hookr,Hooker
6660.statevalue,Florda,Florida
45546.county,Bzee,Bee
40259.statevalue,rOegon,Oregon
4041.county,Santa Clzara,Santa Clara
43687.statevalue,Tenfnessee,Tennessee
23368.county,Sagniaw,Saginaw
39107.statevalue,Oklahomva,Oklahoma
26157.county,Potnotoc,Pontotoc
52716.statevalue,Virgineia,Virginia
47972.county,iLpscomb,Lipscomb
28478.statevalue,Msisouri,Missouri
3850.statevalue,Califonria,California
7059.statevalue,lGeorgia,Georgia
5570.county,Nw London,New London
34181.statevalue,North Carolnia,North Carolina
41652.statevalue,South Carolna,South Carolina
54084.county,ackson,Jackson
3034.statevalue,Arknsas,Arkansas
39559.statevalue,Oklhoma,Oklahoma
41283.county,Snydr,Snyder
53158.county,Clarfk,Clark
27770.county,mMercer,Mercer
5228.statevalue,Colkorado,Colorado
20431.statevalue,Louiiana,Louisiana
33663.county,choharie,Schoharie
11737.county,Masno,Mason
49861.county,Zapaat,Zapata
24989.county,Wadna,Wadena
37799.statevalue,hio,Ohio
15166.statevalue,Ioa,Iowa
414.statevalue,lAabama,Alabama
28909.county,Fergs,Fergus
51052.county,Clare,Clarke
8914.county,Peirce,Pierce
3650.county,Miarin,Marin
8511.county,Lnicoln,Lincoln
21653.county,Mntgomery,Montgomery
49262.statevalue,Tecxas,Texas
30947.statevalue,Nebraka,Nebraska
53820.county,Booen,Boone
46924.county,Gonzals,Gonzales
22638.county,Hurwon,Huron
48265.county,bMenard,Menard
4676.county,Eage,Eagle
15996.statevalue,Kanass,Kansas
49661.county,Whartovn,Wharton
31269.county,Washingtno,Washington
17652.statevalue,Kanscas,Kansas
40104.statevalue,Onregon,Oregon
4625.statevalue,oClorado,Colorado
31660.statevalue,evada,Nevada
14639.statevalue,Ioa,Iowa
25947.statevalue,Missistsippi,Mississippi
17618.statevalue,cKansas,Kansas
3163.statevalue,Armkansas,Arkansas
42593.county,Campbelel,Campbell
9862.statevalue,yIdaho,Idaho
30656.county,Lnacaster,Lancaster
27505.county,Jhnson,Johnson
55046.county,Dunn***,Dunn
30667.county,Lancastxer,Lancaster
18444.statevalue,Kenucky,Kentucky
48857.county,Rouberts,Roberts
21362.county,Washingotn,Washington
34704.statevalue,Norcth Carolina,North Carolina
45013.statevalue,Tegnnessee,Tennessee
26903.statevalue,Misouri,Missouri
11001.county,uD Page,Du Page
30918.county,Pqhelps,Phelps
9580.statevalue,Geokrgia,Georgia
56304.statevalue,Wyominwg,Wyoming
54702.statevalue,Wst Virginia,West Virginia
7228.county,Caloun,Calhoun
55670.statevalue,Wisconin,Wisconsin
16029.statevalue,ansas,Kansas
48644.county,Pamer,Parmer
2187.statevalue,rkansas,Arkansas
249.county,jClay,Clay
35603.county,Wafrren,Warren
48197.county,Maosn,Mason
30170.county,Domuglas,Douglas
51852.county,range,Orange
21347.county,Wadldo,Waldo
49465.county,Utpon,Upton
55473.county,Meqnominee,Menominee
12399.county,zWill,Will
22135.statevalue,Mchigan,Michigan
49042.statevalue,exas,Texas
8588.statevalue,Geogria,Georgia
16349.county,Elils,Ellis
4808.county,Hnsdale,Hinsdale
41205.statevalue,Pensylvania,Pennsylvania
29457.county,Roebud,Rosebud
37737.county,Morkrow,Morrow
30263.county,Furns,Furnas
45806.statevalue,Txas,Texas
38617.county,Csuter,Custer
20769.county,St Heena,St Helena
37575.county,Mahning,Mahoning
31284.statevalue,Nebarska,Nebraska
499.county,Eotwah,Etowah
51245.statevalue,Virignia,Virginia
43162.statevalue,Suth Dakota,South Dakota
17278.statevalue,Kanas,Kansas
51179.statevalue,Virgqinia,Virginia
53023.statevalue,Virgdinia,Virginia
13791.county,Stuarke,Starke
55134.county,Forst,Forest
19788.county,Trimgble,Trimble
27788.statevalue,Missori,Missouri
32280.statevalue,New Meico,New Mexico
37818.county,Paulidng,Paulding
24685.statevalue,Minnesocta,Minnesota
50598.county,Orlans,Orleans
50494.county,Esex,Essex
33214.statevalue,Nezw York,New York
3327.county,Aador,Amador
21379.statevalue,aine,Maine
36417.statevalue,orth Dakota,North Dakota
49052.county,Smcurry,Scurry
33846.county,Washinygton,Washington
48000.county,Lve Oak,Live Oak
48858.statevalue,Teaxas,Texas
38674.statevalue,Oklaoma,Oklahoma
31794.county,Rokcingham,Rockingham
25515.county,Grenaada,Grenada
29983.county,Chyeenne,Cheyenne
1502.statevalue,Aaska,Alaska
37332.statevalue,hio,Ohio
10257.statevalue,Idiaho,Idaho
49820.county,Wocod,Wood
26716.statevalue,Missuri,Missouri
21800.statevalue,Mryland,Maryland
9761.county,Hawii,Hawaii
46945.statevalue,Texuas,Texas
307.statevalue,Alabauma,Alabama
53575.statevalue,Washingtno,Washington
15024.statevalue,oIwa,Iowa
17887.statevalue,Ketnucky,Kentucky
16190.county,Coamnche,Comanche
8221.statevalue,eorgia,Georgia
24746.statevalue,Minfnesota,Minnesota
39962.statevalue,Oegon,Oregon
18095.county,Ckalloway,Calloway
81.statevalue,Alabaam,Alabama
35922.statevalue,North Dakta,North Dakota
1049.statevalue,labama,Alabama
7020.statevalue,eGorgia,Georgia
27566.statevalue,Misouri,Missouri
37722.county,Morgn,Morgan
32474.statevalue,New Meixco,New Mexico
38807.statevalue,Oklahmoa,Oklahoma
48988.county,San Jacnito,San Jacinto
47624.statevalue,Teaxs,Texas
15405.county,Osceloa,Osceola
1528.county,Prince Walse Ketchikan,Prince Wales Ketchikan
19272.statevalue,entucky,Kentucky
50724.statevalue,vVirginia,Virginia
43988.county,Dkalb,Dekalb
47513.county,JeffD avis,Jeff Davis
2954.statevalue,Arkansias,Arkansas
2731.county,Maroin,Marion
25309.county,Claiboren,Claiborne
2172.statevalue,Arkansaus,Arkansas
26461.statevalue,Mississippi***,Mississippi
33575.statevalue,New Yoryk,New York
54383.statevalue,Wset Virginia,West Virginia
33229.county,Kins,Kings
269.statevalue,Alabmaa,Alabama
26197.statevalue,iMssissippi,Mississippi
19820.statevalue,Kentucyk,Kentucky
52268.county,Tzaewell,Tazewell
26379.statevalue,Mississppi,Mississippi
51888.county,Paftrick,Patrick
54531.county,Ritchei,Ritchie
49522.county,an Zandt,Van Zandt
16110.county,heyenne,Cheyenne
1906.statevalue,rizona,Arizona
7339.statevalue,Georiga,Georgia
3899.statevalue,Califorvnia,California
52242.statevalue,irginia,Virginia
47282.county,eHill,Hill
11848.county,Motrgan,Morgan
18699.county,Hendesron,Henderson
34720.statevalue,North Caroliena,North Carolina
15551.county,Rintggold,Ringgold
11531.county,Lawrene,Lawrence
32146.county,Saelm,Salem
13772.county,Spencre,Spencer
40564.statevalue,Pennsylvuania,Pennsylvania
28936.statevalue,Montaan,Montana
5227.statevalue,Cloorado,Colorado
33197.county,Herimer,Herkimer
45202.statevalue,Tennfessee,Tennessee
12693.statevalue,Indiaa,Indiana
16229.county,rawford,Crawford
55655.statevalue,qWisconsin,Wisconsin
19400.statevalue,Kentlucky,Kentucky
50441.county,Bennigton,Bennington
38524.county,Col,Coal
34594.county,Gaets,Gates
21614.county,oHward,Howard
16061.county,Chautahuqua,Chautauqua
55717.county,ock,Rock
31225.county,Thmoas,Thomas
50226.county,SanJ uan,San Juan
3180.statevalue,wArkansas,Arkansas
55524.county,Ocontwo,Oconto
50755.county,mAherst,Amherst
18550.county,Grason,Grayson
40579.county,lCarion,Clarion
30611.county,Key aPaha,Keya Paha
42868.county,Grahnt,Grant
19002.county,Ltewis,Lewis
10796.county,Cehampaign,Champaign
10854.county,Clafy,Clay
18311.county,Daiess,Daviess
9700.statevalue,eGorgia,Georgia
16613.county,Hravey,Harvey
52417.county,Buena Visa City,Buena Vista City
4355.county,Alaamosa,Alamosa
5031.statevalue,Colroado,Colorado
28455.county,Stoddrd,Stoddard
9112.statevalue,lGeorgia,Georgia
21106.county,ndroscoggin,Androscoggin
42023.statevalue,South Carolia,South Carolina
4515.county,ClearCreek,Clear Creek
39778.statevalue,Oresgon,Oregon
157.statevalue,Aabama,Alabama
44734.statevalue,Tenessee,Tennessee
16020.statevalue,ansas,Kansas
20687.county,Richalnd,Richland
14499.county,Clyton,Clayton
50296.statevalue,Utbah,Utah
22339.statevalue,Micfhigan,Michigan
38909.county,Kya,Kay
37306.statevalue,Ohigo,Ohio
37123.county,aFranklin,Franklin
31941.county,Cumbeland,Cumberland
55481.county,ilwaukee,Milwaukee
39075.county,McCurtan,McCurtain
36974.statevalue,Ozhio,Ohio
18421.statevalue,Kentcky,Kentucky
30031.county,Cumign,Cuming
5733.county,Bya,Bay
41258.county,Sdchuylkill,Schuylkill
10330.statevalue,iIdaho,Idaho
11302.statevalue,Illnois,Illinois
48067.county,Lyn,Lynn
14104.county,hitley,Whitley
9389.county,owns,Towns
52322.statevalue,Virgiia,Virginia
46842.county,Garrza,Garza
48798.statevalue,Texaas,Texas
30724.statevalue,Neraska,Nebraska
55908.county,Vilhas,Vilas
49273.county,Tarranxt,Tarrant
37010.statevalue,pOhio,Ohio
14062.county,Wels,Wells
2607.county,Lwrence,Lawrence
6040.county,Gilxchrist,Gilchrist
12179.county,Shebly,Shelby
24934.county,Todd***,Todd
6825.county,Voluia,Volusia
15823.statevalue,gIowa,Iowa
18739.statevalue,Kentcuky,Kentucky
36503.county,Soioux,Sioux
52903.statevalue,bVirginia,Virginia
4662.statevalue,Coloradwo,Colorado
11732.county,arshall,Marshall
37847.statevalue,Othio,Ohio
50072.statevalue,tah,Utah
8000.statevalue,Geogria,Georgia
34469.statevalue,North Caroilna,North Carolina
39432.county,Rogero Mills,Roger Mills
7769.county,Evarly,Early
42287.county,Pickenis,Pickens
24150.county,xKanabec,Kanabec
3533.statevalue,Californa,California
13083.county,Huxntington,Huntington
5876.statevalue,Fplorida,Florida
37896.county,Prele,Preble
42250.county,Ocnoee,Oconee
48609.statevalue,Texsa,Texas
20545.county,Morhouse,Morehouse
9932.county,Bngham,Bingham
25162.statevalue,ississippi,Mississippi
34872.county,Luee,Lee
33736.county,Sffolk,Suffolk
11943.statevalue,Illinosi,Illinois
16453.county,ove,Gove
115.statevalue,Aalbama,Alabama
38504.county,Clevelyand,Cleveland
6785.statevalue,lForida,Florida
24472.statevalue,Minensota,Minnesota
31063.county,Sary,Sarpy
55502.county,xMonroe,Monroe
8370.statevalue,Georgai,Georgia
55505.statevalue,Wisconin,Wisconsin
22626.statevalue,ichigan,Michigan
13327.county,Mairon,Marion
7562.county,oweta,Coweta
6701.county,Santa Roas,Santa Rosa
12527.statevalue,nIdiana,Indiana
6641.county,zPolk,Polk
46970.statevalue,Tzexas,Texas
21031.statevalue,ouisiana,Louisiana
34738.county,Henderon,Henderson
17307.county,Repulic,Republic
32991.statevalue,New Yorck,New York
32953.county,Chmung,Chemung
7799.statevalue,Geogria,Georgia
9242.county,Tealiaferro,Taliaferro
43665.statevalue,Tenenssee,Tennessee
34760.statevalue,Nort hCarolina,North Carolina
22317.county,ass,Cass
49481.county,pton,Upton
3304.statevalue,Californa,California
55249.county,Jeferson,Jefferson
41303.statevalue,Pennslvania,Pennsylvania
44554.county,Loduon,Loudon
18076.statevalue,Kentuecky,Kentucky
30562.county,Johnsno,Johnson
45208.statevalue,ennessee,Tennessee
6990.statevalue,Geogria,Georgia
53585.statevalue,aWshington,Washington
20318.statevalue,Louisinaa,Louisiana
9262.county,aTattnall,Tattnall
37531.county,Luas,Lucas
44699.statevalue,Tennesse,Tennessee
43221.county,Marshll,Marshall
34215.statevalue,Notrh Carolina,North Carolina
21863.statevalue,Massachsetts,Massachusetts
20819.county,S tLandry,St Landry
49282.statevalue,Tegxas,Texas
43810.statevalue,Tennessee***,Tennessee
3266.county,Ylel,Yell
53197.statevalue,Washinton,Washington
49431.county,Tylre,Tyler
47774.statevalue,Tehxas,Texas
31431.county,Esmeralad,Esmeralda
5524.statevalue,Conecticut,Connecticut
32017.county,Huntergdon,Hunterdon
27078.county,Coopefr,Cooper
30679.statevalue,Nebaska,Nebraska
19293.county,Mercr,Mercer
30610.county,Keya Paa,Keya Paha
44082.county,ranklin,Franklin
3437.county,ElDorado,El Dorado
4164.county,Stanilaus,Stanislaus
15008.statevalue,Iowda,Iowa
19267.county,Meifee,Menifee
27204.county,Doglas,Douglas
14122.statevalue,gIowa,Iowa
9568.county,Warrne,Warren
28305.county,S tFrancois,St Francois
27037.statevalue,Msisouri,Missouri
49802.statevalue,exas,Texas
413.statevalue,Alabxama,Alabama
51315.county,loucester,Gloucester
2856.statevalue,Arknsas,Arkansas
40793.statevalue,Pennsylvnaia,Pennsylvania
15700.statevalue,Ioaw,Iowa
18513.county,hGrant,Grant
31031.statevalue,Nerbaska,Nebraska
18631.county,Harln,Harlan
13328.county,Mariozn,Marion
35490.county,wain,Swain
9099.statevalue,Gergia,Georgia
37358.county,Holems,Holmes
13275.county,La lPorte,La Porte
28285.county,Ste zGenevieve,Ste Genevieve
30767.statevalue,Nebarska,Nebraska
13269.statevalue,Indana,Indiana
45383.statevalue,eTxas,Texas
54535.county,Rijtchie,Ritchie
38586.county,raig,Craig
12591.county,Carrol,Carroll
13212.county,yKnox,Knox
2747.county,iller,Miller
27969.county,kOsage,Osage
19404.statevalue,Kntucky,Kentucky
15571.county,Sclott,Scott
49686.statevalue,Texsa,Texas
29802.statevalue,Nebrasak,Nebraska
30500.statevalue,Nebrasa,Nebraska
42541.statevalue,South Dakoat,South Dakota
6529.county,Okeechoee,Okeechobee
46065.county,Coleamn,Coleman
13133.statevalue,oIndiana,Indiana
6718.county,Sarasbota,Sarasota
8818.statevalue,Georgai,Georgia
4655.county,Dtouglas,Douglas
981.county,ike,Pike
22511.statevalue,fMichigan,Michigan
19877.county,Webjster,Webster
41665.county,Andferson,Anderson
5492.county,Hartfrd,Hartford
4724.statevalue,Clorado,Colorado
6528.county,Okeecobee,Okeechobee
566.statevalue,labama,Alabama
53898.county,Cjlay,Clay
38499.statevalue,Okahoma,Oklahoma
53834.county,Brxton,Braxton
14612.county,Delware,Delaware
27336.statevalue,Missori,Missouri
32790.statevalue,New Mexrico,New Mexico
52921.statevalue,Virginyia,Virginia
12157.county,Scott***,Scott
52517.statevalue,Virgniia,Virginia
39537.statevalue,Oklaohma,Oklahoma
12458.county,dAams,Adams
19861.statevalue,Kentcky,Kentucky
36873.statevalue,Oiho,Ohio
9609.county,fWayne,Wayne
24646.statevalue,Minneota,Minnesota
22440.statevalue,ichigan,Michigan
13436.statevalue,Indinaa,Indiana
36045.statevalue,North Dakoat,North Dakota
26499.statevalue,Missssippi,Mississippi
1686.county,Cochse,Cochise
40921.statevalue,Pennsyvlania,Pennsylvania
10565.county,eton,Teton
53230.county,Frry,Ferry
22873.statevalue,Michgian,Michigan
18182.statevalue,Kentucy,Kentucky
4683.statevalue,Coloraod,Colorado
19580.statevalue,Ketnucky,Kentucky
9202.statevalue,Gorgia,Georgia
14732.statevalue,Ioaw,Iowa
13704.county,Ruswh,Rush
47820.county,Lmar,Lamar
24687.county,ed Lake,Red Lake
43028.county,yde,Hyde
19926.statevalue,Kentucjky,Kentucky
12434.county,Winnebaygo,Winnebago
17120.county,orton,Norton
39730.county,vColumbia,Columbia
746.statevalue,lAabama,Alabama
36668.statevalue,North Deakota,North Dakota
6675.county,St Jhons,St Johns
9155.county,pSalding,Spalding
10736.county,aClhoun,Calhoun
10199.statevalue,Idaoh,Idaho
37995.statevalue,hio,Ohio
51441.statevalue,Virginai,Virginia
35044.statevalue,North Cadrolina,North Carolina
13604.statevalue,ndiana,Indiana
23738.statevalue,Minnestoa,Minnesota
37201.statevalue,hio,Ohio
39441.county,Roegrs,Rogers
33818.statevalue,Newj York,New York
10632.county,Aams,Adams
35486.statevalue,North Carolinra,North Carolina
14213.county,mBenton,Benton
5993.county,Flaglr,Flagler
30022.county,Colfanx,Colfax
15772.county,ayne,Wayne
44625.statevalue,Tennesse,Tennessee
32378.statevalue,New Meixco,New Mexico
15813.statevalue,Ioa,Iowa
50648.statevalue,Vermoxnt,Vermont
7261.county,Candlre,Candler
52654.county,Hdarrisonburg City,Harrisonburg City
29665.county,Yelolwstone,Yellowstone
29877.statevalue,Nebrasjka,Nebraska
31565.county,ye,Nye
23257.county,sceola,Osceola
8045.statevalue,Goergia,Georgia
14432.county,Cehrokee,Cherokee
34614.statevalue,Nort Carolina,North Carolina
31779.statevalue,Nwe Hampshire,New Hampshire
17791.statevalue,Kmentucky,Kentucky
1746.county,rGaham,Graham
34532.county,sForsyth,Forsyth
34854.county,Joknes,Jones
7618.county,vDade,Dade
16449.county,Gery,Geary
54958.county,Cvrawford,Crawford
50224.county,San Jun,San Juan
10100.statevalue,Idahho,Idaho
48974.statevalue,Texaxs,Texas
32587.county,Quaiy,Quay
52384.statevalue,Virginai,Virginia
48354.county,Montgaue,Montague
23573.statevalue,Minneosta,Minnesota
3468.statevalue,Califorina,California
20657.statevalue,Lhouisiana,Louisiana
15937.statevalue,Kmansas,Kansas
27868.statevalue,Missuori,Missouri
434.county,D eKalb,De Kalb
22736.statevalue,Michiggan,Michigan
18654.county,Hrrison,Harrison
45015.statevalue,Tennessee***,Tennessee
16764.county,iowa,Kiowa
26366.statevalue,Missisisippi,Mississippi
29213.county,Meaghver,Meagher
49745.county,Williamsno,Williamson
47023.county,Halle,Hale
44504.statevalue,Tetnnessee,Tennessee
7754.statevalue,Gexorgia,Georgia
17126.county,oNrton,Norton
11672.statevalue,Illinosi,Illinois
51268.statevalue,Vigrinia,Virginia
33525.county,Putnm,Putnam
51829.county,Notoway,Nottoway
29299.county,Petrolum,Petroleum
51923.county,Powhatna,Powhatan
47673.county,Keedy,Kenedy
46814.statevalue,Texsa,Texas
29973.statevalue,Nbraska,Nebraska
54677.county,Webter,Webster
18770.county,Jacekson,Jackson
34960.statevalue,North Craolina,North Carolina
40468.county,utler,Butler
3241.statevalue,Axrkansas,Arkansas
14151.statevalue,oIwa,Iowa
28559.statevalue,cMissouri,Missouri
49991.statevalue,Uath,Utah
38861.statevalue,Oklhoma,Oklahoma
48813.statevalue,Texsa,Texas
22508.statevalue,Michigfan,Michigan
34485.statevalue,Notrh Carolina,North Carolina
2795.county,Montgcomery,Montgomery
27833.county,Mornoe,Monroe
8788.statevalue,eorgia,Georgia
38465.statevalue,Oklahomxa,Oklahoma
55009.county,Daoor,Door
42256.statevalue,Suth Carolina,South Carolina
12396.county,ill,Will
13051.statevalue,Idiana,Indiana
38781.statevalue,Oklahma,Oklahoma
48381.statevalue,exas,Texas
54812.county,Bafield,Bayfield
21870.statevalue,Massachusettts,Massachusetts
13982.county,abash,Wabash
55726.statevalue,Wiseconsin,Wisconsin
23477.county,uTscola,Tuscola
14294.county,Buena ista,Buena Vista
51648.county,Lunlenburg,Lunenburg
10225.statevalue,cIdaho,Idaho
23420.statevalue,Michgigan,Michigan
43399.county,Sanbonr,Sanborn
50427.county,Addiosn,Addison
11794.county,Mecrer,Mercer
40879.statevalue,Pensylvania,Pennsylvania
26536.county,Wilknison,Wilkinson
10019.county,Bowundary,Boundary
55090.statevalue,Wiscosin,Wisconsin
47921.county,Leeon,Leon
14393.county,Cedra,Cedar
18973.statevalue,Kentucyk,Kentucky
28711.statevalue,Msontana,Montana
53777.statevalue,Wes tVirginia,West Virginia
1469.county,ome,Nome
46233.statevalue,exas,Texas
16538.county,Greelye,Greeley
8154.statevalue,Georia,Georgia
7735.statevalue,Geortgia,Georgia
34512.statevalue,Nortth Carolina,North Carolina
17594.county,Sttevens,Stevens
36056.statevalue,Nortdh Dakota,North Dakota
9080.statevalue,Geonrgia,Georgia
20737.statevalue,Louisiavna,Louisiana
43708.statevalue,Tnenessee,Tennessee
2415.statevalue,Aransas,Arkansas
31312.county,Wpebster,Webster
29401.statevalue,ontana,Montana
12483.county,Allne,Allen
36618.county,aWlsh,Walsh
13485.statevalue,Indina,Indiana
11786.statevalue,lIlinois,Illinois
4691.statevalue,oClorado,Colorado
53345.county,Jefferon,Jefferson
55324.county,La Crsse,La Crosse
56464.statevalue,Wyomign,Wyoming
51052.statevalue,Virginuia,Virginia
21509.county,Cecli,Cecil
38807.county,Harpre,Harper
52816.statevalue,Virginai,Virginia
37853.county,Pickaawy,Pickaway
27470.county,Jaspejr,Jasper
10572.statevalue,Idfaho,Idaho
44467.statevalue,Tnenessee,Tennessee
12525.statevalue,Indieana,Indiana
52747.county,Manassas Ppark City,Manassas Park City
2171.statevalue,Arkanfsas,Arkansas
54538.statevalue,West Virginsia,West Virginia
41688.county,Bambegr,Bamberg
16689.statevalue,Kanass,Kansas
46800.statevalue,Texs,Texas
13454.statevalue,Indiaan,Indiana
7278.county,Carroll***,Carroll
30425.county,Hearlan,Harlan
27891.statevalue,issouri,Missouri
55102.statevalue,Wisvconsin,Wisconsin
36124.statevalue,North Dnakota,North Dakota
19067.county,Lyno,Lyon
49494.statevalue,Teaxs,Texas
24096.statevalue,Minnestoa,Minnesota
4559.statevalue,Coloraido,Colorado
11365.county,Jersye,Jersey
18065.statevalue,Ketucky,Kentucky
52927.county,oRanoke City,Roanoke City
32702.county,Snta Fe,Santa Fe
10506.statevalue,Idho,Idaho
38950.county,Kiqowa,Kiowa
42595.statevalue,oSuth Dakota,South Dakota
43524.county,Tipp,Tripp
25425.statevalue,Misisssippi,Mississippi
10502.statevalue,Idhao,Idaho
52615.statevalue,Virnginia,Virginia
30796.county,Morill,Morrill
42664.county,Cdington,Codington
46594.statevalue,Tefxas,Texas
35053.county,Moroe,Moore
33729.county,teuben,Steuben
2010.county,oone,Boone
32075.county,Monjmouth,Monmouth
34827.statevalue,North Cafrolina,North Carolina
49604.statevalue,Texacs,Texas
28028.statevalue,Missourhi,Missouri
19376.county,Muhlneberg,Muhlenberg
8542.county,Lwndes,Lowndes
39476.county,Sequyah,Sequoyah
51640.statevalue,Virgniia,Virginia
44131.county,rainger,Grainger
26551.statevalue,Misissippi,Mississippi
24635.statevalue,innesota,Minnesota
19813.county,Unino,Union
26352.statevalue,Misisssippi,Mississippi
22674.county,Ionai,Ionia
27219.statevalue,Missnouri,Missouri
9655.statevalue,Geyorgia,Georgia
16929.county,Maroin,Marion
37294.county,Harrisno,Harrison
41258.statevalue,ePnnsylvania,Pennsylvania
11693.county,Mdaison,Madison
18849.county,Kntt,Knott
28606.statevalue,Missorui,Missouri
43792.statevalue,Tennessee***,Tennessee
45883.statevalue,Texs,Texas
40133.statevalue,Oregn,Oregon
41678.county,Babmerg,Bamberg
52066.statevalue,Virgniia,Virginia
32174.county,Sussexx,Sussex
54395.county,aOhio,Ohio
2579.county,Lafaette,Lafayette
34028.county,Aveyr,Avery
16924.statevalue,Ktansas,Kansas
25073.county,ilkin,Wilkin
30177.statevalue,Nebrasa,Nebraska
45255.statevalue,Tenessee,Tennessee
19146.county,adison,Madison
43895.statevalue,Tennsesee,Tennessee
12649.statevalue,Inidana,Indiana
36067.county,Gant,Grant
47866.county,La Sallje,La Salle
18061.county,Butoler,Butler
30258.statevalue,Nqebraska,Nebraska
21241.statevalue,Maien,Maine
31730.county,Coos***,Coos
28254.statevalue,issouri,Missouri
18572.county,Gmreen,Green
27384.county,Hlot,Holt
41590.statevalue,Rhodqe Island,Rhode Island
48177.statevalue,Texsa,Texas
36482.statevalue,North Daota,North Dakota
39623.statevalue,Okalhoma,Oklahoma
10916.county,Craford,Crawford
1290.county,Britsol Bay,Bristol Bay
48135.statevalue,Texays,Texas
18997.county,Leis,Lewis
4905.county,Kit Casron,Kit Carson
37594.statevalue,hio,Ohio
21004.county,Washingmton,Washington
42714.statevalue,South Dmakota,South Dakota
26956.county,Cdear,Cedar
21822.county,Bmarnstable,Barnstable
13054.county,xHoward,Howard
7110.county,Blecklcey,Bleckley
43413.statevalue,Souqth Dakota,South Dakota
39674.statevalue,Oreon,Oregon
51058.county,Claroke,Clarke
25565.county,Hsinds,Hinds
43605.county,Zeibach,Ziebach
18937.county,Lee***,Lee
21913.statevalue,Massachusets,Massachusetts
844.county,Maraion,Marion
26277.statevalue,Mssissippi,Mississippi
42116.county,Lancatser,Lancaster
47147.county,Harrisn,Harrison
34778.county,Hyed,Hyde
55306.statevalue,Wiconsin,Wisconsin
10573.statevalue,Iaho,Idaho
38512.statevalue,hOklahoma,Oklahoma
13937.statevalue,Idniana,Indiana
56422.statevalue,dWyoming,Wyoming
11161.statevalue,llinois,Illinois
43960.county,Deactur,Decatur
20949.statevalue,Louisiahna,Louisiana
32542.county,Mcikinley,Mckinley
13595.county,Portre,Porter
51974.county,Pricne William,Prince William
52013.statevalue,Vrginia,Virginia
29956.statevalue,Nebrfaska,Nebraska
25405.statevalue,Mississipip,Mississippi
15169.statevalue,Ioa,Iowa
11032.county,Edgaar,Edgar
54374.county,Nicolas,Nicholas
47088.county,Hasford,Hansford
1170.statevalue,Aabama,Alabama
51393.county,alifax,Halifax
27567.statevalue,Misouri,Missouri
52631.statevalue,aVirginia,Virginia
2615.county,dLee,Lee
20840.statevalue,Louisana,Louisiana
52211.statevalue,Virgina,Virginia
34025.statevalue,Nvorth Carolina,North Carolina
23530.county,aWyne,Wayne
20849.statevalue,Louispiana,Louisiana
5380.statevalue,Coloado,Colorado
15234.county,Maroin,Marion
56159.county,Cook,Crook
40124.county,Polpk,Polk
41150.statevalue,Pennsylvaia,Pennsylvania
33269.county,Livinston,Livingston
10689.statevalue,Illinoiys,Illinois
43232.county,Marsahll,Marshall
44489.statevalue,Tvennessee,Tennessee
55589.statevalue,Wiscgonsin,Wisconsin
40326.statevalue,Pensnylvania,Pennsylvania
22757.county,Kalamazowo,Kalamazoo
53161.statevalue,Washingotn,Washington
53324.county,Isand,Island
28166.county,alls,Ralls
11710.statevalue,llinois,Illinois
31113.county,Sewgard,Seward
54097.county,Jeffereson,Jefferson
34408.statevalue,North arolina,North Carolina
55673.statevalue,Wisconisn,Wisconsin
18993.statevalue,Kentuckcy,Kentucky
16390.statevalue,ansas,Kansas
17572.statevalue,Kasnas,Kansas
43582.county,Yanktn,Yankton
11749.statevalue,Illnois,Illinois
53253.county,Fraklin,Franklin
35855.statevalue,wNorth Dakota,North Dakota
7894.statevalue,Gezorgia,Georgia
13613.county,Pwosey,Posey
39438.statevalue,Obklahoma,Oklahoma
24439.statevalue,iMnnesota,Minnesota
33337.statevalue,ew York,New York
18475.statevalue,entucky,Kentucky
37612.statevalue,Ohoi,Ohio
11556.county,Le,Lee
21340.statevalue,Macine,Maine
26327.statevalue,Mississyippi,Mississippi
6889.county,aWshington,Washington
55725.statevalue,isconsin,Wisconsin
24083.county,Hubtbard,Hubbard
23581.county,cAnoka,Anoka
42699.statevalue,Swouth Dakota,South Dakota
55281.county,Kenohsa,Kenosha
27810.statevalue,Missori,Missouri
26166.statevalue,Mississipip,Mississippi
10846.statevalue,Ililnois,Illinois
39935.county,Jefferon,Jefferson
18585.statevalue,Keantucky,Kentucky
33289.county,Madision,Madison
14859.county,Hradin,Hardin
7162.statevalue,Gekorgia,Georgia
56085.statevalue,Wyomign,Wyoming
6463.statevalue,lorida,Florida
1077.statevalue,Albaama,Alabama
20998.county,Washngton,Washington
45881.county,Camerno,Cameron
13840.statevalue,Indana,Indiana
55114.county,Fon Du Lac,Fond Du Lac
43400.statevalue,South Dakoat,South Dakota
251.statevalue,Aldabama,Alabama
38453.county,herokee,Cherokee
55085.county,Florelnce,Florence
44007.statevalue,Tennssee,Tennessee
19975.county,llen,Allen
2476.county,Hobward,Howard
12714.statevalue,Indiaan,Indiana
12455.county,Woofdord,Woodford
26268.statevalue,Mssissippi,Mississippi
23575.county,Aitkmin,Aitkin
55872.statevalue,Wisconisn,Wisconsin
12678.statevalue,Indiaan,Indiana
31377.statevalue,Nevaad,Nevada
10841.statevalue,Illionis,Illinois
11551.statevalue,Icllinois,Illinois
28588.statevalue,Msisouri,Missouri
10574.county,wTwin Falls,Twin Falls
40967.county,Larence,Lawrence
30399.county,Halzl,Hall
44439.county,dJohnson,Johnson
32961.statevalue,Ne York,New York
9369.county,Tooombs,Toombs
28914.statevalue,Montsana,Montana
33295.statevalue,New Yrok,New York
37528.county,orain,Lorain
46142.statevalue,Tyexas,Texas
9179.statevalue,mGeorgia,Georgia
33116.statevalue,ew York,New York
19227.county,ason,Mason
37454.county,Lkae,Lake
51561.statevalue,Viorginia,Virginia
9950.county,yBlaine,Blaine
6858.statevalue,bFlorida,Florida
42069.county,Japer,Jasper
5583.county,Tloland,Tolland
34390.county,Cumberladn,Cumberland
11102.statevalue,Illinwois,Illinois
2833.county,Newtn,Newton
9014.county,Quitmavn,Quitman
1501.county,Notrhwest Arctic,Northwest Arctic
30139.county,Dixoln,Dixon
42945.statevalue,South Dakta,South Dakota
21429.county,Baltimoer,Baltimore
28738.statevalue,Monatna,Montana
17847.statevalue,eKntucky,Kentucky
34443.county,Daviddson,Davidson
39431.statevalue,Oklahomfa,Oklahoma
52173.county,Suthampton,Southampton
16838.county,Lincln,Lincoln
22370.statevalue,Mihcigan,Michigan
31532.county,yLon,Lyon
15864.county,Wrth,Worth
24999.statevalue,Minnseota,Minnesota
10805.statevalue,Illinois***,Illinois
21413.county,AnneA rundel,Anne Arundel
55434.county,xMarinette,Marinette
26094.statevalue,Mississipi,Mississippi
45019.county,Shhelby,Shelby
19235.statevalue,entucky,Kentucky
54300.county,Mingao,Mingo
2860.county,Ouacihta,Ouachita
34676.county,alifax,Halifax
40419.statevalue,Pensylvania,Pennsylvania
30985.county,Red illow,Red Willow
51045.statevalue,Virginiya,Virginia
446.statevalue,Alabamra,Alabama
34416.county,Cnurrituck,Currituck
13393.county,Mnoroe,Monroe
19194.county,Masrhall,Marshall
22150.statevalue,Mihcigan,Michigan
30046.statevalue,Nebrxaska,Nebraska
23643.statevalue,Mninesota,Minnesota
28200.county,iRay,Ray
39191.statevalue,Oklhoma,Oklahoma
51101.county,Culpepr,Culpeper
14311.county,Butlre,Butler
27144.statevalue,Missouri***,Missouri
32662.county,SanJ uan,San Juan
48230.statevalue,exas,Texas
42569.statevalue,South Dakoa,South Dakota
855.county,Marshll,Marshall
20343.statevalue,Loiusiana,Louisiana
33731.county,Steubne,Steuben
19238.county,Masno,Mason
50614.county,Ruttland,Rutland
5568.statevalue,Connecteicut,Connecticut
47396.statevalue,exas,Texas
4388.county,Arjchuleta,Archuleta
45641.county,osque,Bosque
12795.county,Duibois,Dubois
56275.county,atrona,Natrona
40484.statevalue,Pennsylvnaia,Pennsylvania
36582.statevalue,North Dkaota,North Dakota
26148.statevalue,Mississippi***,Mississippi
37413.statevalue,Ohpio,Ohio
31856.statevalue,New Jrsey,New Jersey
35625.statevalue,Nortrh Carolina,North Carolina
33644.statevalue,NewY ork,New York
17091.statevalue,ansas,Kansas
8661.county,Meriwerther,Meriwether
3260.county,Yel,Yell
31940.statevalue,New Jersqey,New Jersey
13893.county,Tipwton,Tipton
21318.county,Somesrset,Somerset
568.county,Greeen,Greene
20883.county,Tangipahona,Tangipahoa
39795.statevalue,Oregn,Oregon
36947.county,Columbibana,Columbiana
47541.statevalue,exas,Texas
44175.statevalue,Tennessuee,Tennessee
37668.county,Mimi,Miami
18764.statevalue,Ketucky,Kentucky
26552.county,Wiston,Winston
27592.county,Lawrnece,Lawrence
24049.statevalue,Minesota,Minnesota
52362.statevalue,Virgina,Virginia
22077.statevalue,ichigan,Michigan
12854.county,Fountani,Fountain
11759.county,Mastsac,Massac
12528.county,Bepnton,Benton
3931.statevalue,Califorpnia,California
56110.county,Cakrbon,Carbon
33987.county,Ansn,Anson
14947.county,Iad,Ida
22402.statevalue,Michian,Michigan
8017.statevalue,Gerogia,Georgia
11812.statevalue,Illintois,Illinois
1723.county,ila,Gila
32134.statevalue,New Jerey,New Jersey
33812.county,lUster,Ulster
44459.county,Kox,Knox
15527.county,Powekshiek,Poweshiek
43799.county,Cheathma,Cheatham
274.county,pCoffee,Coffee
28806.county,Choiuteau,Chouteau
22298.statevalue,gMichigan,Michigan
23178.statevalue,iMchigan,Michigan
5257.statevalue,Coloradyo,Colorado
34795.statevalue,orth Carolina,North Carolina
41198.county,Peryr,Perry
24153.county,Kanabewc,Kanabec
6997.statevalue,Georfgia,Georgia
1006.statevalue,Aalbama,Alabama
34791.statevalue,North Caolina,North Carolina
38727.statevalue,Ocklahoma,Oklahoma
15639.county,Sotry,Story
17267.statevalue,Kanssa,Kansas
18983.county,Ltecher,Letcher
2160.county,Clevleand,Cleveland
8381.statevalue,Georgai,Georgia
43154.county,Lincon,Lincoln
21832.statevalue,Massahcusetts,Massachusetts
17625.county,Tohmas,Thomas
54212.statevalue,qWest Virginia,West Virginia
11110.statevalue,Ililnois,Illinois
37713.county,organ,Morgan
5227.county,Proers,Prowers
4752.county,Grafield,Garfield
26790.county,Buchanqan,Buchanan
47884.statevalue,Txeas,Texas
482.county,scambia,Escambia
4510.statevalue,Colroado,Colorado
32269.county,Chavse,Chaves
36908.statevalue,hio,Ohio
18766.county,Jaczkson,Jackson
27767.county,Mercehr,Mercer
13413.county,Montgomry,Montgomery
25299.county,Chroctaw,Choctaw
19882.statevalue,Kentucyk,Kentucky
55618.statevalue,Wicsonsin,Wisconsin
5123.county,Mrogan,Morgan
46791.county,rio,Frio
8101.county,Havbersham,Habersham
14524.county,Cliton,Clinton
18837.statevalue,Ketucky,Kentucky
34996.county,Mecklebnurg,Mecklenburg
4773.statevalue,olorado,Colorado
12032.statevalue,Icllinois,Illinois
13070.county,Huntingtno,Huntington
9980.statevalue,Idaoh,Idaho
21540.statevalue,Maeryland,Maryland
20208.statevalue,Louisana,Louisiana
40840.statevalue,Pennsylvaniea,Pennsylvania
14454.county,Cihckasaw,Chickasaw
52542.statevalue,Viginia,Virginia
8387.statevalue,Gergia,Georgia
48141.statevalue,exas,Texas
43470.statevalue,South akota,South Dakota
32865.statevalue,ew York,New York
33262.county,Leweis,Lewis
54469.county,nPutnam,Putnam
21387.statevalue,Marylnad,Maryland
7987.statevalue,Geoxrgia,Georgia
46890.statevalue,hTexas,Texas
25201.county,Bentno,Benton
3040.statevalue,Akansas,Arkansas
49470.county,Uptorn,Upton
55429.county,Marinehtte,Marinette
53755.statevalue,Washingtoon,Washington
51020.statevalue,Virginiqa,Virginia
32112.statevalue,NewJ ersey,New Jersey
10642.county,lAexander,Alexander
15811.statevalue,Iwoa,Iowa
26773.county,Bone,Boone
41791.county,Cheroee,Cherokee
37726.statevalue,eOhio,Ohio
29962.county,Chrry,Cherry
52006.county,Rappahanniock,Rappahannock
39758.county,iCoos,Coos
30159.county,Dodgie,Dodge
9452.county,Tiggs,Twiggs
30092.county,Dwaes,Dawes
53729.statevalue,Washicngton,Washington
36678.county,Willims,Williams
26776.county,Bone,Boone
9536.statevalue,Georgqia,Georgia
9731.statevalue,Geomrgia,Georgia
45088.county,Sulliavn,Sullivan
40035.county,Liann,Linn
25611.statevalue,Mississizppi,Mississippi
9848.statevalue,Idsaho,Idaho
21128.statevalue,lMaine,Maine
44786.county,Obon,Obion
46354.statevalue,Texcas,Texas
43151.county,incoln,Lincoln
46063.county,Coeman,Coleman
33009.county,Colubmia,Columbia
27896.statevalue,Missaouri,Missouri
49261.county,Swisehr,Swisher
19026.statevalue,Kentkucky,Kentucky
19104.county,McCreairy,McCreary
19835.county,Warren***,Warren
35234.county,Persno,Person
55920.statevalue,Wiscosnin,Wisconsin
33727.statevalue,NewYork,New York
16499.statevalue,Kanass,Kansas
15027.statevalue,owa,Iowa
9308.statevalue,Georia,Georgia
30191.county,undy,Dundy
8415.statevalue,Georia,Georgia
22901.county,Livqingston,Livingston
48391.county,More,Moore
3350.county,Calavras,Calaveras
6157.statevalue,Floirda,Florida
13123.county,bJay,Jay
42363.county,umter,Sumter
51665.statevalue,Virginvia,Virginia
52043.county,Rozanoke,Roanoke
17093.statevalue,Kanas,Kansas
52844.county,Petersburg Ciyt,Petersburg City
36594.statevalue,North Daota,North Dakota
2305.statevalue,Arkanesas,Arkansas
15042.statevalue,oIwa,Iowa
37114.county,Fayettpe,Fayette
46857.county,Gillespie***,Gillespie
49863.statevalue,Txeas,Texas
30545.county,Jefferson***,Jefferson
2340.statevalue,Aransas,Arkansas
19865.county,ayne,Wayne
49821.statevalue,Txas,Texas
15507.county,Pottawattamie***,Pottawattamie
28263.county,Sqt Clair,St Clair
17384.statevalue,Kasnas,Kansas
32592.statevalue,New Mxico,New Mexico
13542.statevalue,Indiaan,Indiana
47517.county,eff Davis,Jeff Davis
16341.county,lEk,Elk
702.statevalue,Albaama,Alabama
38533.county,Col,Coal
39918.statevalue,Oregcon,Oregon
25896.statevalue,iMssissippi,Mississippi
44116.county,Ggiles,Giles
42880.statevalue,Suth Dakota,South Dakota
40147.statevalue,rOegon,Oregon
8582.statevalue,eorgia,Georgia
4813.county,Hainsdale,Hinsdale
13124.statevalue,Indinaa,Indiana
24995.county,Wdaena,Wadena
40756.county,Fyette,Fayette
23578.county,Aiktin,Aitkin
32949.statevalue,New oYrk,New York
19971.county,Alllen,Allen
17696.statevalue,Kasas,Kansas
13335.county,Mrion,Marion
46040.statevalue,exas,Texas
1790.county,Marlicopa,Maricopa
21457.county,Carolien,Caroline
52206.statevalue,irginia,Virginia
30657.county,Lancajster,Lancaster
28031.statevalue,Missouri***,Missouri
21027.statevalue,Louisiaa,Louisiana
14348.statevalue,Ioaw,Iowa
27049.statevalue,iMssouri,Missouri
1255.county,Anchorbage,Anchorage
12088.county,St Cair,St Clair
14161.statevalue,owa,Iowa
46789.county,Frico,Frio
21845.county,Bekshire,Berkshire
18029.county,Brekcinridge,Breckinridge
3791.statevalue,alifornia,California
27074.county,Cooper***,Cooper
34733.statevalue,NorthCarolina,North Carolina
19655.statevalue,Kentucyk,Kentucky
28628.statevalue,Misouri,Missouri
43616.statevalue,Tennesese,Tennessee
50102.county,Juba,Juab
33677.county,Scohharie,Schoharie
16162.county,Clcoud,Cloud
27962.statevalue,Missuri,Missouri
41915.statevalue,South Carolnia,South Carolina
31397.county,Douqglas,Douglas
45622.statevalue,Texs,Texas
24261.statevalue,Minneota,Minnesota
41720.county,Bmeaufort,Beaufort
52311.statevalue,kVirginia,Virginia
6836.county,Vousia,Volusia
52897.county,aRdford,Radford
51611.statevalue,Vrginia,Virginia
11243.county,Hadin,Hardin
2520.statevalue,Arkanas,Arkansas
39382.county,Pontontoc,Pontotoc
16357.statevalue,Kanszas,Kansas
56410.county,Tekton,Teton
34118.county,Buncomeb,Buncombe
41726.statevalue,Soutqh Carolina,South Carolina
32127.statevalue,Nedw Jersey,New Jersey
5012.statevalue,Colroado,Colorado
39301.statevalue,Oklahoam,Oklahoma
45359.statevalue,exas,Texas
28883.statevalue,Myontana,Montana
50627.statevalue,ermont,Vermont
22725.statevalue,Michigaon,Michigan
39501.statevalue,Oklhaoma,Oklahoma
50405.statevalue,tah,Utah
46517.statevalue,Txas,Texas
10032.county,Buutte,Butte
41108.statevalue,Pennsyblvania,Pennsylvania
17035.statevalue,Kanssa,Kansas
49612.county,Washintgton,Washington
14652.statevalue,Iwa,Iowa
47672.county,Keneyd,Kenedy
12072.statevalue,lIlinois,Illinois
19117.county,Mkclean,Mclean
30045.county,Custier,Custer
6925.county,Atkinsno,Atkinson
13694.statevalue,Indaina,Indiana
40784.statevalue,Pennsylvania***,Pennsylvania
11923.statevalue,Illinoixs,Illinois
51490.statevalue,Virginaia,Virginia
18375.county,Eswtill,Estill
5027.statevalue,olorado,Colorado
25958.statevalue,Mississipi,Mississippi
12619.statevalue,Indinaa,Indiana
24250.statevalue,innesota,Minnesota
44606.statevalue,Tjennessee,Tennessee
22681.county,Iossco,Iosco
29311.statevalue,Mntana,Montana
2119.county,Caly,Clay
9458.county,Twgigs,Twiggs
2219.county,Cramwford,Crawford
48389.county,oMore,Moore
16110.statevalue,Kasnas,Kansas
53938.county,Fayetete,Fayette
166.county,Cherokeqe,Cherokee
25515.statevalue,Missssippi,Mississippi
6094.statevalue,rFlorida,Florida
29031.county,Granithe,Granite
45109.statevalue,Tenenssee,Tennessee
7973.statevalue,Georgai,Georgia
42304.county,ichland,Richland
47438.county,Ihrion,Irion
33659.county,Schenehctady,Schenectady
36630.county,aWlsh,Walsh
15695.statevalue,Ioaw,Iowa
865.county,Moile,Mobile
47916.county,Lewe,Lee
42366.statevalue,Suth Carolina,South Carolina
7551.statevalue,eorgia,Georgia
49804.statevalue,Txas,Texas
26033.county,Newotn,Newton
1073.statevalue,Aabama,Alabama
48306.statevalue,Texsa,Texas
42486.statevalue,oSuth Dakota,South Dakota
21007.statevalue,Louisiaan,Louisiana
16580.county,Hraper,Harper
41382.county,nion,Union
14835.statevalue,Iwa,Iowa
21973.county,Middlesxe,Middlesex
38333.statevalue,Oklahomda,Oklahoma
2783.county,Moinroe,Monroe
7526.county,Columbiva,Columbia
33083.statevalue,New Yorck,New York
53904.statevalue,West Virinia,West Virginia
43825.county,Chetser,Chester
8353.statevalue,eorgia,Georgia
53317.county,eIsland,Island
39698.county,Clackmas,Clackamas
3085.statevalue,Arkainsas,Arkansas
19344.county,Mnotgomery,Montgomery
52619.statevalue,irginia,Virginia
50737.statevalue,iVrginia,Virginia
54981.county,Daen,Dane
54838.statevalue,Wiscnsin,Wisconsin
56044.county,Woozd,Wood
27598.statevalue,Missori,Missouri
30838.county,Nucoklls,Nuckolls
53985.county,Grveenbrier,Greenbrier
17510.statevalue,Kannsas,Kansas
29593.county,Treausre,Treasure
37216.county,uernsey,Guernsey
27575.county,aLfayette,Lafayette
56195.county,oshen,Goshen
51696.statevalue,Vriginia,Virginia
32002.county,Hudseon,Hudson
8908.county,Pcikens,Pickens
40740.statevalue,Pejnnsylvania,Pennsylvania
10268.statevalue,dIaho,Idaho
21615.county,Hoard,Howard
48475.county,Newtno,Newton
48281.statevalue,Teas,Texas
53189.county,olumbia,Columbia
37280.statevalue,Ohcio,Ohio
15467.statevalue,Inowa,Iowa
45312.county,Wilsno,Wilson
38507.county,Clevekland,Cleveland
1635.statevalue,Alsaka,Alaska
42962.statevalue,South wDakota,South Dakota
30423.county,Halan,Harlan
33029.statevalue,NewY ork,New York
40454.statevalue,Pensnylvania,Pennsylvania
31238.county,hTurston,Thurston
25009.statevalue,Mibnnesota,Minnesota
52134.county,Shenadoah,Shenandoah
39960.statevalue,kOregon,Oregon
31990.statevalue,Negw Jersey,New Jersey
15623.county,iSoux,Sioux
18931.county,Lawrece,Lawrence
31148.county,eSherman,Sherman
47428.statevalue,exas,Texas
3283.statevalue,Califronia,California
114.statevalue,labama,Alabama
45113.county,Tipotn,Tipton
22708.statevalue,Michigna,Michigan
51043.statevalue,Virgnia,Virginia
37628.county,Meisg,Meigs
40695.statevalue,Pennsylvaina,Pennsylvania
37244.statevalue,Oio,Ohio
10012.statevalue,Iaho,Idaho
18958.statevalue,eKntucky,Kentucky
9833.county,Aad,Ada
46155.statevalue,Texzas,Texas
24002.statevalue,Minnesota***,Minnesota
5301.county,Rout,Routt
139.county,Cahoun,Calhoun
47634.county,Kafuman,Kaufman
27387.county,Hotl,Holt
7831.county,manuel,Emanuel
36982.statevalue,Ohoi,Ohio
9159.statevalue,Georgai,Georgia
9165.statevalue,Goergia,Georgia
4474.county,Chauffee,Chaffee
5595.county,Tollad,Tolland
24389.county,Martni,Martin
15214.statevalue,Ioaw,Iowa
41976.county,Florene,Florence
3828.statevalue,Clifornia,California
31265.statevalue,Nebrasak,Nebraska
28579.county,Wahsington,Washington
5793.county,Browadr,Broward
43657.statevalue,wTennessee,Tennessee
8686.county,Mliller,Miller
4005.statevalue,Califorwnia,California
13800.county,Starnke,Starke
28822.county,Cluster,Custer
14754.county,Fremotn,Fremont
5099.statevalue,Colorao,Colorado
52034.county,Richmodn,Richmond
52174.county,Southmpton,Southampton
19872.county,Wyane,Wayne
28164.statevalue,Missouri***,Missouri
53940.county,Faytte,Fayette
6444.county,Mabrtin,Martin
1076.county,Sumxter,Sumter
55378.statevalue,Wsconsin,Wisconsin
32155.statevalue,New Jesey,New Jersey
26516.statevalue,Mississizppi,Mississippi
17502.statevalue,Kanas,Kansas
47293.county,Hockrley,Hockley
51687.statevalue,Virgxinia,Virginia
13315.county,Madisno,Madison
47038.county,Hall***,Hall
50752.statevalue,Virgnia,Virginia
30137.statevalue,Nebarska,Nebraska
43931.statevalue,Tennsesee,Tennessee
5210.statevalue,Coorado,Colorado
4093.county,Sieqrra,Sierra
39558.statevalue,iOklahoma,Oklahoma
19123.county,Mcleakn,Mclean
40743.statevalue,Pennsylvanipa,Pennsylvania
46230.statevalue,eTxas,Texas
4075.county,hasta,Shasta
724.statevalue,Alabaam,Alabama
33442.county,Ontarimo,Ontario
38323.statevalue,Oklaphoma,Oklahoma
35770.county,Bensokn,Benson
4463.statevalue,Colporado,Colorado
5144.county,Otnero,Otero
3033.statevalue,Arknsas,Arkansas
20744.statevalue,Louoisiana,Louisiana
51506.county,ames City,James City
52977.statevalue,Vidrginia,Virginia
5576.county,eNw London,New London
22217.statevalue,Mihigan,Michigan
39760.statevalue,rOegon,Oregon
41727.statevalue,South Carolian,South Carolina
12749.statevalue,Indaina,Indiana
4371.county,Aranpahoe,Arapahoe
54115.county,Kanawhya,Kanawha
4210.county,Theama,Tehama
24135.county,Jakson,Jackson
44743.statevalue,Tennessee***,Tennessee
47185.statevalue,Texs,Texas
49056.statevalue,Texwas,Texas
35242.statevalue,Nroth Carolina,North Carolina
22842.county,Lae,Lake
19.statevalue,Alabagma,Alabama
45393.county,Arasas,Aransas
56386.county,Sweetater,Sweetwater
1787.statevalue,Arzona,Arizona
4277.statevalue,aClifornia,California
14415.county,Cerzro Gordo,Cerro Gordo
31347.statevalue,Nebrasa,Nebraska
9305.statevalue,Gorgia,Georgia
18458.county,Fultn,Fulton
19309.statevalue,entucky,Kentucky
24324.county,MacLeod,McLeod
51700.county,Meckleburg,Mecklenburg
9215.county,Sumtre,Sumter
5413.statevalue,Coolrado,Colorado
15562.statevalue,owa,Iowa
28117.statevalue,Misouri,Missouri
558.county,Gerneva,Geneva
21886.statevalue,Mssachusetts,Massachusetts
53974.statevalue,Wets Virginia,West Virginia
45961.county,Chambsers,Chambers
1269.statevalue,Alaksa,Alaska
54386.statevalue,West Vrginia,West Virginia
5883.statevalue,lorida,Florida
12275.statevalue,Illinouis,Illinois
6466.statevalue,lorida,Florida
53253.statevalue,Washinghton,Washington
14110.statevalue,Indana,Indiana
50592.statevalue,Veqrmont,Vermont
41177.statevalue,Pennsylvana,Pennsylvania
32621.statevalue,New Mexicio,New Mexico
14723.statevalue,Ioa,Iowa
56203.county,Hot Soprings,Hot Springs
55976.statevalue,Wiqsconsin,Wisconsin
46224.county,bCoryell,Coryell
41138.statevalue,Pennsylvyania,Pennsylvania
19226.county,Msaon,Mason
31825.county,Sulliavn,Sullivan
26382.statevalue,Mississippri,Mississippi
3215.county,Washintgon,Washington
5161.statevalue,Coloardo,Colorado
3451.county,cFresno,Fresno
40819.statevalue,Pensnylvania,Pennsylvania
40957.county,Lawernce,Lawrence
51705.statevalue,Vinrginia,Virginia
41784.county,Cherokee***,Cherokee
12809.county,Elkhat,Elkhart
55349.county,Lafqayette,Lafayette
16207.county,Cowlye,Cowley
14960.statevalue,Ioa,Iowa
40375.county,Bdford,Bedford
44365.statevalue,Tennesee,Tennessee
54328.statevalue,eWst Virginia,West Virginia
30281.statevalue,Nebraskka,Nebraska
37239.county,Hamlton,Hamilton
21388.statevalue,Marylacnd,Maryland
51402.county,Halfiax,Halifax
11083.statevalue,Illinoeis,Illinois
10118.county,lCark,Clark
45550.statevalue,exas,Texas
39305.statevalue,Oklahxoma,Oklahoma
41513.county,Britsol,Bristol
19714.county,bSpencer,Spencer
53410.county,Klicktat,Klickitat
38411.county,Cadod,Caddo
43865.statevalue,Tewnnessee,Tennessee
44636.statevalue,Tennessee***,Tennessee
43107.county,uKingsbury,Kingsbury
10523.county,Powr,Power
4081.statevalue,Califronia,California
12498.county,Bartholomcew,Bartholomew
3878.statevalue,Califoornia,California
15924.county,Andrson,Anderson
51475.statevalue,Virginai,Virginia
4027.statevalue,Calgifornia,California
41224.statevalue,Pensylvania,Pennsylvania
33333.county,Montgoemry,Montgomery
15483.statevalue,Iowga,Iowa
55872.county,Trempeleau,Trempealeau
42684.statevalue,South Dakoat,South Dakota
29534.county,Stillwateqr,Stillwater
20430.statevalue,Louisixana,Louisiana
54054.statevalue,est Virginia,West Virginia
10153.statevalue,Idavho,Idaho
37354.county,Hoflmes,Holmes
24547.statevalue,Minnesoa,Minnesota
27919.county,Nodawya,Nodaway
51809.county,Northumberalnd,Northumberland
37245.statevalue,hOio,Ohio
56323.statevalue,Woming,Wyoming
44198.statevalue,Tnnessee,Tennessee
47940.county,bLiberty,Liberty
24530.county,Noman,Norman
5622.statevalue,elaware,Delaware
13887.county,Titpon,Tipton
16333.statevalue,Kabnsas,Kansas
32307.statevalue,ew Mexico,New Mexico
29587.county,Toloe,Toole
7958.county,Fultno,Fulton
30286.statevalue,Nebraka,Nebraska
22928.county,uLce,Luce
46937.county,Grya,Gray
26323.statevalue,Missiwssippi,Mississippi
45233.statevalue,Twennessee,Tennessee
32843.county,llegany,Allegany
3599.statevalue,Cailfornia,California
24099.county,Isacnti,Isanti
51365.statevalue,Virginai,Virginia
29894.statevalue,Nebrsaka,Nebraska
43020.statevalue,South Dkota,South Dakota
41866.county,Colletozn,Colleton
48965.statevalue,Txas,Texas
46292.statevalue,Txeas,Texas
3298.statevalue,Caifornia,California
50566.county,range,Orange
56331.county,Plattre,Platte
49684.county,Wichia,Wichita
41172.county,Nortphumberland,Northumberland
9946.county,Blainqe,Blaine
34973.county,Maodison,Madison
28544.statevalue,Missorui,Missouri
21598.county,Hareford,Harford
44200.statevalue,eTnnessee,Tennessee
18720.county,Heny,Henry
35871.statevalue,North qDakota,North Dakota
28571.county,Wahsington,Washington
39760.county,Coso,Coos
42412.county,Yorvk,York
30448.statevalue,Neqbraska,Nebraska
6441.statevalue,Flporida,Florida
39379.county,ontotoc,Pontotoc
29199.statevalue,Montaan,Montana
5103.county,Montrosge,Montrose
10644.county,lexander,Alexander
22136.statevalue,Mchigan,Michigan
12510.county,Barrtholomew,Bartholomew
47966.statevalue,jTexas,Texas
45874.county,Calmeron,Cameron
48090.county,McCulloh,McCulloch
25217.statevalue,Mississifppi,Mississippi
35918.statevalue,North Dakoa,North Dakota
5466.statevalue,Colrado,Colorado
53127.statevalue,Washngton,Washington
44985.county,Sequtchie,Sequatchie
45933.county,Css,Cass
55859.county,Tremspealeau,Trempealeau
49843.statevalue,Txas,Texas
19645.county,ussell,Russell
31858.statevalue,Nw Jersey,New Jersey
40221.statevalue,Oregno,Oregon
39254.county,Okulahoma,Oklahoma
54540.statevalue,West Viarginia,West Virginia
16745.statevalue,Kasas,Kansas
56401.statevalue,Wyoaming,Wyoming
53359.statevalue,Washintgon,Washington
51445.statevalue,Viginia,Virginia
5404.county,Teller***,Teller
37026.county,Darek,Darke
45863.county,Callaahn,Callahan
34.statevalue,Alabmaa,Alabama
45337.statevalue,exas,Texas
21030.county,West aton Rouge,West Baton Rouge
50302.county,Toolee,Tooele
34513.statevalue,North Carolinna,North Carolina
27334.county,wHarrison,Harrison
2866.statevalue,Araknsas,Arkansas
33750.county,Sufolk,Suffolk
34833.statevalue,Norh Carolina,North Carolina
36571.statevalue,Norht Dakota,North Dakota
36745.statevalue,Ohoi,Ohio
50819.statevalue,irginia,Virginia
6717.county,arasota,Sarasota
23118.county,Mongtcalm,Montcalm
29937.statevalue,Nbraska,Nebraska
517.statevalue,Alaama,Alabama
32485.county,Lincolyn,Lincoln
21085.statevalue,iLouisiana,Louisiana
5424.statevalue,Cloorado,Colorado
49265.statevalue,Teaxs,Texas
40325.statevalue,Pennslvania,Pennsylvania
21221.county,wKnox,Knox
52856.statevalue,Vimrginia,Virginia
38249.county,ood,Wood
3372.county,Coluspa,Colusa
7079.county,ibb,Bibb
28663.county,Sft Louis City,St Louis City
1653.county,ukon Koyukuk,Yukon Koyukuk
14333.county,Calhoqun,Calhoun
39377.statevalue,Oeklahoma,Oklahoma
38748.statevalue,Oklahoam,Oklahoma
53636.county,Sokane,Spokane
23233.county,Ogemtaw,Ogemaw
18531.county,Gravse,Graves
48128.statevalue,exas,Texas
35584.county,Wke,Wake
28082.county,aPlatte,Platte
2388.statevalue,Arkanss,Arkansas
30843.statevalue,Nebrasak,Nebraska
46172.statevalue,hTexas,Texas
54728.statevalue,Wes Virginia,West Virginia
3918.county,San Bernardnio,San Bernardino
53150.statevalue,Wawshington,Washington
47763.statevalue,exas,Texas
56308.county,aPrk,Park
10299.county,yJerome,Jerome
27091.statevalue,Miissouri,Missouri
48028.statevalue,Texs,Texas
38380.county,Byan,Bryan
32000.statevalue,New Jerey,New Jersey
45414.county,Archre,Archer
52391.county,Alhexandria City,Alexandria City
33150.county,enesee,Genesee
45704.statevalue,exas,Texas
44510.county,Lwrence,Lawrence
6674.statevalue,Floriad,Florida
7329.statevalue,Georiga,Georgia
13227.statevalue,nIdiana,Indiana
42152.statevalue,Souht Carolina,South Carolina
51235.statevalue,Virpginia,Virginia
47166.statevalue,Texsa,Texas
6834.statevalue,lorida,Florida
44890.county,pPutnam,Putnam
7223.county,Calhun,Calhoun
5980.statevalue,Florinda,Florida
52843.county,Petersburg Citny,Petersburg City
38488.county,Cimarrno,Cimarron
52941.county,alem City,Salem City
7724.statevalue,Goergia,Georgia
34972.statevalue,orth Carolina,North Carolina
30675.statevalue,Nebaska,Nebraska
11560.statevalue,Ilhlinois,Illinois
8366.statevalue,eorgia,Georgia
623.statevalue,Alablama,Alabama
9311.county,errell,Terrell
12263.statevalue,llinois,Illinois
28614.county,Webstker,Webster
41704.statevalue,South Caroltina,South Carolina
53570.county,kagit,Skagit
41270.county,Schuykill,Schuylkill
1367.county,aHines,Haines
4143.county,Sonmoa,Sonoma
22556.statevalue,ichigan,Michigan
36951.statevalue,Ohijo,Ohio
10274.statevalue,Idaoh,Idaho
12234.county,Tazewlel,Tazewell
11076.county,uFayette,Fayette
21048.statevalue,Lousiana,Louisiana
18400.county,Felming,Fleming
28484.statevalue,Mixssouri,Missouri
28196.county,Rya,Ray
17390.statevalue,Kasas,Kansas
8228.statevalue,Georga,Georgia
35103.statevalue,North Caroina,North Carolina
40990.statevalue,Pennshylvania,Pennsylvania
43770.county,arroll,Carroll
47153.statevalue,Txas,Texas
41285.statevalue,Pennsylavnia,Pennsylvania
44583.county,McMvinn,McMinn
14592.statevalue,oIwa,Iowa
14137.statevalue,Ioaw,Iowa
29053.county,Jefefrson,Jefferson
25767.county,Lafayvette,Lafayette
7271.county,Candelr,Candler
17325.county,Rce,Rice
36846.county,Bultler,Butler
56168.county,Fremnot,Fremont
5751.statevalue,Floida,Florida
55883.statevalue,Wiconsin,Wisconsin
38360.county,xBlaine,Blaine
50043.county,Gaerfield,Garfield
50470.county,kCaledonia,Caledonia
12332.statevalue,Illinosi,Illinois
17436.county,Scoxtt,Scott
22777.statevalue,Michian,Michigan
13536.statevalue,ndiana,Indiana
36216.county,Mcknzie,Mckenzie
19247.county,Mede,Meade
50263.county,Svier,Sevier
42022.statevalue,Souh Carolina,South Carolina
46274.statevalue,Texsa,Texas
21233.county,Lincon,Lincoln
31185.county,Starnton,Stanton
37872.statevalue,Oiho,Ohio
18807.statevalue,Kentuky,Kentucky
34777.statevalue,North Caroliwna,North Carolina
13639.county,Pualski,Pulaski
19941.statevalue,Kentuchky,Kentucky
22219.county,By,Bay
10879.county,xColes,Coles
17216.county,Phillihps,Phillips
18750.statevalue,Kentmucky,Kentucky
41527.statevalue,Rhode Islnd,Rhode Island
42141.county,Lee***,Lee
15147.county,ouisa,Louisa
3686.statevalue,Calitfornia,California
31575.statevalue,Nevaa,Nevada
17574.county,Stantn,Stanton
28063.statevalue,Mssouri,Missouri
13814.statevalue,Indana,Indiana
19640.statevalue,Kentiucky,Kentucky
25566.county,inds,Hinds
22316.statevalue,iMchigan,Michigan
32653.county,San Jtuan,San Juan
31428.statevalue,Nvada,Nevada
36053.county,Grand orks,Grand Forks
6246.statevalue,Florwida,Florida
50498.statevalue,Verwmont,Vermont
8993.county,Putanm,Putnam
18161.statevalue,Ketnucky,Kentucky
21061.statevalue,hLouisiana,Louisiana
26661.county,Audrani,Audrain
17646.county,Tego,Trego
45352.county,Anrews,Andrews
27532.statevalue,Missouxri,Missouri
28087.county,Platte***,Platte
419.statevalue,Alalbama,Alabama
49597.statevalue,Texs,Texas
30590.county,Keih,Keith
24110.statevalue,Minnesoat,Minnesota
53703.statevalue,Washingtno,Washington
35832.county,Bowamn,Bowman
44878.county,Putam,Putnam
50770.statevalue,Virdginia,Virginia
43465.statevalue,South Daokta,South Dakota
48970.statevalue,Teas,Texas
42504.statevalue,South Daota,South Dakota
19856.county,Waryne,Wayne
46241.statevalue,Txas,Texas
13494.statevalue,Indiaan,Indiana
54873.statevalue,Wiscosin,Wisconsin
16980.county,Miagmi,Miami
48061.statevalue,Teaxs,Texas
51105.county,Cumberalnd,Cumberland
10154.statevalue,Idsaho,Idaho
50997.statevalue,Vrginia,Virginia
19623.county,owan,Rowan
12447.county,Woodfoxrd,Woodford
36217.county,Mclepan,Mclean
47301.statevalue,Teas,Texas
48887.statevalue,Texsa,Texas
14277.county,Buchanna,Buchanan
14064.county,Wels,Wells
43005.statevalue,South Dkaota,South Dakota
7045.statevalue,Georiga,Georgia
37880.county,Portgae,Portage
26271.statevalue,wMississippi,Mississippi
26760.statevalue,Misouri,Missouri
23751.county,ass,Cass
8180.county,Hamrris,Harris
27227.statevalue,Missori,Missouri
15957.statevalue,Knasas,Kansas
16643.statevalue,Kasnas,Kansas
24681.county,Re dLake,Red Lake
13546.statevalue,ndiana,Indiana
50064.statevalue,Uah,Utah
35947.statevalue,Noth Dakota,North Dakota
20870.county,St Tammanoy,St Tammany
28281.county,Smte Genevieve,Ste Genevieve
11305.county,Jakcson,Jackson
14133.county,Adasm,Adams
50027.county,Emesry,Emery
26023.statevalue,Mississvippi,Mississippi
9282.statevalue,Ggeorgia,Georgia
23110.statevalue,Mihcigan,Michigan
8524.county,mLong,Long
11340.statevalue,Illionis,Illinois
39424.county,Rgoer Mills,Roger Mills
19580.county,Plaski,Pulaski
11593.statevalue,Ilqlinois,Illinois
19454.county,cOldham,Oldham
9446.county,Trner,Turner
22595.statevalue,Michgian,Michigan
21662.county,Price Georges,Prince Georges
5910.county,Dev Soto,De Soto
45214.statevalue,Tenqnessee,Tennessee
4411.statevalue,Coloraod,Colorado
19905.statevalue,Kentucy,Kentucky
47496.county,Jahsper,Jasper
432.statevalue,Alrabama,Alabama
39974.statevalue,rOegon,Oregon
30435.county,Harolan,Harlan
7562.statevalue,Gergia,Georgia
42481.county,Bojn Homme,Bon Homme
46062.statevalue,Texags,Texas
12638.county,Claby,Clay
13991.county,Warryen,Warren
43817.county,hester,Chester
43188.statevalue,South Daktoa,South Dakota
18804.county,Jessamien,Jessamine
38799.statevalue,Oklahomxa,Oklahoma
1063.statevalue,Albama,Alabama
45607.county,Blancno,Blanco
8290.county,Jrackson,Jackson
7444.statevalue,rGeorgia,Georgia
24935.statevalue,Minneosta,Minnesota
23185.statevalue,Michigna,Michigan
54107.county,Jfeferson,Jefferson
35795.county,Billyings,Billings
56136.statevalue,yWyoming,Wyoming
11985.statevalue,Illinosis,Illinois
41111.statevalue,Pennsylvnaia,Pennsylvania
35738.statevalue,Nohrth Dakota,North Dakota
8238.statevalue,Gorgia,Georgia
17223.statevalue,Kansaos,Kansas
17855.county,Blalard,Ballard
39092.county,McIntohs,McIntosh
52130.county,Shenanqdoah,Shenandoah
30006.statevalue,ebraska,Nebraska
27432.county,Howlel,Howell
8132.county,Hlal,Hall
8935.statevalue,Gveorgia,Georgia
43339.county,Pnenington,Pennington
32973.county,Chnango,Chenango
1088.county,Talladeyga,Talladega
47797.statevalue,Txas,Texas
36659.statevalue,North Dakoat,North Dakota
1671.statevalue,Arziona,Arizona
53763.county,Ykima,Yakima
44261.statevalue,Telnnessee,Tennessee
13233.statevalue,ndiana,Indiana
53716.county,Whattcom,Whatcom
13272.statevalue,ndiana,Indiana
3432.county,El Droado,El Dorado
2677.county,Logayn,Logan
35721.county,Yanrcey,Yancey
12697.statevalue,Indiaan,Indiana
18738.county,Hcikman,Hickman
12368.county,Whteside,Whiteside
52702.county,Lexington Cdity,Lexington City
12627.statevalue,Indiaan,Indiana
16393.statevalue,ansas,Kansas
10766.county,Ckass,Cass
41860.county,olleton,Colleton
25804.statevalue,Mississippi***,Mississippi
36371.county,Rmasey,Ramsey
48555.statevalue,Texsa,Texas
3792.county,Neavda,Nevada
4412.county,eBnt,Bent
41054.statevalue,Pennsylvanai,Pennsylvania
30788.statevalue,ebraska,Nebraska
44184.county,amblen,Hamblen
54185.county,McDoewll,McDowell
25361.statevalue,Mississippi***,Mississippi
48332.county,Mithcell,Mitchell
18597.statevalue,Kenthucky,Kentucky
48424.county,Mwotley,Motley
10442.county,ez Perce,Nez Perce
4167.statevalue,Califrnia,California
52993.statevalue,Virgniia,Virginia
28405.county,Shacnnon,Shannon
47391.statevalue,eTxas,Texas
45038.county,Smih,Smith
3760.county,Montserey,Monterey
9721.county,ilkinson,Wilkinson
47889.statevalue,Texzas,Texas
17840.county,allard,Ballard
37949.statevalue,Oiho,Ohio
55237.county,jJackson,Jackson
332.statevalue,Alaibama,Alabama
31217.statevalue,ebraska,Nebraska
20471.county,a Salle,La Salle
16773.statevalue,Knasas,Kansas
48181.statevalue,exas,Texas
24255.statevalue,Minensota,Minnesota
1156.county,Washilngton,Washington
40646.statevalue,Pennsylvnaia,Pennsylvania
35464.statevalue,NorthC arolina,North Carolina
23434.county,Snailac,Sanilac
14097.statevalue,Indana,Indiana
47789.statevalue,Texass,Texas
23129.statevalue,Michiigan,Michigan
38786.county,armon,Harmon
18674.statevalue,Kentuckvy,Kentucky
50649.statevalue,Vremont,Vermont
54173.statevalue,West Virgnia,West Virginia
47617.county,Kares,Karnes
17361.county,Roks,Rooks
17269.county,Rawlisn,Rawlins
6178.county,Hillbsorough,Hillsborough
33403.statevalue,Noew York,New York
16317.county,Edwadrs,Edwards
1714.county,ila,Gila
51440.county,Henico,Henrico
30532.statevalue,Nebarska,Nebraska
43517.statevalue,gSouth Dakota,South Dakota
29464.county,osebud,Rosebud
8217.county,Hard,Heard
46162.county,Comnache,Comanche
45235.county,Waynle,Wayne
50381.county,Washingon,Washington
51837.statevalue,Vierginia,Virginia
9671.statevalue,eGorgia,Georgia
32833.county,Allegpany,Allegany
32110.county,Ocena,Ocean
49945.county,Caceh,Cache
17526.statevalue,Kansavs,Kansas
13034.statevalue,Isndiana,Indiana
16744.statevalue,Kanas,Kansas
39308.county,ttawa,Ottawa
13674.county,aRndolph,Randolph
52973.statevalue,Virginiga,Virginia
17276.statevalue,Kanss,Kansas
46566.county,Edwarwds,Edwards
50154.statevalue,Utha,Utah
32212.statevalue,ew Jersey,New Jersey
44608.county,Mcaon,Macon
46746.county,Fotr Bend,Fort Bend
8111.county,Habershm,Habersham
34631.county,oGranville,Granville
55209.county,Iorn,Iron
45958.county,Chambrs,Chambers
19451.county,Oldhm,Oldham
8932.county,ike,Pike
24417.county,Mlle Lacs,Mille Lacs
30721.statevalue,Neraska,Nebraska
39403.county,Pushmatyaha,Pushmataha
27854.statevalue,Misusouri,Missouri
36344.statevalue,orth Dakota,North Dakota
31568.county,Nyqe,Nye
26003.statevalue,Mississiuppi,Mississippi
42611.statevalue,Sout Dakota,South Dakota
51969.county,Prnice William,Prince William
14715.statevalue,Ioaw,Iowa
6889.statevalue,Flroida,Florida
86.statevalue,Alabaa,Alabama
42387.statevalue,South Carolna,South Carolina
27012.county,Clrk,Clark
14447.statevalue,Ioa,Iowa
14813.county,Gtuhrie,Guthrie
40287.county,Ymhill,Yamhill
5471.county,uma,Yuma
32679.county,Sna Miguel,San Miguel
783.statevalue,Aabama,Alabama
14699.county,Fayettae,Fayette
52683.statevalue,Vigrinia,Virginia
32002.statevalue,Nw Jersey,New Jersey
19215.county,Matin,Martin
14748.statevalue,Ioaw,Iowa
5658.statevalue,Delawre,Delaware
53551.county,San uJan,San Juan
1040.statevalue,Alabaama,Alabama
47017.statevalue,Texsa,Texas
14571.statevalue,Iwoa,Iowa
40557.statevalue,Pennyslvania,Pennsylvania
15105.county,Lee***,Lee
41971.county,Flroence,Florence
27257.statevalue,Missourmi,Missouri
15371.statevalue,Iwa,Iowa
24474.statevalue,Mninesota,Minnesota
6042.county,Gilchrst,Gilchrist
18181.statevalue,pKentucky,Kentucky
36195.statevalue,North akota,North Dakota
2618.statevalue,Arkanass,Arkansas
27991.statevalue,Mssouri,Missouri
30370.county,reeley,Greeley
6449.statevalue,Fdlorida,Florida
22028.county,Pylmouth,Plymouth
3699.statevalue,Caylifornia,California
30551.county,Johsnon,Johnson
29546.county,wSeet Grass,Sweet Grass
38261.statevalue,hOio,Ohio
43443.county,Spwink,Spink
145.statevalue,Alagbama,Alabama
24477.statevalue,Minnesoa,Minnesota
45043.county,Smithh,Smith
41917.county,Dorchestler,Dorchester
30763.county,errick,Merrick
43281.statevalue,South Dakta,South Dakota
20024.county,Avoyyelles,Avoyelles
12956.statevalue,nIdiana,Indiana
14089.county,hWite,White
6249.county,Jeffersno,Jefferson
43912.county,Crocktt,Crockett
5686.county,District fo Columbia,District of Columbia
56233.statevalue,Wyomindg,Wyoming
48261.statevalue,xTexas,Texas
2591.county,aLfayette,Lafayette
4706.statevalue,Coolrado,Colorado
23983.statevalue,Minnevsota,Minnesota
15839.statevalue,Iaowa,Iowa
28220.statevalue,Misouri,Missouri
2254.county,ross,Cross
35607.county,Washingtyon,Washington
2001.county,Booen,Boone
53897.statevalue,West Viurginia,West Virginia
21787.county,Worceser,Worcester
30833.statevalue,Nebrasa,Nebraska
10831.statevalue,llinois,Illinois
8385.county,Johsnon,Johnson
44970.county,cott,Scott
32210.statevalue,New Jeresy,New Jersey
22860.county,Laeper,Lapeer
9242.statevalue,Geosrgia,Georgia
3585.county,Lasen,Lassen
9836.statevalue,vIdaho,Idaho
14565.county,Davsi,Davis
50799.county,Augsuta,Augusta
35240.statevalue,North Caorlina,North Carolina
44394.county,Jlackson,Jackson
1882.county,SantaCruz,Santa Cruz
15645.county,Taam,Tama
39195.statevalue,klahoma,Oklahoma
56397.statevalue,Wyomng,Wyoming
10023.statevalue,Idao,Idaho
40976.county,Lebanno,Lebanon
32980.statevalue,eNw York,New York
28454.county,Stoddard***,Stoddard
34347.county,Clumbus,Columbus
50404.county,Wueber,Weber
24199.county,Koochichig,Koochiching
49390.statevalue,Teaxs,Texas
46199.county,Conoke,Cooke
9149.statevalue,eorgia,Georgia
37754.county,Muskinguxm,Muskingum
49179.county,Stepens,Stephens
14363.county,Caroll,Carroll
24906.county,Stevewns,Stevens
22115.statevalue,Mikchigan,Michigan
8359.county,Jnkins,Jenkins
33708.county,eneca,Seneca
5998.county,Fkranklin,Franklin
33530.statevalue,Niew York,New York
13795.county,Stairke,Starke
10524.statevalue,Ivdaho,Idaho
56015.statevalue,Wiscosin,Wisconsin
37162.statevalue,hio,Ohio
22735.statevalue,ichigan,Michigan
45600.county,Blacno,Blanco
1046.statevalue,Aalbama,Alabama
39518.statevalue,Oklhoma,Oklahoma
45098.county,Smner,Sumner
52343.county,Wie,Wise
46884.statevalue,Teas,Texas
24914.statevalue,innesota,Minnesota
55660.statevalue,nWisconsin,Wisconsin
19225.statevalue,Kenutcky,Kentucky
41372.statevalue,Pennsyvania,Pennsylvania
17603.county,Stejvens,Stevens
28726.county,Blsaine,Blaine
12809.statevalue,nIdiana,Indiana
38548.statevalue,Oklabhoma,Oklahoma
11709.county,Maion,Marion
24044.statevalue,innesota,Minnesota
51239.statevalue,Virgiwnia,Virginia
44090.county,Gibsno,Gibson
21166.county,Frankln,Franklin
35933.county,Dgivide,Divide
28445.statevalue,Misouri,Missouri
35198.statevalue,North Carolian,North Carolina
31229.county,Tehomas,Thomas
33296.statevalue,New Yorek,New York
43093.county,Kingsbuyr,Kingsbury
20638.county,Pointe Coupee***,Pointe Coupee
37203.county,cGreene,Greene
17751.statevalue,Kanssa,Kansas
11227.statevalue,Ivllinois,Illinois
41514.statevalue,Rwhode Island,Rhode Island
24120.county,tIasca,Itasca
15498.county,Pokl,Polk
25747.county,eKmper,Kemper
9809.county,aKuai,Kauai
2701.county,Madiszon,Madison
44065.county,Fbranklin,Franklin
27082.statevalue,Maissouri,Missouri
12799.county,Elkhrat,Elkhart
15528.statevalue,Ioaw,Iowa
28326.county,St Lois,St Louis
10006.county,Bonnveville,Bonneville
28222.county,Reyolds,Reynolds
46677.county,Fishfer,Fisher
23020.statevalue,Michign,Michigan
55594.statevalue,Wisonsin,Wisconsin
33148.statevalue,New Yrork,New York
7890.statevalue,fGeorgia,Georgia
29986.county,Ceyenne,Cheyenne
12983.statevalue,Indina,Indiana
50090.county,Ion,Iron
3102.statevalue,Akransas,Arkansas
39296.statevalue,Oklaoma,Oklahoma
33327.county,ontgomery,Montgomery
24487.county,Nhicollet,Nicollet
11787.statevalue,Illniois,Illinois
22775.county,Kalkagska,Kalkaska
2931.statevalue,Aransas,Arkansas
37199.county,Greejne,Greene
49735.statevalue,Texams,Texas
46843.statevalue,Txeas,Texas
53441.county,Lweis,Lewis
47166.county,Hratley,Hartley
36083.statevalue,North akota,North Dakota
43450.statevalue,Sout hDakota,South Dakota
44664.county,aMrshall,Marshall
12600.statevalue,Idiana,Indiana
26112.statevalue,Missssippi,Mississippi
45138.statevalue,ennessee,Tennessee
43276.county,iMner,Miner
4851.county,aJckson,Jackson
17391.county,Rusdsell,Russell
6526.county,Okeechobe,Okeechobee
53685.statevalue,Washigton,Washington
12812.statevalue,Indiaan,Indiana
30738.county,McPherason,McPherson
37982.county,uScioto,Scioto
52878.county,Portsouth City,Portsmouth City
478.county,Escuambia,Escambia
14138.statevalue,owa,Iowa
1608.county,Waed Hampton,Wade Hampton
34224.statevalue,North Carolna,North Carolina
26677.county,Baryr,Barry
38795.county,Harpre,Harper
45555.county,nBee,Bee
33931.county,Alamace,Alamance
22116.county,Allegazn,Allegan
17032.county,Morris***,Morris
52504.county,Covignton City,Covington City
17395.statevalue,Kasas,Kansas
18581.statevalue,Keontucky,Kentucky
28026.statevalue,Missuori,Missouri
5612.county,Winqdham,Windham
45644.statevalue,exas,Texas
31717.statevalue,Ne Hampshire,New Hampshire
21017.statevalue,Louidsiana,Louisiana
52340.county,Wies,Wise
19407.statevalue,Kntucky,Kentucky
11634.statevalue,Illinlois,Illinois
48073.county,yLnn,Lynn
27385.county,Hyolt,Holt
16267.county,Dicknson,Dickinson
9392.statevalue,Georgoia,Georgia
47224.statevalue,Tebxas,Texas
37620.statevalue,Ohoi,Ohio
43308.statevalue,South Daota,South Dakota
25489.statevalue,Mississppi,Mississippi
18939.county,Lee***,Lee
19479.statevalue,Kenucky,Kentucky
46535.statevalue,Txeas,Texas
42325.county,Saulda,Saluda
53214.county,oDuglas,Douglas
18376.statevalue,Kentucyk,Kentucky
9931.county,Bivngham,Bingham
4801.county,Gunnison***,Gunnison
37389.statevalue,hio,Ohio
10810.county,wChristian,Christian
39128.statevalue,Olkahoma,Oklahoma
27704.county,dMadison,Madison
32667.county,San uJan,San Juan
12509.statevalue,Iniana,Indiana
23054.county,Menvominee,Menominee
41492.statevalue,Pennsyvania,Pennsylvania
12107.statevalue,Illinobis,Illinois
23420.county,Saniac,Sanilac
21226.statevalue,cMaine,Maine
27015.statevalue,Missorui,Missouri
25323.statevalue,Mississippii,Mississippi
428.statevalue,Albama,Alabama
31126.statevalue,Nebrasak,Nebraska
9129.statevalue,Georgai,Georgia
27994.county,Pemiscto,Pemiscot
47000.statevalue,Texabs,Texas
1568.county,Southeast Favirbanks,Southeast Fairbanks
34356.statevalue,North Carolian,North Carolina
28085.county,Paltte,Platte
16447.county,Gery,Geary
1446.county,Matansuka Susitna,Matanuska Susitna
2410.county,rant,Grant
31601.statevalue,Nvada,Nevada
52652.statevalue,Virgina,Virginia
39965.county,wKlamath,Klamath
910.statevalue,Alabaam,Alabama
23646.statevalue,Minnestota,Minnesota
29733.statevalue,Nebrasa,Nebraska
13738.statevalue,Indiaan,Indiana
47110.statevalue,Txeas,Texas
23654.county,Blig Stone,Big Stone
19238.statevalue,Kentukcy,Kentucky
54134.county,Lews,Lewis
46657.statevalue,Teaxs,Texas
53945.county,Fayetet,Fayette
47635.county,Kaufyman,Kaufman
15826.county,Wginneshiek,Winneshiek
8464.county,ee,Lee
35866.statevalue,North Dtakota,North Dakota
470.county,iEscambia,Escambia
20640.statevalue,Louisinaa,Louisiana
29392.statevalue,oMntana,Montana
36292.county,Nelosn,Nelson
30799.county,Nancae,Nance
13388.county,Miabmi,Miami
41148.statevalue,ennsylvania,Pennsylvania
18270.statevalue,Kentuckdy,Kentucky
40646.county,Crawfod,Crawford
39584.statevalue,Oklahmoa,Oklahoma
25751.statevalue,Mississdippi,Mississippi
14494.county,layton,Clayton
54427.county,Pleaasnts,Pleasants
4277.county,entura,Ventura
49297.county,Talyor,Taylor
45413.statevalue,Tgexas,Texas
36789.county,Augalize,Auglaize
23494.statevalue,Michfigan,Michigan
3373.county,Conlusa,Colusa
26723.statevalue,Misouri,Missouri
13576.statevalue,Idniana,Indiana
26442.county,Umnion,Union
32158.county,Sojmerset,Somerset
48374.county,Montgomeyr,Montgomery
20295.county,Evangelnine,Evangeline
37005.county,Cuyaohga,Cuyahoga
8648.county,wMarion,Marion
50642.county,Windam,Windham
21422.statevalue,Mrayland,Maryland
10923.statevalue,Ihllinois,Illinois
54264.statevalue,Whest Virginia,West Virginia
8718.county,Muonroe,Monroe
37578.county,Machoning,Mahoning
30289.county,age,Gage
22326.county,Charleoix,Charlevoix
34728.statevalue,orth Carolina,North Carolina
9164.county,Stehpens,Stephens
49713.county,Wilbager,Wilbarger
4120.county,Siskiyuo,Siskiyou
2166.statevalue,Akansas,Arkansas
26537.statevalue,Mississippi***,Mississippi
27527.county,nKox,Knox
30385.county,Hafll,Hall
49057.county,Scucrry,Scurry
4420.statevalue,Coloradao,Colorado
34810.statevalue,NorthC arolina,North Carolina
18535.county,raves,Graves
47712.county,Kehrr,Kerr
42251.statevalue,South Cfarolina,South Carolina
13111.statevalue,Iqndiana,Indiana
31971.statevalue,New tJersey,New Jersey
38896.county,Johsnton,Johnston
16619.county,Haskjell,Haskell
8702.statevalue,Geogia,Georgia
41314.statevalue,Pennszylvania,Pennsylvania
1675.county,Cocise,Cochise
23759.statevalue,Minnesotia,Minnesota
31105.statevalue,ebraska,Nebraska
57.county,Bibb***,Bibb
18254.county,Cliinton,Clinton
32504.county,Los Ablamos,Los Alamos
6297.statevalue,Folrida,Florida
39871.county,arney,Harney
33960.county,lexander,Alexander
32758.statevalue,Nelw Mexico,New Mexico
38671.statevalue,Oklaoma,Oklahoma
8723.county,Mnoroe,Monroe
22979.statevalue,Miochigan,Michigan
16083.statevalue,Kanssa,Kansas
47405.county,Hut,Hunt
51213.statevalue,iVrginia,Virginia
8449.county,wLaurens,Laurens
16458.statevalue,qKansas,Kansas
21280.county,Psicataquis,Piscataquis
26652.statevalue,Missorui,Missouri
13432.statevalue,Induiana,Indiana
51981.statevalue,Virgcinia,Virginia
50128.statevalue,Uth,Utah
36308.county,lOiver,Oliver
13553.statevalue,Indiaa,Indiana
43855.county,lCay,Clay
22730.county,Isabelal,Isabella
51860.county,aPge,Page
44768.county,Mrgan,Morgan
22762.county,Kalamazo,Kalamazoo
37396.county,Jacksno,Jackson
1762.county,Greyenlee,Greenlee
12600.county,Caroll,Carroll
47288.statevalue,gTexas,Texas
26751.statevalue,Missouir,Missouri
80.county,Blunt,Blount
51688.county,Mathesw,Mathews
54443.statevalue,est Virginia,West Virginia
16502.county,Grnt,Grant
18493.county,Grarard,Garrard
53555.county,an Juan,San Juan
41948.county,Firfield,Fairfield
20021.statevalue,ouisiana,Louisiana
39141.county,Mjayes,Mayes
40607.county,Clarfield,Clearfield
54611.county,Tuckre,Tucker
1727.county,Gtila,Gila
19206.county,Marshalnl,Marshall
3716.statevalue,Califonria,California
336.statevalue,Alabamva,Alabama
47861.statevalue,eTexas,Texas
30337.statevalue,Nbraska,Nebraska
40453.county,Bucsk,Bucks
26436.county,nion,Union
3325.statevalue,Caliofrnia,California
5468.county,fYuma,Yuma
33853.statevalue,ew York,New York
17067.county,Nekmaha,Nemaha
30693.statevalue,Nebrasak,Nebraska
10631.county,dams,Adams
39205.county,owata,Nowata
36069.county,Gant,Grant
37922.county,utnam,Putnam
25977.county,Monore,Monroe
45050.statevalue,Tnnessee,Tennessee
26942.county,Casus,Cass
32243.county,Catorn,Catron
14640.statevalue,Iwoa,Iowa
17060.county,Mortno,Morton
24832.county,Sherbune,Sherburne
30934.statevalue,kNebraska,Nebraska
13422.statevalue,nIdiana,Indiana
15472.county,Pocahonts,Pocahontas
1183.statevalue,Aalbama,Alabama
55266.statevalue,Wiscosin,Wisconsin
49421.statevalue,Txas,Texas
40227.statevalue,Oregno,Oregon
1639.county,Yukon oyukuk,Yukon Koyukuk
26330.county,Sunfloweqr,Sunflower
23035.county,Mecota,Mecosta
2191.county,Conwy,Conway
4379.statevalue,Colorapdo,Colorado
16502.statevalue,ansas,Kansas
17565.county,Stafhford,Stafford
50359.county,Waslatch,Wasatch
12162.county,Soctt,Scott
9016.county,Quitmcan,Quitman
40277.statevalue,rOegon,Oregon
6339.statevalue,Forida,Florida
31579.statevalue,Nevaa,Nevada
46596.county,El Paaso,El Paso
25276.county,Chnickasaw,Chickasaw
47480.statevalue,exas,Texas
40939.statevalue,Pennsyluvania,Pennsylvania
35508.statevalue,North Carolian,North Carolina
28774.county,Cater,Carter
54807.statevalue,Wisconssin,Wisconsin
1942.statevalue,Aransas,Arkansas
23243.county,Ontnoagon,Ontonagon
26152.county,Pie,Pike
3712.statevalue,Cailfornia,California
52861.county,Poquoson ity,Poquoson City
37065.county,rie,Erie
11364.county,Jerey,Jersey
48461.statevalue,Texsa,Texas
33092.county,Estsex,Essex
39013.county,ogan,Logan
37090.county,Fairkfield,Fairfield
8250.county,Houstno,Houston
51779.statevalue,Virinia,Virginia
26030.statevalue,Mississippi***,Mississippi
25124.statevalue,Mninesota,Minnesota
6667.county,St Jxohns,St Johns
19356.statevalue,Kentucy,Kentucky
36721.county,shland,Ashland
52044.county,Roankoe,Roanoke
16832.county,Linmcoln,Lincoln
26273.statevalue,Mississnippi,Mississippi
50934.county,Bukingham,Buckingham
15871.county,orth,Worth
8070.statevalue,Georgpia,Georgia
34828.statevalue,North Carolinea,North Carolina
32657.county,Sna Juan,San Juan
42360.statevalue,Soruth Carolina,South Carolina
28758.county,Caron,Carbon
26147.county,Piek,Pike
37690.county,Monreo,Monroe
12422.statevalue,Illinois***,Illinois
29540.statevalue,Mntana,Montana
15922.statevalue,Klansas,Kansas
21398.statevalue,Maryand,Maryland
4472.statevalue,Colordo,Colorado
34057.county,uBertie,Bertie
7368.county,Chattoga,Chattooga
17649.statevalue,Kansjas,Kansas
45256.county,Weakely,Weakley
26866.statevalue,Misgsouri,Missouri
30336.statevalue,Nebraskga,Nebraska
41397.statevalue,Pensylvania,Pennsylvania
36562.statevalue,Noth Dakota,North Dakota
16869.statevalue,Kanss,Kansas
44077.statevalue,Tennssee,Tennessee
49520.statevalue,Texs,Texas
29776.county,oone,Boone
9515.statevalue,Gergia,Georgia
26421.statevalue,Misosissippi,Mississippi
3777.statevalue,Califorina,California
55214.statevalue,yWisconsin,Wisconsin
33005.statevalue,New Yokr,New York
21756.statevalue,Maryladn,Maryland
48470.county,Naavrro,Navarro
17158.statevalue,ansas,Kansas
10639.statevalue,Iellinois,Illinois
41140.statevalue,Pennmsylvania,Pennsylvania
22146.statevalue,Michgan,Michigan
47684.statevalue,Teaxs,Texas
32766.statevalue,New Merxico,New Mexico
29067.county,Jeffelrson,Jefferson
9851.county,Aams,Adams
43814.county,Cthester,Chester
41473.statevalue,Pennsylvania***,Pennsylvania
39935.statevalue,Oregoun,Oregon
22211.statevalue,Mihigan,Michigan
56240.county,Loaramie,Laramie
52841.statevalue,Virginiwa,Virginia
50845.county,Beadford,Bedford
44187.county,Hmblen,Hamblen
799.statevalue,tAlabama,Alabama
27880.county,Morgcan,Morgan
15549.county,iRnggold,Ringgold
16700.statevalue,jKansas,Kansas
27957.statevalue,Mssouri,Missouri
1392.statevalue,Aaska,Alaska
53469.county,Maon,Mason
32466.county,ea,Lea
53908.county,Cly,Clay
11816.statevalue,Illinois***,Illinois
33702.statevalue,ew York,New York
34395.county,Cumerland,Cumberland
39144.statevalue,Olahoma,Oklahoma
6460.county,Maimi-Dade,Miami-Dade
35138.statevalue,North Crolina,North Carolina
55554.county,Outagamei,Outagamie
20595.statevalue,Luisiana,Louisiana
15915.county,Anerson,Anderson
40757.statevalue,Pennsylavnia,Pennsylvania
28535.county,Vernuon,Vernon
636.county,ackson,Jackson
5918.county,eD Soto,De Soto
16733.county,earny,Kearny
44039.statevalue,Tennsesee,Tennessee
24774.county,oRseau,Roseau
44718.county,Monreo,Monroe
4504.county,Clear gCreek,Clear Creek
14986.county,Jacklson,Jackson
1306.statevalue,Alzaska,Alaska
45283.statevalue,Tennesee,Tennessee
30096.statevalue,Nbebraska,Nebraska
29751.statevalue,ebraska,Nebraska
35684.statevalue,North Carolnia,North Carolina
52179.county,Southamipton,Southampton
28435.statevalue,Missori,Missouri
13444.statevalue,Insdiana,Indiana
49613.county,Washingotn,Washington
30771.statevalue,Nebrska,Nebraska
24385.statevalue,Miinnesota,Minnesota
40698.county,Dauhpin,Dauphin
22472.statevalue,Michigaun,Michigan
10422.county,dMadison,Madison
17497.county,Sheriadn,Sheridan
38858.county,Jakcson,Jackson
19023.statevalue,Kqentucky,Kentucky
46216.statevalue,exas,Texas
46895.statevalue,Teas,Texas
45477.statevalue,exas,Texas
2868.county,Peryr,Perry
22843.county,Lapeer***,Lapeer
56297.statevalue,Wyming,Wyoming
53251.county,Frankljin,Franklin
19942.statevalue,Kentucy,Kentucky
41629.county,Aikne,Aiken
41505.statevalue,Pennsylvnaia,Pennsylvania
40817.statevalue,Pennsylvavnia,Pennsylvania
36542.county,Steefle,Steele
3682.statevalue,Czalifornia,California
51373.county,Grenesville,Greensville
5377.county,Sehdgwick,Sedgwick
50424.county,Addiston,Addison
33578.statevalue,New Yok,New York
17413.county,Salinve,Saline
24589.statevalue,Minesota,Minnesota
9691.county,Winlcox,Wilcox
14426.county,Cherkoee,Cherokee
46836.statevalue,Tejxas,Texas
49407.statevalue,Texsa,Texas
7928.county,Foryth,Forsyth
17478.county,eward,Seward
48622.statevalue,Tpexas,Texas
28347.county,Samline,Saline
18220.county,lark,Clark
23398.statevalue,Mcichigan,Michigan
30981.county,Red Willw,Red Willow
52638.statevalue,Virignia,Virginia
34831.county,Johnstno,Johnston
15626.county,Stofry,Story
55415.statevalue,Wsconsin,Wisconsin
8098.statevalue,Geoorgia,Georgia
19853.statevalue,Kentucyk,Kentucky
44418.statevalue,Tennessee***,Tennessee
8983.statevalue,Georia,Georgia
13243.county,Lsagrange,Lagrange
4171.statevalue,Cavlifornia,California
836.county,Maion,Marion
4152.county,Sonvoma,Sonoma
22364.statevalue,Michgian,Michigan
33011.county,Columbioa,Columbia
26762.statevalue,Misouri,Missouri
29775.county,Booyne,Boone
13889.county,Tpton,Tipton
35454.statevalue,Nosrth Carolina,North Carolina
3735.statevalue,Caliornia,California
16746.statevalue,Knsas,Kansas
31266.county,Vaalley,Valley
28301.statevalue,Msisouri,Missouri
17277.statevalue,ansas,Kansas
55953.statevalue,Wfisconsin,Wisconsin
19716.county,Spencre,Spencer
51936.county,Prince Eward,Prince Edward
18046.statevalue,Kentucyk,Kentucky
43786.statevalue,Tennessgee,Tennessee
56117.statevalue,Woyming,Wyoming
55423.county,Marnette,Marinette
24166.statevalue,Minnesotda,Minnesota
38513.statevalue,Oklahmoa,Oklahoma
48217.statevalue,Texsa,Texas
3255.statevalue,Arkanskas,Arkansas
35277.county,lPolk,Polk
48625.statevalue,eTxas,Texas
9931.statevalue,Idho,Idaho
11069.county,Effignham,Effingham
51458.county,Henrgy,Henry
28488.statevalue,Misouri,Missouri
38736.statevalue,aOklahoma,Oklahoma
10174.statevalue,dIaho,Idaho
8588.county,cIntosh,McIntosh
17270.statevalue,Kasas,Kansas
43149.county,incoln,Lincoln
29219.county,Minqeral,Mineral
30997.county,Richarson,Richardson
39932.county,Jeffeson,Jefferson
55692.statevalue,Wiconsin,Wisconsin
53056.statevalue,Virgina,Virginia
16730.county,earny,Kearny
43887.county,Cofee,Coffee
2919.county,oinsett,Poinsett
55695.statevalue,Wiscontsin,Wisconsin
32706.county,Santa e,Santa Fe
47045.statevalue,Texs,Texas
2801.statevalue,Akransas,Arkansas
7584.statevalue,Geogria,Georgia
30827.county,Nemha,Nemaha
17331.statevalue,Knsas,Kansas
14066.statevalue,Idiana,Indiana
19599.statevalue,Ketnucky,Kentucky
39940.statevalue,regon,Oregon
54375.statevalue,Weqst Virginia,West Virginia
27216.county,Dougls,Douglas
52691.county,Lexinton City,Lexington City
42517.statevalue,outh Dakota,South Dakota
17534.statevalue,uKansas,Kansas
39936.statevalue,Oregno,Oregon
25385.county,Copih,Copiah
38660.county,ewey,Dewey
30427.statevalue,Nebraszka,Nebraska
49736.county,Willivamson,Williamson
15815.statevalue,owa,Iowa
19307.statevalue,Kentucyk,Kentucky
28337.statevalue,Miassouri,Missouri
4859.statevalue,Colorxado,Colorado
18178.county,Cayrter,Carter
49903.county,eBaver,Beaver
3646.county,Mairin,Marin
54653.statevalue,Wes Virginia,West Virginia
7797.county,Effingam,Effingham
5308.county,outt,Routt
12969.county,Hamiljton,Hamilton
37714.county,Mhorgan,Morgan
34571.county,Gatson,Gaston
45409.county,Arcer,Archer
24041.county,eHnnepin,Hennepin
15757.statevalue,owa,Iowa
31582.county,Persing,Pershing
29787.county,oone,Boone
49067.county,Scurrzy,Scurry
27094.county,Carwford,Crawford
24091.county,Isnti,Isanti
15411.county,Paeg,Page
10552.county,hTeton,Teton
31968.county,sEsex,Essex
2651.county,Litlte River,Little River
50236.statevalue,tUah,Utah
49210.statevalue,Txas,Texas
30989.county,Red Wilylow,Red Willow
48576.county,Orangee,Orange
15907.county,llen,Allen
32445.statevalue,New Mexigco,New Mexico
14247.statevalue,Ioaw,Iowa
52885.statevalue,Vbirginia,Virginia
16874.statevalue,Knasas,Kansas
17771.county,yandotte,Wyandotte
54112.statevalue,eWst Virginia,West Virginia
24815.county,Scotot,Scott
55891.statevalue,Wisconswin,Wisconsin
6030.statevalue,Floirda,Florida
37432.statevalue,Ohoi,Ohio
14810.county,uGthrie,Guthrie
36737.statevalue,Ohoi,Ohio
46373.statevalue,Teas,Texas
39893.county,Hoo dRiver,Hood River
22322.county,Charlveoix,Charlevoix
15619.statevalue,Iotwa,Iowa
15688.statevalue,Iwoa,Iowa
54776.statevalue,Wsconsin,Wisconsin
21576.county,Gaurrett,Garrett
22838.statevalue,Mchigan,Michigan
25935.county,Mdison,Madison
49449.county,pshur,Upshur
36964.county,Cshocton,Coshocton
48198.county,Masno,Mason
17738.county,Wison,Wilson
47664.statevalue,Texaus,Texas
20852.statevalue,uLouisiana,Louisiana
9995.county,oBonneville,Bonneville
36640.county,Wrd,Ward
16400.statevalue,Kasnas,Kansas
31977.county,lGoucester,Gloucester
16378.statevalue,Kasnas,Kansas
11849.statevalue,Illinxois,Illinois
42774.statevalue,Suoth Dakota,South Dakota
41847.county,Clarednon,Clarendon
54081.county,Jacksoan,Jackson
7800.county,Effigham,Effingham
9158.statevalue,Georxgia,Georgia
47227.statevalue,Teaxs,Texas
43533.statevalue,Stouth Dakota,South Dakota
21315.statevalue,Manie,Maine
40010.statevalue,Orgon,Oregon
31091.statevalue,Nebrasa,Nebraska
7169.statevalue,Goergia,Georgia
32686.statevalue,New Mexcio,New Mexico
50736.statevalue,Vrginia,Virginia
18143.statevalue,Kentuky,Kentucky
48260.county,Menad,Menard
52667.county,Harrisonburg Citly,Harrisonburg City
1487.statevalue,Alasak,Alaska
41615.county,Abeville,Abbeville
38893.county,Johnvston,Johnston
10948.county,e Kalb,De Kalb
54789.county,Ahland,Ashland
9349.statevalue,eGorgia,Georgia
23229.statevalue,Michigna,Michigan
21858.statevalue,Mssachusetts,Massachusetts
40910.statevalue,Pennsylvanqia,Pennsylvania
43199.statevalue,kSouth Dakota,South Dakota
33069.county,Errie,Erie
40060.county,Malherur,Malheur
38527.county,oCal,Coal
5818.statevalue,Floirda,Florida
11695.statevalue,Illinois***,Illinois
44693.county,Mury,Maury
3166.county,Stoen,Stone
30951.county,Pilatte,Platte
24545.county,Olmscted,Olmsted
25141.statevalue,Missxissippi,Mississippi
6243.county,ackson,Jackson
9019.statevalue,Georghia,Georgia
9976.county,Bonnre,Bonner
6900.county,Apling,Appling
17673.county,Wabausnee,Wabaunsee
42455.statevalue,South Dkota,South Dakota
2552.statevalue,Arkpansas,Arkansas
616.county,ouston,Houston
51763.county,Nelsno,Nelson
48037.county,Loivng,Loving
12956.county,reene,Greene
52793.county,Newoprt News City,Newport News City
10771.statevalue,jIllinois,Illinois
6482.statevalue,Fdlorida,Florida
15523.county,oweshiek,Poweshiek
47214.county,Hasy,Hays
18858.county,Kntt,Knott
26315.statevalue,Mississipi,Mississippi
23900.county,Ddakota,Dakota
52710.county,Lynchburg Ciyt,Lynchburg City
53911.statevalue,WestV irginia,West Virginia
50558.county,Laoille,Lamoille
34904.county,Linocln,Lincoln
45896.statevalue,Texans,Texas
5318.statevalue,Colrado,Colorado
27902.statevalue,Missouir,Missouri
11117.county,Fraknlin,Franklin
31841.county,Sullinvan,Sullivan
17058.county,Mortjon,Morton
18513.statevalue,Kegntucky,Kentucky
30395.county,Hll,Hall
20200.county,Cocordia,Concordia
48489.statevalue,Texhas,Texas
31889.county,Burlingtno,Burlington
17633.county,Tohmas,Thomas
54515.statevalue,Wst Virginia,West Virginia
41876.county,Drlington,Darlington
31250.statevalue,Nebryaska,Nebraska
55332.statevalue,Wsiconsin,Wisconsin
33186.statevalue,hNew York,New York
36959.county,oshocton,Coshocton
22063.statevalue,Massachusets,Massachusetts
2524.statevalue,Arkanas,Arkansas
13176.county,ennings,Jennings
957.county,iPickens,Pickens
11038.county,Ewdards,Edwards
7680.statevalue,Georgai,Georgia
9840.statevalue,dIaho,Idaho
48553.county,ldham,Oldham
24873.statevalue,Minnesiota,Minnesota
38550.statevalue,Oklahobma,Oklahoma
54577.statevalue,Wes Virginia,West Virginia
31643.statevalue,Nevaad,Nevada
50442.statevalue,eVrmont,Vermont
21040.statevalue,Lopuisiana,Louisiana
11274.county,enry,Henry
14220.statevalue,Iwa,Iowa
22579.county,Gramtiot,Gratiot
13281.county,Lam Porte,La Porte
3161.statevalue,Arkanssa,Arkansas
51962.statevalue,Virginai,Virginia
27861.statevalue,Misouri,Missouri
49101.statevalue,eTxas,Texas
23244.county,Ontongon,Ontonagon
6830.statevalue,Flourida,Florida
33190.statevalue,Nw York,New York
9075.statevalue,eorgia,Georgia
28357.statevalue,Mpissouri,Missouri
45178.statevalue,Tenenssee,Tennessee
55835.statevalue,Wicsonsin,Wisconsin
1346.statevalue,lAaska,Alaska
31734.statevalue,tNew Hampshire,New Hampshire
31050.statevalue,Nebraka,Nebraska
46684.statevalue,exas,Texas
55637.statevalue,Wisconisn,Wisconsin
29819.county,Bod,Boyd
25394.statevalue,Missigssippi,Mississippi
51479.county,Highlnad,Highland
29780.statevalue,Nebrasak,Nebraska
24589.county,Pie,Pine
40000.county,Laen,Lane
21690.statevalue,Maaryland,Maryland
11615.county,MtcHenry,McHenry
2491.statevalue,Arknsas,Arkansas
39942.statevalue,regon,Oregon
23281.county,Oscodaa,Oscoda
23048.county,Meominee,Menominee
535.county,Fraklin,Franklin
48182.statevalue,Txas,Texas
30103.county,Dason,Dawson
5062.statevalue,Coflorado,Colorado
4056.statevalue,Caliofrnia,California
53320.county,Islaund,Island
39987.county,Lajke,Lake
37986.county,Scioato,Scioto
16639.county,Hodgman,Hodgeman
15931.county,Atcheison,Atchison
35562.county,Vanec,Vance
26805.statevalue,Missourpi,Missouri
55475.statevalue,Wisconsni,Wisconsin
40505.county,dCameron,Cameron
17145.statevalue,Kangsas,Kansas
55715.county,Rok,Rock
19697.statevalue,Kentxucky,Kentucky
52581.statevalue,Virgina,Virginia
20842.county,St Martien,St Martin
13931.statevalue,Iniana,Indiana
47052.county,Hal,Hall
2347.statevalue,Aransas,Arkansas
9695.county,Wilconx,Wilcox
24706.statevalue,Minnesoqta,Minnesota
39817.statevalue,Oreogn,Oregon
28898.statevalue,Meontana,Montana
774.statevalue,Alabaama,Alabama
45473.statevalue,pTexas,Texas
40602.county,Clearfiefld,Clearfield
46719.county,Faord,Foard
46327.statevalue,exas,Texas
37811.county,Paluding,Paulding
47134.county,Harirs,Harris
35985.statevalue,Nroth Dakota,North Dakota
42969.statevalue,South Dkota,South Dakota
30954.statevalue,Nerbaska,Nebraska
40717.county,Etlk,Elk
20704.statevalue,Lwouisiana,Louisiana
93.statevalue,labama,Alabama
42184.statevalue,Soth Carolina,South Carolina
53914.county,Doddrsidge,Doddridge
51140.county,Dainwiddie,Dinwiddie
48314.county,ills,Mills
3683.county,Mendocion,Mendocino
13326.statevalue,Iendiana,Indiana
37619.county,Media,Medina
22070.county,lcona,Alcona
33254.statevalue,New ork,New York
31945.county,Cumberladn,Cumberland
24455.statevalue,Minnesta,Minnesota
34440.county,Daidson,Davidson
9095.county,Scjhley,Schley
7688.county,Ddoge,Dodge
10850.county,Clacy,Clay
14491.statevalue,iIowa,Iowa
26243.statevalue,Mississpipi,Mississippi
50518.county,Franlin,Franklin
38415.county,Canavdian,Canadian
1428.statevalue,Alaksa,Alaska
24973.county,abasha,Wabasha
4425.statevalue,Coloado,Colorado
50373.county,Wkashington,Washington
39097.county,Majro,Major
44919.statevalue,Tennesee,Tennessee
35501.statevalue,North Carolna,North Carolina
29867.statevalue,ebraska,Nebraska
40147.county,Shewrman,Sherman
422.county,Dallajs,Dallas
7112.county,Branntley,Brantley
54596.county,ucker,Tucker
22195.county,Bardry,Barry
3652.county,aMrin,Marin
32586.statevalue,New eMxico,New Mexico
16180.county,Cofxfey,Coffey
13423.county,Monztgomery,Montgomery
5162.county,Osuray,Ouray
41536.statevalue,hode Island,Rhode Island
20162.county,Catahoual,Catahoula
43331.statevalue,Southj Dakota,South Dakota
10830.county,Clrak,Clark
55812.county,Shamwano,Shawano
35228.county,Peron,Person
14162.statevalue,hIowa,Iowa
9542.county,Warce,Ware
37577.county,Mahning,Mahoning
11517.county,LaSalle,La Salle
32320.statevalue,New Mexioc,New Mexico
31473.statevalue,Nenvada,Nevada
12674.statevalue,Idiana,Indiana
35339.statevalue,Nlorth Carolina,North Carolina
34206.county,Cateret,Carteret
41025.statevalue,Pennsrylvania,Pennsylvania
14513.statevalue,Iwoa,Iowa
33298.statevalue,Newz York,New York
10505.county,Payettne,Payette
34806.county,Ireedll,Iredell
23397.statevalue,Mihcigan,Michigan
49814.county,aWood,Wood
19169.county,Magoffikn,Magoffin
12221.county,Sephenson,Stephenson
44799.county,Obon,Obion
35195.county,Pener,Pender
42860.county,Gratn,Grant
6625.statevalue,Floriad,Florida
18633.statevalue,Knetucky,Kentucky
23451.county,Sqchoolcraft,Schoolcraft
35877.county,Csas,Cass
42738.statevalue,Sout Dakota,South Dakota
53751.statevalue,aWshington,Washington
53015.statevalue,irginia,Virginia
38089.county,Tuscaraaws,Tuscarawas
11129.county,Fulston,Fulton
23373.county,Saignaw,Saginaw
22505.statevalue,Micihgan,Michigan
32616.county,Rio Arriab,Rio Arriba
30972.county,Poklk,Polk
38827.county,uHghes,Hughes
54393.statevalue,Wet Virginia,West Virginia
37461.county,Larwence,Lawrence
4021.statevalue,dCalifornia,California
6947.statevalue,Georjgia,Georgia
54002.county,Hampshre,Hampshire
52730.statevalue,Virginyia,Virginia
43781.statevalue,eTnnessee,Tennessee
34618.statevalue,North Carpolina,North Carolina
504.statevalue,Alaama,Alabama
38838.statevalue,Okplahoma,Oklahoma
14383.statevalue,Iwoa,Iowa
48076.statevalue,Teuxas,Texas
1929.county,Akansas,Arkansas
13104.county,Jacson,Jackson
624.county,Houmston,Houston
41014.statevalue,oPennsylvania,Pennsylvania
54135.county,Lenwis,Lewis
22036.statevalue,Massachustts,Massachusetts
48892.statevalue,exas,Texas
31935.statevalue,Ne wJersey,New Jersey
25362.county,Cjlay,Clay
30520.county,Howpard,Howard
13561.county,Perrpy,Perry
2191.statevalue,Araknsas,Arkansas
32371.county,Edyd,Eddy
55163.statevalue,Wicsonsin,Wisconsin
33146.county,Gemnesee,Genesee
37638.county,Megs,Meigs
42122.county,aurens,Laurens
32202.county,Unioan,Union
1274.statevalue,Alsaka,Alaska
35001.county,Mecklenburgg,Mecklenburg
24009.statevalue,Mirnnesota,Minnesota
29094.county,ake,Lake
30666.county,Lancastter,Lancaster
49842.statevalue,Texlas,Texas
26701.statevalue,Mssouri,Missouri
12744.county,Dceatur,Decatur
27624.county,Lincotln,Lincoln
33982.county,Allehgany,Alleghany
44061.county,Fejntress,Fentress
51375.statevalue,Virginxia,Virginia
32662.statevalue,Newn Mexico,New Mexico
36570.statevalue,North Dkaota,North Dakota
14332.statevalue,Iwa,Iowa
12780.statevalue,Indipana,Indiana
8505.county,Linconl,Lincoln
25001.county,Waena,Wadena
2756.county,Misssisippi,Mississippi
52279.county,arren,Warren
34699.county,Halrnett,Harnett
25224.statevalue,Mnississippi,Mississippi
14436.statevalue,Iowra,Iowa
6388.statevalue,Fwlorida,Florida
2066.statevalue,Arkasnas,Arkansas
44832.county,Peryr,Perry
45346.county,Ahndrews,Andrews
15398.statevalue,Ioaw,Iowa
55941.county,Washbusrn,Washburn
4562.county,Crowely,Crowley
42311.statevalue,outh Carolina,South Carolina
35168.county,Pamilco,Pamlico
50666.county,Winsdor,Windsor
14880.county,Haurrison,Harrison
939.county,Prry,Perry
1499.statevalue,Alasak,Alaska
49381.county,Tom cGreen,Tom Green
53154.county,Clallam***,Clallam
18732.statevalue,Kentvucky,Kentucky
31548.county,Mienral,Mineral
3361.statevalue,aClifornia,California
54619.statevalue,West Vizrginia,West Virginia
45521.statevalue,Texgas,Texas
47402.statevalue,Tvexas,Texas
47919.statevalue,Tepxas,Texas
42315.county,iRchland,Richland
21560.county,Frederik,Frederick
46532.statevalue,Texsa,Texas
36051.county,Grand Froks,Grand Forks
22770.statevalue,iMchigan,Michigan
37918.statevalue,hio,Ohio
41739.statevalue,South Crolina,South Carolina
45247.county,Wayen,Wayne
17999.statevalue,Kentcky,Kentucky
25038.county,Wasjhington,Washington
5472.statevalue,Coolrado,Colorado
27170.county,Dekaplb,Dekalb
4787.county,Grancd,Grand
1864.county,Pinla,Pinal
25590.statevalue,Mississipi,Mississippi
6159.statevalue,Floribda,Florida
10171.county,Elmqore,Elmore
14736.county,Frhanklin,Franklin
23068.statevalue,ichigan,Michigan
54791.county,Asland,Ashland
8066.statevalue,eorgia,Georgia
7374.statevalue,Georgjia,Georgia
22891.statevalue,Michsigan,Michigan
31670.county,Belknbap,Belknap
35942.county,Dcivide,Divide
34295.statevalue,orth Carolina,North Carolina
35328.statevalue,North Craolina,North Carolina
21072.statevalue,Lzouisiana,Louisiana
55172.statevalue,Wisocnsin,Wisconsin
6470.statevalue,Floria,Florida
50329.county,tah,Utah
9213.county,Sumetr,Sumter
38590.statevalue,Oklahmoa,Oklahoma
6335.statevalue,Flrida,Florida
54283.county,Minerla,Mineral
53796.statevalue,West Virtginia,West Virginia
47080.statevalue,Teas,Texas
9540.statevalue,Geogia,Georgia
51306.statevalue,Virginai,Virginia
34243.statevalue,North Carolinba,North Carolina
6228.statevalue,Folrida,Florida
26094.county,Panqola,Panola
20571.statevalue,oLuisiana,Louisiana
29091.county,ake,Lake
12705.statevalue,Indiaan,Indiana
56148.county,Crhook,Crook
33443.county,Ontaroi,Ontario
40451.statevalue,Pennszylvania,Pennsylvania
53867.county,Cabell***,Cabell
13875.county,Tppecanoe,Tippecanoe
12703.county,aviess,Daviess
44658.statevalue,Tennessee***,Tennessee
48276.county,enard,Menard
43833.statevalue,uTennessee,Tennessee
49705.statevalue,Texsa,Texas
25397.county,Coipah,Copiah
29895.county,Btler,Butler
36458.statevalue,Norht Dakota,North Dakota
55237.statevalue,isconsin,Wisconsin
37574.statevalue,Oho,Ohio
29229.county,Minerla,Mineral
26537.county,Wilknison,Wilkinson
24497.statevalue,Minnestoa,Minnesota
23730.statevalue,Minesota,Minnesota
49508.county,Val Vede,Val Verde
19058.statevalue,Kentucyk,Kentucky
6694.county,St Lucaie,St Lucie
6375.statevalue,Folrida,Florida
17844.statevalue,Ketucky,Kentucky
13753.county,Shselby,Shelby
47150.statevalue,zTexas,Texas
39045.statevalue,klahoma,Oklahoma
12741.county,Dgecatur,Decatur
9831.statevalue,Idho,Idaho
5938.county,iDxie,Dixie
28799.statevalue,Motnana,Montana
1692.statevalue,Arizoan,Arizona
11577.county,oLgan,Logan
27657.statevalue,Missouir,Missouri
41502.statevalue,Pennsymlvania,Pennsylvania
1963.statevalue,rkansas,Arkansas
43077.statevalue,South Dakdota,South Dakota
36496.statevalue,Nort Dakota,North Dakota
35803.county,Bottineau***,Bottineau
14402.statevalue,Ioaw,Iowa
5098.county,ontrose,Montrose
874.county,oMbile,Mobile
48468.county,Navardro,Navarro
43152.county,Lncoln,Lincoln
37237.statevalue,Ophio,Ohio
54291.statevalue,West Virinia,West Virginia
46473.statevalue,exas,Texas
6439.statevalue,Florsida,Florida
1438.county,Lake adn Peninsula,Lake and Peninsula
56417.statevalue,Wyominjg,Wyoming
39943.statevalue,regon,Oregon
31475.county,Humoldt,Humboldt
2493.statevalue,Arkanas,Arkansas
16702.statevalue,Kasnas,Kansas
5095.statevalue,Colorasdo,Colorado
11837.county,Moantgomery,Montgomery
5891.county,Colnumbia,Columbia
11884.statevalue,Illsinois,Illinois
40486.county,Cambra,Cambria
19173.statevalue,Kentucqky,Kentucky
46217.county,wCoryell,Coryell
11420.county,dKane,Kane
25689.county,Jeffeson,Jefferson
4273.county,Ventuar,Ventura
39245.county,Oklxahoma,Oklahoma
41508.statevalue,Pennsyljvania,Pennsylvania
24893.county,Steekle,Steele
13221.statevalue,Indina,Indiana
30227.statevalue,Nbraska,Nebraska
20017.statevalue,ouisiana,Louisiana
36757.statevalue,hio,Ohio
51047.statevalue,Virgfinia,Virginia
4942.statevalue,Clorado,Colorado
37201.county,reene,Greene
30572.statevalue,Nebrasak,Nebraska
45505.county,Basrop,Bastrop
33111.county,Franlin,Franklin
27130.county,Dallsa,Dallas
17750.statevalue,Knsas,Kansas
54962.county,Crawofrd,Crawford
23844.statevalue,Mipnnesota,Minnesota
40610.county,Cliton,Clinton
29705.county,Anteolpe,Antelope
6654.statevalue,Fqlorida,Florida
32791.statevalue,New Mexioc,New Mexico
40790.county,Farnklin,Franklin
16214.statevalue,aKnsas,Kansas
10803.statevalue,lIlinois,Illinois
8774.statevalue,Gergia,Georgia
28250.statevalue,Missori,Missouri
50845.statevalue,Virignia,Virginia
4346.county,Alamosea,Alamosa
24288.county,Linocln,Lincoln
49663.county,Whebeler,Wheeler
22403.statevalue,Micihigan,Michigan
34679.statevalue,oNrth Carolina,North Carolina
10683.statevalue,Illniois,Illinois
35194.county,Peender,Pender
34722.statevalue,North Caolina,North Carolina
12342.statevalue,Ilxlinois,Illinois
15698.county,Van Burne,Van Buren
27437.statevalue,Missouir,Missouri
7280.statevalue,eorgia,Georgia
47435.statevalue,Tfexas,Texas
31027.statevalue,Nebrasak,Nebraska
47232.statevalue,Teqxas,Texas
41709.statevalue,South Caroina,South Carolina
13285.statevalue,Indana,Indiana
44785.statevalue,Tnenessee,Tennessee
33332.county,bMontgomery,Montgomery
29443.statevalue,ontana,Montana
13478.county,Nobe,Noble
55220.county,dIron,Iron
3227.statevalue,Arkavnsas,Arkansas
47924.county,eLon,Leon
23641.county,Benotn,Benton
55187.county,reen Lake,Green Lake
33857.statevalue,ew York,New York
45345.statevalue,Txas,Texas
52858.statevalue,Vriginia,Virginia
4312.county,Yba,Yuba
3162.county,Sqtone,Stone
22883.county,Lenaewe,Lenawee
31578.county,Perhsing,Pershing
51225.county,Flody,Floyd
50557.statevalue,Vrmont,Vermont
41416.statevalue,Pennyslvania,Pennsylvania
8750.statevalue,eorgia,Georgia
48790.county,eal,Real
6436.county,Matin,Martin
33319.county,Montgoemry,Montgomery
16544.statevalue,Kanssa,Kansas
39206.county,Nowtaa,Nowata
11271.statevalue,llinois,Illinois
40138.statevalue,Oreon,Oregon
44675.county,Marqshall,Marshall
21174.statevalue,aine,Maine
39103.county,Maajor,Major
48230.county,Mverick,Maverick
25200.statevalue,Mississippi***,Mississippi
18879.statevalue,entucky,Kentucky
7220.county,Clhoun,Calhoun
7882.county,Fanin,Fannin
6263.statevalue,Floida,Florida
47544.statevalue,Tejxas,Texas
22823.statevalue,Michxigan,Michigan
13743.statevalue,Indana,Indiana
