indicator,panel,panelnum,unit,unitnum,stubname,stubnamenum,stublabel,stublabelnum,year,yearnum,age,agenum,estimate,flag
Drug overdose death rates,All drug overdose deaths,0,"Deaths per 100,000 resident population, age-adjusted",1,Total,0,All persons,0.1,1999,1,All ages,1.1,6.1,NULL
Drug overdose death rates,All drug overdose deaths,0,"Deaths per 100,000 resident population, age-adjusted",1,Total,0,All persons,0.1,2000,2,All ages,1.1,6.2,NULL
Drug overdose death rates,All drug overdose deaths,0,"Deaths per 100,000 resident population, age-adjusted",1,Total,0,All persons,0.1,2001,3,All ages,1.1,6.8,NULL
Drug overdose death rates,All drug overdose deaths,0,"Deaths per 100,000 resident population, age-adjusted",1,Total,0,All persons,0.1,2002,4,All ages,1.1,8.2,NULL
Drug overdose death rates,All drug overdose deaths,0,"Deaths per 100,000 resident population, age-adjusted",1,Total,0,All persons,0.1,2003,5,All ages,1.1,8.9,NULL
Drug overdose death rates,All drug overdose deaths,0,"Deaths per 100,000 resident population, age-adjusted",1,Total,0,All persons,0.1,2004,6,All ages,1.1,9.4,NULL
Drug overdose death rates,All drug overdose deaths,0,"Deaths per 100,000 resident population, age-adjusted",1,Total,0,All persons,0.1,2002,7,All ages,1.1,10.1,NULL
Drug overdose death rates,All drug overdose deaths,0,"Deaths per 100,000 resident population, age-adjusted",1,Total,0,All persons,0.1,2006,8,All ages,11.,11.5,NULL
Drug overdose death rates,All drug overdose deaths,0,"Deaths per 100,000 resident population, age-adjusted",1,Total,0,All persons,0.1,2007,9,All ages,1.1,11.9,NULL
Drug overdose death rates,All drug overdose deaths,0,"Deaths per 100,000 resident population, age-adjusted",1,Total,0,All persons,0.1,2008,10,All ages,1.1,11.9,NULL
Drug overdose death rates,All drug overdose deaths,0,"Deaths per 100,000 resident population, age-adjusted",1,Total,0,All persons,0.1,2001,11,All ages,1.1,11.9,NULL
Drug overdose death rates,All drug overdose deaths,0,"Deaths per 100,000 resident population, age-adjusted",1,Total,0,All persons,0.1,2010,12,All ages,.1,12.3,NULL
Drug overdose death rates,All drug overdose deaths,0,"Deaths per 100,000 resident population, age-adjusted",1,Total,0,All persons,0.1,2011,13,All ages,1.1,13.2,NULL
Drug overdose death rates,All drug overdose deaths,0,"Deaths per 100,000 resident population, age-adjusted",1,Total,0,All persons,0.1,2001,14,All ages,1.1,13.1,NULL
Drug overdose death rates,All drug overdose deaths,0,"Deaths per 100,000 resident population, age-adjusted",1,Total,0,All persons,0.1,2013,2,All ages,1.2,13.8,NULL
Drug overdose death rates,All drug overdose deaths,0,"Deaths per 100,000 resident population, age-adjusted",1,Total,0,All persons,0.1,2014,4,Under 15 years,1.1,14.7,NULL
Drug overdose death rates,All drug overdose deaths,0,"Deaths per 100,000 resident population, age-adjusted",1,Total,0,All persons,0.1,2010,17,All ages,1.1,16.3,NULL
Drug overdose death rates,All drug overdose deaths,0,"Deaths per 100,000 resident population, age-adjusted",1,Total,0,All persons,0.1,2016,18,All ages,1.1,19.8,NULL
Drug overdose death rates,All drug overdose deaths,0,"Deaths per 100,000 resident population, age-adjusted",1,Total,0,All persons,0.1,2007,19,All ages,1.1,21.7,NULL
Drug overdose death rates,All drug overdose deaths,0,"Deaths per 100,000 resident population, age-adjusted",1,Sex,2,Male,0.1,1999,1,All ages,1.1,8.2,NULL
Drug overdose death rates,All drug overdose deaths,0,"Deaths per 100,000 resident population, age-adjusted",1,Total,2,Male,2.1,2000,10,All ages,1.1,8.3,NULL
Drug overdose death rates,All drug overdose deaths,0,"Deaths per 100,000 resident population, age-adjusted",1,Total,2,Male,2.1,2001,12,All ages,1.1,9.0,NULL
Drug overdose death rates,All drug overdose deaths,0,"Deaths per 100,000 resident population, age-adjusted",1,Sex,2,All persons,2.1,2002,8,All ages,1.1,10.6,NULL
Drug overdose death rates,All drug overdose deaths,0,"Deaths per 100,000 resident population, age-adjusted",1,Sex,2,Male,2.1,2003,9,All ages,1.1,11.5,NULL
Drug overdose death rates,All drug overdose deaths,0,"Deaths per 100,000 resident population, age-adjusted",1,Sex,2,All persons,0.1,2004,9,All ages,1.1,11.8,NULL
Drug overdose death rates,All drug overdose deaths,0,"Deaths per 100,000 resident population, age-adjusted",1,Sex,2,All persons,2.1,2005,9,All ages,1.1,12.8,NULL
Drug overdose death rates,All drug overdose deaths,0,"Deaths per 100,000 resident population, age-adjusted",1,Sex,2,All persons,2.1,2000,8,All ages,1.1,14.8,NULL
Drug overdose death rates,All drug overdose deaths,0,"Deaths per 100,000 resident population, age-adjusted",1,Total,2,Male,2.1,2004,9,All ages,1.1,14.9,NULL
Drug overdose death rates,All drug overdose deaths,,"Deaths per 100,000 resident population, age-adjusted",1,Sex,2,Male,2.1,2004,10,All ages,1.1,14.9,NULL
Drug overdose death rates,All drug overdose deaths,0,"Deaths per 100,000 resident population, age-adjusted",1,Sex,2,All persons,2.1,2009,12,All ages,1.1,14.8,NULL
Drug overdose death rates,All drug overdose deaths,0,"Deaths per 100,000 resident population, age-adjusted",1,Sex,2,All persons,2.1,2010,4,All ages,1.1,15.0,NULL
Drug overdose death rates,All drug overdose deaths,0,"Deaths per 100,000 resident population, age-adjusted",1,Sex,2,All persons,2.1,2011,13,All ages,1.1,16.1,NULL
Drug overdose death rates,All drug overdose deaths,0,"Deaths per 100,000 resident population, age-adjusted",1,Total,2,Male,2.1,2012,6,All ages,1.1,16.1,NULL
Drug overdose death rates,All drug overdose deaths,,"Deaths per 100,000 resident population, crude",1,Sex,2,All persons,2.1,2000,19,All ages,1.1,29.0,NULL
Drug overdose death rates,All drug overdose deaths,0,"Deaths per 100,000 resident population, age-adjusted",1,Sex,2,Male,2.1,2013,15,All ages,1.2,17.0,NULL
Drug overdose death rates,All drug overdose deaths,0,"Deaths per 100,000 resident population, age-adjusted",1,Sex,2,All persons,2.1,2006,16,All ages,1.1,18.3,NULL
Drug overdose death rates,All drug overdose deaths,0,"Deaths per 100,000 resident population, age-adjusted",1,Sex,2,Male,2.1,2015,17,All ages,1.1,20.8,NULL
Drug overdose death rates,All drug overdose deaths,0,"Deaths per 100,000 resident population, age-adjusted",1,Total,2,All persons,2.1,2001,18,All ages,1.1,26.2,NULL
Drug overdose death rates,All drug overdose deaths,0,"Deaths per 100,000 resident population, age-adjusted",1,Sex,2,Male,2.1,2003,19,Under 15 years,1.1,29.1,NULL
Drug overdose death rates,All drug overdose deaths,0,"Deaths per 100,000 resident population, age-adjusted",1,Sex,2,Female,2.2,2000,1,All ages,1.1,3.9,NULL
Drug overdose death rates,All drug overdose deaths,0,"Deaths per 100,000 resident population, age-adjusted",1,Sex,2,All persons,2.2,2000,15,Allz ages,1.1,4.1,NULL
Drug overdose death rates,All drug overdose deaths,q0,"Deaths per 100,000 resident population, age-adjusted",1,Total,2,All persons,2.2,2001,13,All ages,1.1,4.6,NULL
Drug overdose death rates,All drug overdose deaths,0,"Deaths per 100,000 resident population, age-adjusted",1,Sex,2,Female,2.2,2006,4,Under 15 years,1.1,5.8,NULL
Drug overdose death rates,All drug overdose deaths,0,"Deaths per 100,000 resident population, age-adjusted",1,Sex,2,All persons,2.2,2003,9,Under 15 years,1.1,6.4,NULL
Drug overdose death rates,All drug overdose deaths,0,"Deaths per 100,000 resident population, age-adjusted",1,Sex,2,Female,2.2,2004,5,Under 15 years,1.1,6.9,NULL
Drug overdose death rates,All drug overdose deaths,***,"Deaths per 100,000 resident population, age-adjusted",1,Sex,2,All persons,2.2,2003,7,Under 15 years,1.1,7.3,NULL
Drug overdose death rates,All drug overdose deaths,0,"Deaths per 100,000 resident population, age-adjusted",1,Sex,2,All persons,2.2,2006,12,All ages,1.1,8.2,NULL
Drug overdose death rates,All drug overdose deaths,***,"Deaths per 100,000 resident population, age-adjusted",1,Sex,2,All persons,2.2,2007,5,All ages,1.1,8.8,NULL
Drug overdose death rates,All drug overdose deaths,,"Deaths per 100,000 resident population, age-adjusted",1,Sex,2,All persons,2.2,2008,5,Under 15 years,1.1,8.9,NULL
Drug overdose death rates,All drug overdose deaths,0,"Deaths per 100,000 resident population, age-adjusted",1,Sex,2,Female,2.2,2009,4,All ages,1.1,9.1,NULL
Drug overdose death rates,All drug overdose deaths,0,"Deaths per 100,000 resident population, age-adjusted",1,Sex,2,Female,2.2,2002,12,All ages,1.1,9.6,NULL
Drug overdose death rates,All drug overdose deaths,***,"Deaths per 100,000 resident population, age-adjusted",k1,Total,2,All persons,2.2,2004,13,Allo ages,1.1,10.2,NULL
Drug overdose death rates,All drug overdose deaths,0,"Deaths per 100,000 resident population, age-adjusted",1,Sex,2,Female,0.1,2007,14,All ages,1.1,10.2,NULL
Drug overdose death rates,All drug overdose deaths,0,"Deaths per 100,000 resident population, age-adjusted",1,Sex,2,All persons,2.2,2013,15,All ages,1.1,10.6,NULL
Drug overdose death rates,All drug overdose deaths,0,"Deaths per 100,000 resident population, age-adjusted",,Sex,2,All persons,2.2,2014,16,All ages,1.1,11.1,NULL
Drug overdose death rates,All drug overdose deaths,0,"Deaths per 100,000 resident population, age-adjusted",1,Sex,2,Female,2.2,2015,5,All ages,1.2,11.8,NULL
Drug overdose death rates,All drug overdose deaths,0,"Deaths per 100,000 resident population, age-adjusted",1,Total,2,Female,2.2,1999,18,All ages,1.1,13.4,NULL
Drug overdose death rates,All drug overdose deaths,0,"Deaths per 100,000 resident population, age-adjusted",1,Sex,2,All persons,2.2,2002,19,All ages,1.1,14.4,NULL
Drug overdose death rates,All drug overdose deaths,0,"Deaths per 100,000 resident population, age-adjusted",1,Sex and race,4,All persons,4.1,1999,4,All ages,1.1,8.1,NULL
Drug overdose death rates,All drug overdose deaths,0,"Deaths per 100,000 resident population, age-adjusted",1,Sex and race,4,Male: White,4.1,1999,2,All ages,1.1,8.4,NULL
Drug overdose death rates,All drug overdose deaths,0,"Deaths per 100,000 resident population, age-adjusted",1,Sex and race,4,All persons,4.1,2006,3,All ages,1.1,9.2,NULL
Drug overdose death rates,All drug overdose deaths,,"Deaths per 100,000 resident population, age-adjusted",1,Sex and race,4,Male: White,0.1,2002,1,All ages,1.1,11.1,NULL
Drug overdose death rates,All drug overdose deaths,0,"Deaths per 100,000 resident population, age-adjusted",,Total,4,All persons,4.1,2003,5,All ages,1.1,12.2,NULL
Drug overdose death rates,All drug overdose deaths,0,"Deaths per 100,000 resident population, age-adjusted",1,Sex and race,4,Male: White,4.1,2000,6,All ages,1.1,12.6,NULL
Drug overdose death rates,All drug overdose deaths,0,"Deaths per 100,000 resident population, age-adjusted",1,Total,4,Male: White,4.1,2005,7,All ages,1.1,13.6,NULL
Drug overdose death rates,All drug overdose deaths,***,"Deaths per 100,000 resident population, age-adjusted",***,Sex and race,4,Male: White,4.1,2006,12,All ages,1.1,15.7,NULL
Drug overdose death rates,All drug overdose deaths,0,"Deaths per 100,000 resident population, age-adjusted",y1,Sex and race,4,Male: White,4.1,2007,9,All ages,1.1,16.3,NULL
Drug overdose death rates,All drug overdose deaths,0,"Deaths per 100,000 resident population, age-adjusted",1,Sex and race,4,Male: White,4.1,2002,10,ll ages,1.1,16.5,NULL
Drug overdose death rates,All drug overdose deaths,0,"Deaths per 100,000 resident population, age-adjusted",,Sex and race,4,All persons,4.1,2009,9,All ages,1.1,16.4,NULL
Drug overdose death rates,All drug overdose deaths,0,"Deaths per 100,000 resident population, age-adjusted",1,Total,4,All persons,0.1,2010,9,All ages,1.1,16.8,NULL
Drug overdose death rates,All drug overdose deaths,0,"Deaths per 100,000 resident population, age-adjusted",1,Total,4,All persons,4.1,2011,2,All ages,1.1,18.1,NULL
Drug overdose death rates,All drug overdose deaths,,"Deaths per 100,000 resident population, age-adjusted",1,Sex and race,4,All persons,4.1,2012,14,Under 15 years,1.1,18.1,NULL
Drug overdose death rates,All drug overdose deaths,0,"Deaths per 100,000 resident population, age-adjusted",1,Sex and race,4,Male: White,4.1,2013,9,All ages,1.1,19.0,NULL
Drug overdose death rates,All drug overdose deaths,0,"Deaths per 100,000 resident population, age-adjusted",1,Sex and race,4,All persons,4.1,2014,1,All ges,1.1,20.4,NULL
Drug overdose death rates,All drug overdose deaths,0,"Deaths per 100,000 resident population, age-adjusted",1,Sex and race,4,Male: White,4.1,2015,18,All ages,1.1,23.2,NULL
Drug overdose death rates,All drug overdose deaths,0,"Deaths per 100,000 resident population, age-adjusted",***,Sex and race,4,All persons,0.1,2016,15,All ages,1.1,28.8,NULL
Drug overdose death rates,All drug overdose deaths,0,"Deaths per 100,000 resident population, age-adjusted",1,Sex and race,4,Male: White,0.1,2002,19,All ages,1.1,31.6,NULL
Drug overdose death rates,All drug overdose deaths,0,"Deaths per 100,000 resident population, age-adjusted",1,Sex and race,4,Male: White,4.1,2018,20,All ages,1.1,29.9,NULL
Drug overdose death rates,All drug overdose deaths,0,"Deaths per 100,000 resident population, age-adjusted",1,Sex and race,4,Male: Black or African American,4.2,1999,1,Allages,1.1,11.5,NULL
Drug overdose death rates,All drug overdose deaths,0,"Deaths per 100,000 resident population, age-adjusted",1,Sex and race,4,Male: Black or African American,4.2,2000,2,Allages,1.1,10.8,NULL
Drug overdose death rates,All drug overdose deaths,0,"Deaths per 100,000 resident population, age-adjusted",,Sex and race,4,Male: Black or African American,4.2,2001,3,All awges,1.1,11.0,NULL
Drug overdose death rates,All drug overdose deaths,0,"Deaths per 100,000 resident population, age-adjusted",1,Sex and race,4,Male: Black or African American,0.1,2002,4,Under 15 years,1.1,11.5,NULL
Drug overdose death rates,All drug overdose deaths***,0,"Deaths per 100,000 resident population, age-adjusted",1,Sex and race,4,Male: Black or African American,0.1,1999,5,All ages,1.1,11.3,NULL
Drug overdose death rates,All drug overdose deathks,0,"Deaths per 100,000r esident population, age-adjusted",1,Total,4,Male: Black or African American,4.2,2004,6,All ages,1.1,11.1,NULL
Drug overdose death rates,All drug overdose deaths,***,"Deaths per 100,000 resident population, gae-adjusted",1,Sex and race,4,Male: Black or African American,4.2,2002,7,All ages,1.2,12.8,NULL
Drug overdose death rates,All drug overdose deaths,k0,"Deaths per 100,000 resident population, age-ajusted",1,Total,4,Male: Black or African American,4.2,2006,8,Under 15 years,1.1,15.2,NULL
Drug overdose death rates,All drug overdose deaths,,"Deaths per 100,000 resident population, age-adjusted",1,Sex and race,4,Male: Black or African American,0.1,2007,9,All ages,1.1,13.0,NULL
Drug overdose death rates,All drug ovredose deaths,0,"Deaths per 100,000 resident population, age-adjusted",1,Total,4,Male: Black or African American,4.2,2008,10,Under 15 years,1.1,11.3,NULL
Drug overdose death rates,All drug overdose deaths,0,"Deaths pe 100,000 resident population, age-adjusted",1,Sex and race,4,Male: Black or African American,4.2,2009,11,Under 15 years,1.1,10.8,NULL
Drug overdose death rates,All drug overdose deaths,0,"Deaths per 100,000 resident population, age-adjusted",1,Sex and race,4,Male: Black or African American,4.2,1999,12,Under 15 years,1.1,10.1,NULL
Drug overdose death rates,All drug overdose deaths,0,"Deaths per 100,000 resident populaotion, age-adjusted",1,Sex and race,4,Male: Black or African American,4.2,2008,13,Under 15 years,1.1,11.0,NULL
Drug overdose death rates,All drug overdose deaths,0,"Deaths per 100,000 resident population, age-adjusted",***,Sex and race,4,Male: Black or African American,4.2,2012,14,Under 15 years,1.1,11.3,NULL
Drug overdose death rates,All drug overdose deaths,0,"Deaths per 100,000 resident population, age-adjusted",1,Sex and race,4,Male: Black or African American,4.2,2001,15,Under 15 years,1.1,12.9,NULL
Drug overdose death rates,All drug overdose deaths,0,"Deaths per 100,000 resident population, age-adjusted",1,Sex and race,4,Male: Black or African American,4.2,2014,16,Under 15 years,1.1,13.8,NULL
Drug overdose death rates,All drug overdose deaths,0,"Deaths per 100,000 resident population, age-adjusted",1,Sex and race,4,Male: Black or African American,4.2,2015,17,Under 15 years,1.1,16.8,NULL
Drug overdose death rates,All drug overdose deaths,0,"Deaths per 100,000 resident population, age-adjusted",***,Total,4,Male: Black or African American,4.2,2016,18,Under 15 years,1.1,24.0,NULL
Drug overdose death rates,All drug overdose deavths,0,"Deaths per 100,000 resident population, age-adjusted",,Sex and race,4,Male: Black or African American,4.2,2017,19,All ages,1.1,29.7,NULL
Drug overdose death rates,All drug overdose deaths,,"Deaths per 100,000 resident population, age-adjusted",1,Sex and race,4,Male: Black or African American,4.2,2018,20,Under 15 years,1.1,30.9,NULL
Drug overdose death rates,All drug overdose deaths,0,"Deaths per 100,000 resident population, age-adjusted",d1,Total,4,Male: American Indian or Alaska Native,4.3,1999,1,All ages,1.2,5.7,NULL
Drug overdose death rates,Alldrug overdose deaths,0,"Deaths per 100,000 resident population, age-adjusted",o1,Sex and race,4,Male: American Indian or Alaska Native,0.1,2000,2,All gaes,1.1,6.1,NULL
Drug overdose death rates,All drug overdose deaths,0,"Deaths per 100,00 resident population, age-adjusted",1,Sex and race,4,Male: American Indian or Alaska Native,4.3,2001,3,All agse,1.1,5.9,NULL
Drug overdose death rates,yAll drug overdose deaths,0,"Deaths per 100,000 resident population, fage-adjusted",1,Sex and race,4,Male: American Indian or Alaska Native,4.3,2002,4,All ages,1.1,8.2,NULL
Drug overdose death rates,All drug overdose deaths,0,"Deaths per 100,000 resident population, age-adjusted",1,Sex and race,4,Male: American Indian or Alaska Native,4.3,2003,5,All ages,1.1,9.4,NULL
Drug overdose death rates,All drug overdose deaths,***,"Deaths per 100,000 resident population, age-adjusted",1,Sex and race,4,Male: American Indian or Alaska Native,4.3,2004,6,Under 15 years,1.1,11.2,NULL
Drug overdose death rates,All drug overdose deaths,0,"Deaths per 100,000 resident population, age-adjusted",1,Sex and race,4,Male: American Indian or Alaska Native,0.1,2005,7,All ages,.1,10.8,NULL
Drug overdose death rates,All dru goverdose deaths,0,"Deaths per 100,000 resident population, age-adjusted",***,Sex and race,4,Male: American Indian or Alaska Native,4.3,2006,8,Under 15 years,1.1,13.0,NULL
Drug overdose death rates,All drug overdose deaths,0,"Deaths per 100,000resident population, age-adjusted",1,Sex and race,4,Male: American Indian or Alaska Native,0.1,2007,9,Under 15 years,1.1,10.5,NULL
Drug overdose death rates,All drug overdose deaths,0,"Deaths per 100,000 resident population, age-adjusted",1,Sex and race,4,Male: American Indian or Alaska Native,0.1,2008,10,Under 15 years,1.1,13.5,NULL
Drug overdose death rates,All drug overdose deaths,0,"Deaths per 100,000 resident population, age-adjusted",1,Sex and race,4,Male: American Indian or Alaska Native,4.3,2009,11,Under 15 years,1.1,14.2,NULL
Drug overdose death rates,All drug overdose deaths,0,"Deaths per 100,000 resident population, age-adjusted",1,Sex and race,4,Male: American Indian or Alaska Native,4.3,2010,12,Under 15 years,1.1,11.8,NULL
Drug overdose death rates,All drug oerdose deaths,0,"Deaths per 100,000 resident population, age-adjusted",1,Sex and race,4,Male: American Indian or Alaska Native,4.3,2011,13,Under 15 years,1.1,12.9,NULL
Drug overdose death rates,All drgu overdose deaths,0,"Deaths per 100,000 resident population, age-adjusted",1,Sex and race,4,Male: American Indian or Alaska Native,4.3,2012,14,Under 15 years,1.1,12.8,NULL
Drug overdose death rates,All drug overdose deaths,0,"Deaths per 100l,000 resident population, age-adjusted",1,Sex and race,4,Male: American Indian or Alaska Native,4.3,2013,15,All ages,1.2,12.9,NULL
Drug overdose death rates,All drug overdose deaths,0,"Deaths per 100,000 resident population, age-adjzusted",1,Sex and race,4,Male: American Indian or Alaska Native,4.3,2014,16,Under 15 years,1.1,15.9,NULL
Drug overdose death rates,All dru goverdose deaths,0,"Deaths per 100,000 resident population, age-adjusted",,Sex and race,4,Male: American Indian or Alaska Native,4.3,2015,17,All ages,1.1,16.0,NULL
Drug overdose death rates,All drug overdose deaths,0,"Deaths per 100,000 resident population, age-adjusted",,Total,4,Male: American Indian or Alaska Native,4.3,2016,18,All ages,1.1,17.7,NULL
Drug overdose death rates,All drug overcdose deaths,0,"Deaths pre 100,000 resident population, age-adjusted",1,Sex and race,4,Male: American Indian or Alaska Native,4.3,2017,19,All ages,.1,19.7,NULL
Drug overdose death rates,All drug overdose edaths,0,"Deaths per 100,000 ersident population, age-adjusted",1,Sex and race,4,Male: American Indian or Alaska Native,4.3,2018,20,Under 15 years,1.1,21.3,NULL
Drug overdose death rates,All drug overdose deaths,0,"Deaths per 100,000 resident population, age-adjustd",1,Total,4,Male: Asian or Pacific Islander,0.1,1999,1,All ages,1.1,1.5,NULL
Drug overdose death rates,All drug overdose deaths,0,"Deaths per 100,000 resident population, age-adjusted",1,Sex and race,4,Male: Asian or Pacific Islander,4.4,2000,2,All ages,1.2,1.4,NULL
Drug overdose death rates,All drug overdose deaths,0,"Deaths per 100,000 resident population, age-adjusted",1,Sex and race,4,Male: Asian or Pacific Islander,0.1,2001,3,All ages,1.2,1.6,NULL
Drug overdose death rates,All drug overdose daeths,0,"Dearths per 100,000 resident population, age-adjusted",1,Sex and race,4,Male: Asian or Pacific Islander,4.4,2002,4,Al ages,1.1,1.9,NULL
Drug overdose death rates,All drug overdose deaths,0,"Deaths per 100,000 resident population, age-adjsted",1,Total,4,Male: Asian or Pacific Islander,4.4,2003,5,All ages,1.1,1.7,NULL
Drug overdose death rates,All drug overdose deaths,0,"Deaths per 100,000 resident population, age-adjusted",1,Sex and race,4,Male: Asian or Pacific Islander,4.4,2004,6,All ages,.11,2.1,NULL
Drug overdose death rates,All drug overdose edaths,0,"Deaths per 100,000 resident population, age-adjusted",1,Sex and race,4,Male: Asian or Pacific Islander,0.1,2005,7,All ages,1.1,2.2,NULL
Drug overdose death rates,All drug overdose deaths,0,"Deaths per 100,000 resident population, age-adjusted",1,Sex and race,4,Male: Asian or Pacific Islander,4.4,2006,8,All ages,1.2,2.3,NULL
Drug overdose death rates,All drug overdose deaths,0,"Deaths pr 100,000 resident population, age-adjusted",1,Sex and race,4,Male: Asian or Pacific Islander,4.4,2007,9,All ages,q1.1,2.2,NULL
Drug overdose death rates,All drug overdose deathns,0,"Deaths per 10f0,000 resident population, age-adjusted",1,Sex and race,4,Male: Asian or Pacific Islander,4.4,2008,10,All ages,.11,2.1,NULL
Drug overdose death rates,All drug overdose deaths,0,"Deaths per 100,000 resident population, agae-adjusted",1,Total,4,Male: Asian or Pacific Islander,4.4,2009,11,All ages,11.,2.8,NULL
Drug overdose death rates,All drug overdose deaths,0,"eDaths per 100,000 resident population, age-adjusted",1,Sex and race,4,Male: Asian or Pacific Islander,4.4,2010,12,All ages,1.1,2.5,NULL
Drug overdose death rates,All drug overdose deaths,x0,"Deaths per 100,000 resident population, age-adjusted",1,Sex and race,4,Male: Asian or Pacific Islander,4.4,2011,13,All agaes,1.1,3.2,NULL
Drug overdose death rates,All drug overdose deatsh,0,"Deaths per 100,000 rsident population, age-adjusted",1,Sex and race,4,Male: Asian or Pacific Islander,0.1,2012,14,All ages,1.2,3.1,NULL
Drug overdose death rates,All drug overdose deaths,***,"Deaths per1 00,000 resident population, age-adjusted",1,Sex and race,4,Male: Asian or Pacific Islander,4.4,2013,15,All ages,1.2,3.2,NULL
Drug overdose death rates,All drug overdose deaeths,0,"eDaths per 100,000 resident population, age-adjusted",1,Sex and race,4,Male: Asian or Pacific Islander,4.4,2014,16,All ages,1c.1,3.3,NULL
Drug overdose death rates,All drug overdose deaths,***,"Deaths per 100,000 resident population, age-adjusted",,Sex and race,4,Male: Asian or Pacific Islander,4.4,2015,17,All ages,.1,4.1,NULL
Drug overdose death rates,All drug overdose deaths,,"Deaths per 100,000 resident population, age-adjusted",1,Sex and race,4,Male: Asian or Pacific Islander,4.4,2016,18,All ages,1.1,4.7,NULL
Drug overdose death rates,All drug overdose deaths,0,"Deaths per 100,000 resident population, age-adjusted",,Total,4,Male: Asian or Pacific Islander,4.4,2017,19,All aes,1.1,5.2,NULL
Drug overdose death rates,All drug overdose deaths,0,"Deaths per1 00,000 resident population, age-adjusted",1,Sex and race,4,Male: Asian or Pacific Islander,4.4,2018,20,All ages,1.1,5.7,NULL
Drug overdose death rates,All drug overdose deaths,0,"Deaths per 100,000 resident population, age-adjusted",1,Sex and race,4,Female: White,4.5,1999,1,All ages,1.1,4.0,NULL
Drug overdose death rates,All drug overdose deaths,0,"Deaths per 100,000 resident population, age-adjusted",1,Sex and race,4,Female: White,4.5,2000,2,All ages,1.1,4.3,NULL
Drug overdose death rates,lAl drug overdose deaths,0,"Deaths per 100,000 resident popuglation, age-adjusted",1,Sex and race,4,Female: White,0.1,2001,3,All ages,11,4.9,NULL
Drug overdose death rates,All drug overdose deaths,0,"Deaths per 100,000 resident population ,age-adjusted",1,Sex and race,4,Female: White,4.5,2002,4,All ages,1.1,6.2,NULL
Drug overdose death rates,All drug overdose dqeaths,0,"Deaths per 100,000 resident population, age-adjusted",1,Sex and race,4,Female: White,0.1,2003,5,All ages,11,6.9,NULL
Drug overdose death rates,All drug overdose deaths,0,"Deaths per 100,000 resident population, age-adjusted",***,Sex and race,4,Female: White,4.5,2004,6,All ages,m1.1,7.5,NULL
Drug overdose death rates,All drug overdose deaths,,"Deaths per 100,000 resident population, age-adjusted",1,Sex and race,4,Female: White,4.5,2005,7,ll ages,1.1,8.0,NULL
Drug overdose death rates,All drug overdose deaths,0,"Deaths per 100,000 resident population, age-adjusted",,Total,4,Female: White,0.1,2006,8,All ages,1.2,9.0,NULL
Drug overdose death rates,All drug overdose deaths,0,"Deaths per 100,000 resident population, age-adjusted",1,Total,4,Female: White,4.5,2007,9,All ages,1.2,9.8,NULL
Drug overdose death rates,All drug overdose deaths,0,"Deaths per 100,000 resident population, age-adjusted",1,Sex and race,4,Female: White,4.5,2008,10,All ages,1.1,10.1,NULL
Drug overdose death rates,All drug overdose deaths,e0,"Deaths per 100,000 esident population, age-adjusted",1,Sex and race,4,Female: White,4.5,2009,11,All ages,11.,10.3,NULL
Drug overdose death rates,All drug overdose deaths,0,"Deaths per 100,000 resident population, age-adjusted",1,Sex and race,4,Female: White,0.1,2010,12,All ages,11,10.9,NULL
Drug overdose death rates,All drug overdose deaths,,"Deaths per 100,000 resident population, age-adjusted",1,Sex and race,4,Female: White,4.5,2011,13,All zages,1.1,11.7,NULL
Drug overdose death rates,All drug overdose deaths,0,"Deaths per 100,000 resident population, age-adjusted",1,Sex and race,4,Female: White,4.5,2012,14,All ages,1.1,11.6,NULL
Drug overdose death rates,All drug overdose deaths,f0,"Deaths per 100,000 resident populatino, age-adjusted",1,Sex and race,4,Female: White,4.5,2013,15,All ages,1.1,12.1,NULL
Drug overdose death rates,All drug overdose deaths,0,"Deaths per 100,000 resident populationn, age-adjusted",1,Total,4,Female: White,4.5,2014,16,All ages,1.1,12.7,NULL
Drug overdose death rates,All drugoverdose deaths,0,"Deaths per 100,000 resident population, age-adjusted",,Sex and race,4,Female: White,4.5,2015,17,All ages,1.1,13.6,NULL
Drug overdose death rates,All drug overdose deaths,0,"Deaths per 100,000 resident population, age-adjusted",s1,Sex and race,4,Female: White,4.5,2016,18,All ages,g1.1,15.2,NULL
Drug overdose death rates,All drug overdose deaths,0,"Deaths per 100,000 resident population, age-adjusted",1,Sex and race,4,Female: White,4.5,2017,19,All ages,1.1,16.3,NULL
Drug overdose death rates,All drug overdose deaths,0,"Deaths per 100,000 resident population, age-adjusted",1,Total,4,Female: White,4.5,2018,20,All ages,1.1,15.2,NULL
Drug overdose death rates,All drug overdose deats,0,"Deaths per 100,000 resident population, age-adjusted",1,Sex and race,4,Female: Black or African American,4.6,1999,1,All ages,c1.1,3.9,NULL
Drug overdose death rates,All drug overdose deaths,***,"Deaths per 100,000 resident population, age-adjusted",1,Sex and race,4,Female: Black or African American,4.6,2000,2,All ages,1.2,4.1,NULL
Drug overdose death rates,All drug overdose deaths,0,"Deaths per 100,000 resident population, age-adjusted",***,Total,4,Female: Black or African American,4.6,2001,3,All ages,1.1,4.4,NULL
Drug overdose death rates,All drug overdose deaths,0,"Deaths per 100,000 resident population, age-adjusted",1,Total,4,Female: Black or African American,4.6,2002,4,All ages,1.1,5.0,NULL
Drug overdose death rates,All drug overdose deaths,,"Deaths per 100,000 resident population, age-ajusted",1,Sex and race,4,Female: Black or African American,4.6,2003,5,All ages,1.1,5.2,NULL
Drug overdose death rates,All drug overdose deaths,0,"Deathos per 100,000 resident population, age-adjusted",1,Sex and race,4,Female: Black or African American,4.6,2004,6,All ages,1.1,5.5,NULL
Drug overdose death rates,All drug overdose deaths,0,"Deaths per 100,000 resident population, age-adjusted",1,Total,4,Female: Black or African American,4.6,2005,7,All ages,1.1,6.0,NULL
Drug overdose death rates,All drug overdose deaths,0,"Deaths per 100,000 resident population, age-adjusted",1,Sex and race,4,Female: Black or African American,4.6,2006,8,All ages,1.2,6.3,NULL
Drug overdose death rates,All drug overdose deaths,0,"Deaths per 100,000 resident population, age-adjusted",***,Sex and race,4,Female: Black or African American,4.6,2007,9,All ages,.1,6.3,NULL
Drug overdose death rates,All drug overdose deaths,0,"Deaths per 100,000 resident population, age-adjusted",1,Sex and race,4,Female: Black or African American,0.1,2008,10,All ages,1.1,5.4,NULL
Drug overdose death rates,All drug overdose deaths,0,"Deaths per 100,000 resident population, age-adjusted",1,Sex and race,4,Female: Black or African American,4.6,2009,11,ll ages,1.1,5.6,NULL
Drug overdose death rates,All drug overdose deaths,0,"Deaths per 100,000 resident population, age-adjusted",1,Sex and race,4,Female: Black or African American,4.6,2010,12,All ages,1.1,5.7,NULL
Drug overdose death rates,All drug overdose deaths,0,"Deaths per 100,000 resident population, age-adjusted",1,Sex and race,4,Female: Black or African American,4.6,2011,13,All ages,1.1,5.9,NULL
Drug overdose death rates,All drug overdose deaths,0,"Deaths per 100,000 resident population, age-adjusted",e1,Sex and race,4,Female: Black or African American,4.6,2012,14,All ages,1.2,6.0,NULL
Drug overdose death rates,All drug overdose detahs,0,"Deaths per 100,000 resident population, age-adjusted",1,Sex and race,4,Female: Black or African American,4.6,2013,15,All ages,1.2,6.3,NULL
Drug overdose death rates,All drug overdose deaths,0,"Deaths per 100,000 resident population, age-adjusted",1,Sex and race,4,Female: Black or African American,4.6,2014,16,All ages,1.2,7.0,NULL
Drug overdose death rates,All dreug overdose deaths,0,"Deaths per 100,000 resident population, age-adjusted",1,Sex and race,4,Female: Black or African American,0.1,2015,17,All agse,1.1,7.5,NULL
Drug overdose death rates,All drug overdose deaths,***,"Deaths per 100,000 resident population, age-adjusted",***,Sex and race,4,Female: Black or African American,4.6,2016,18,All ages,1.1,10.0,NULL
Drug overdose death rates,All drug overdose deaths,0,"Deaths per 100,000 resident population, age-adjusted",***,Total,4,Female: Black or African American,4.6,2017,19,All ages,n1.1,11.2,NULL
Drug overdose death rates,All drug overdose deaths,0,"Deaths per 100,000 resident population, age-adjusted",1,Sex and race,4,Female: Black or African American,4.6,2018,20,All ages,1.1,11.1,NULL
Drug overdose death rates,All drug overdose deaths,0,"Deaths per 100,000 resident population, age-adjusted",1,Sex and race,4,Female: American Indian or Alaska Native,4.7,1999,1,All ages,1.2,4.6,NULL
Drug overdose death rates,All drug overdose deaths,0,"Deaths per 100,000 resident population, age-adjusted",1,Sex and race,4,Female: American Indian or Alaska Native,4.7,2000,2,All ages,11,3.7,NULL
Drug overdose death rates,All drug overdose deaths,0,"Deaths per 100,000 resident population, age-adjusted",n1,Sex and race,4,Female: American Indian or Alaska Native,4.7,2001,3,All ages,1.1,5.2,NULL
Drug overdose death rates,All drug overdospe deaths,0,"Deaths per 100,000 resident population, age-adjusted",1,Sex and race,4,Female: American Indian or Alaska Native,4.7,2002,4,All ages,1.1,5.6,NULL
Drug overdose death rates,All drug overdose deaths,0,"Deaths per 100,000 resident population, age-adjusted",1,Sex and race,4,Female: American Indian or Alaska Native,4.7,2003,5,All ages,1.1,7.3,NULL
Drug overdose death rates,All drug overdose deaths,l0,"Deaths per 100,000 resident population, age-adjusted",1,Sex and race,4,Female: American Indian or Alaska Native,4.7,2004,6,Al ages,1.1,7.9,NULL
Drug overdose death rates,All drug ovedose deaths,0,"Deaths per 100,000 resident population, age-adjusted",1,Sex and race,4,Female: American Indian or Alaska Native,4.7,2005,7,All ages,1.2,8.6,NULL
Drug overdose death rates,All drug overdose deaths,0,"Deaths per 100,000 resident population, age-adjusted",1,Sex and race,4,Female: American Indian or Alaska Native,4.7,2006,8,All ages,1.2,7.9,NULL
Drug overdose death rates,All drug overdose deaths,0,"Deaths per 100,000 resident population, age-adjusted",1,Sex and race,4,Female: American Indian or Alaska Native,4.7,2007,9,All ages,1.2,9.9,NULL
Drug overdose death rates,Al drug overdose deaths,0,"Deaths per 100,000 resident population, age-adjusted",,Sex and race,4,Female: American Indian or Alaska Native,4.7,2008,10,Alla ges,1.1,8.8,NULL
Drug overdose death rates,All drug overdose deaths,,"Deaths per 100,000 resident population, age-adjusted",1,Sex and race,4,Female: American Indian or Alaska Native,4.7,2009,11,All ages,1.1,9.6,NULL
Drug overdose death rates,All drug overdose deaths,0,"Deaths per 100,000 resident population, age-adjusted",1,Sex and race,4,Female: American Indian or Alaska Native,4.7,2010,12,All aes,1.1,9.7,NULL
Drug overdose death rates,Alldrug overdose deaths,0,"Deaths per 100,000 resident population, age-adjusted",1,Sex and race,4,Female: American Indian or Alaska Native,4.7,2011,13,Alvl ages,1.1,10.7,NULL
Drug overdose death rates,All drug overdose deaths,0,"Deaths per 100,000 resident population, age-adjusted",1,Sex and race,4,Female: American Indian or Alaska Native,0.1,2012,14,All ages,11,12.2,NULL
Drug overdose death rates,All drug overdose deaths,0,"Deaths per 100,000 resident population, age-adjusted",1,Sex and race,4,Female: American Indian or Alaska Native,4.7,2013,15,Alla ges,1.1,11.6,NULL
Drug overdose death rates,All drug overdose deaths,0,"Deaths per 100,000 resident population, age-adjusted",l1,Sex and race,4,Female: American Indian or Alaska Native,4.7,2014,16,All ages,1.1,11.2,NULL
Drug overdose death rates,All drug overdose deaths,0,"Deaths per 100,000 resident population, age-adjusted",1,Sex and race,4,Female: American Indian or Alaska Native,4.7,2015,17,All ages,1.1,11.3,NULL
Drug overdose death rates,All drug overdose deaths,0,"Deaths per 100,000 resident population, age-adjusted",1,Sex and race,4,Female: American Indian or Alaska Native,4.7,2016,18,All ages,1.1,13.1,NULL
Drug overdose death rates,All drug overdose deaths,0,"Deaths per 100,000 resident population, age-adjusted",1,Sex and race,4,Female: American Indian or Alaska Native,4.7,2017,19,All ages,1.1,12.7,NULL
Drug overdose death rates,All drug overdose deaths,***,"Deaths per 100,000 resident population, age-adjusted",1,Sex and race,4,Female: American Indian or Alaska Native,4.7,2018,20,All ages,11.,12.8,NULL
Drug overdose death rates,All drug overdose deaths,0,"Deaths per 100,000 resident population, age-adjusted",1,Sex and race,4,Female: Asian or Pacific Islander,4.8,1999,1,All ages,1.2,1.0,NULL
Drug overdose death rates,All drug overdose deaths,0,"Deaths per 100,000 resident population, age-adjusted",1,Sex and race,4,Female: Asian or Pacific Islander,4.8,2000,2,All ages,1.1,0.8,NULL
Drug overdose death rates,All drug overdose deaths,,"Deaths per 100,000 resident population, age-adjusted",1,Sex and race,4,Female: Asian or Pacific Islander,4.8,2001,3,All ages,1.n1,0.8,NULL
Drug overdose death rates,All drug overdose deaths,0,"Deaths per 100,000 resident population, age-adjusted",1,Sex and race,4,Female: Asian or Pacific Islander,4.8,2002,4,All ages,1.1,1.1,NULL
Drug overdose death rates,All drug overdose deaths,0,"Deaths per 100,000 resident population, age-adjusted",1,Sex and race,4,Female: Asian or Pacific Islander,4.8,2003,5,All ages,1.1,1.2,NULL
Drug overdose death rates,All drug overdose deaths,0,"Deaths per 100,000 resident population, age-adjusted",1,Sex and race,4,Female: Asian or Pacific Islander,4.8,2004,6,All ages,1.1,1.1,NULL
Drug overdose death rates,All drug overdose deaths,0,"Deaths per 100,000 resident population, age-adjusted",1,Sex and race,4,Female: Asian or Pacific Islander,0.1,2005,7,All ages,11.,1.3,NULL
Drug overdose death rates,All drug overdose daeths,0,"Deaths per 100,000 resident population, age-adjusted",1,Sex and race,4,Female: Asian or Pacific Islander,0.1,2006,8,All ages,1.1,1.4,NULL
Drug overdose death rates,All drug overdose deaths,0,"Deaths per 100,000 resident population, age-adjusted",1,Sex and race,4,Female: Asian or Pacific Islander,4.8,2007,9,All ages,1.1,1.6,NULL
Drug overdose death rates,All drug overdose eaths,0,"Deaths per 100,000 resident population, age-adjusted",1,Sex and race,4,Female: Asian or Pacific Islander,4.8,2008,10,All ages,11,1.3,NULL
Drug overdose death rates,All drug overdose deaths,0,"Deaths per 100,000 resident population, age-adjusted",1,Sex and race,4,Female: Asian or Pacific Islander,4.8,2009,11,All ages,.11,1.3,NULL
Drug overdose death rates,Alld rug overdose deaths,0,"Deaths per 100,000 resident population, age-adjusted",1,Sex and race,4,Female: Asian or Pacific Islander,4.8,2010,12,All ages,1.b1,1.5,NULL
Drug overdose death rates,All drug overdose deaths,0,"Deaths per 100,000 resident population, age-adjusted",1,Sex and race,4,Female: Asian or Pacific Islander,0.1,2011,13,All ages,.11,1.6,NULL
Drug overdose death rates,All drug overdose deaths,0,"Deaths per 100,000 resident population, age-adjusted",1,Sex and race,4,Female: Asian or Pacific Islander,4.8,2012,14,All ages,1.1,1.4,NULL
Drug overdose death rates,All drug overdose deaths,0,"Deaths per 100,000 resident population, age-adjusted",1,Sex and race,4,Female: Asian or Pacific Islander,4.8,2013,15,All ages,1.2,1.5,NULL
Drug overdose death rates,All drug overdose deaths,0,"Deaths per 100,000 resident population, age-adjusted",1,Sex and race,4,Female: Asian or Pacific Islander,0.1,2014,16,All ages,1.2,1.7,NULL
Drug overdose death rates,All drug overdose deaths,0,"Deaths per 100,000 resident population, age-adjusted",1,Sex and race,4,Female: Asian or Pacific Islander,4.8,2015,17,All ages,1.2,1.5,NULL
Drug overdose death rates,All drug overdose deaths,0,"Deaths per 100,000 resident population, age-adjusted",1,Sex and race,4,Female: Asian or Pacific Islander,4.8,2016,18,All ages,1.1,1.8,NULL
Drug overdose death rates,All drug overdose deaths,0,"Deaths per 100,000 resident population, age-adjusted",1,Sex and race,4,Female: Asian or Pacific Islander,0.1,2017,19,All ages,1.1,2.0,NULL
Drug overdose death rates,All drug overdose deaths,0,"Deaths per 100,000 resident population, age-adjusted",1,Sex and race,4,Female: Asian or Pacific Islander,4.8,2018,20,All ages,1.1,2.1,NULL
Drug overdose death rates,All drug overdose deaths,0,"Deaths per 100,000 resident population, age-adjusted",1,Sex and race and Hispanic origin,5,Male: Hispanic or Latino: All races,5.1,1999,1,All ages,1.1,8.6,NULL
Drug overdose death rates,All drug overdose deaths,0,"Deaths per 100,000 resident population, age-adjusted",1,Sex and race and Hispanic origin,5,Male: Hispanic or Latino: All races,5.1,2000,2,All ages,1.1,7.1,NULL
Drug overdose death rates,All drug overdose deaths,0,"Deaths per 100,000 resident population, age-adjusted",1,Sex and race and Hispanic origin,5,Male: Hispanic or Latino: All races,5.1,2001,3,All ages,1.1,6.7,NULL
Drug overdose death rates,All drug overdose deaths,0,"Deaths per 100,000 resident population, age-adjusted",1,Sex and race and Hispanic origin,5,Male: Hispanic or Latino: All races,5.1,2002,4,All ages,1.1,8.0,NULL
Drug overdose death rates,All drug overdose deaths,0,"Deaths per 100,000 resident population, age-adjusted",1,Sex and race and Hispanic origin,5,Male: Hispanic or Latino: All races,5.1,2003,5,All ages,1.1,8.3,NULL
Drug overdose death rates,All drug overdose deaths,0,"Deaths per 100,000 resident population, age-adjusted",1,Sex and race and Hispanic origin,5,Male: Hispanic or Latino: All races,5.1,2004,6,All ages,1.1,7.5,NULL
Drug overdose death rates,All drug overdose deaths,0,"Deaths per 100,000 resident population, age-adjusted",1,Sex and race and Hispanic origin,5,Male: Hispanic or Latino: All races,5.1,2005,7,Aoll ages,1.1,8.4,NULL
Drug overdose death rates,All drug overdose deaths,0,"Deaths per 100,000 resident population, age-adjusted",1,Sex and race and Hispanic origin,5,Male: Hispanic or Latino: All races,5.1,2006,8,All ages,.1,9.1,NULL
Drug overdose death rates,All drug overdose deaths,0,"Deaths per 100,000 resident population, age-adjusted",1,Sex and race and Hispanic origin,5,Male: Hispanic or Latino: All races,5.1,2007,9,All ages,11.,8.7,NULL
Drug overdose death rates,All drug overdose deaths,0,"Deaths per 100,000 resident population, age-adjusted",1,Sex and race and Hispanic origin,5,Male: Hispanic or Latino: All races,5.1,2008,10,All ages,1.b1,8.4,NULL
Drug overdose death rates,All drug overdose deaths,0,"Deaths per 100,000 resident population, age-adjusted",1,Sex and race and Hispanic origin,5,Male: Hispanic or Latino: All races,5.1,2009,11,All ages,1.1,8.2,NULL
Drug overdose death rates,All drug overdose deaths,0,"Deaths per 100,000 resident population, age-adjusted",1,Sex and race and Hispanic origin,5,Male: Hispanic or Latino: All races,5.1,2010,12,All ages,1.1,7.6,NULL
Drug overdose death rates,All drug overdose deaths,0,"Deaths per 100,000 resident population, age-adjusted",1,Sex and race and Hispanic origin,5,Male: Hispanic or Latino: All races,5.1,2011,13,All ages,1.1,8.1,NULL
Drug overdose death rates,All drug overdose deaths,0,"Deaths per 100,000 resident population, age-adjusted",1,Sex and race and Hispanic origin,5,Male: Hispanic or Latino: All races,5.1,2012,14,All ages,1.1,8.5,NULL
Drug overdose death rates,All drug overdose deaths,0,"Deaths per 100,000 resident population, age-adjusted",1,Sex and race and Hispanic origin,5,Male: Hispanic or Latino: All races,5.1,2013,15,All ages,1.1,9.2,NULL
Drug overdose death rates,All drug overdose deaths,0,"Deaths per 100,000 resident population, age-adjusted",1,Sex and race and Hispanic origin,5,Male: Hispanic or Latino: All races,5.1,2014,16,All ages,1.w1,9.3,NULL
Drug overdose death rates,All drug overdose deaths,0,"Deaths per 100,000 resident population, age-adjusted",1,Sex and race and Hispanic origin,5,Male: Hispanic or Latino: All races,5.1,2015,17,All ages,1.2,10.9,NULL
Drug overdose death rates,All drug overdose deaths,0,"Deaths per 100,000 resident population, age-adjusted",1,Sex and race and Hispanic origin,5,Male: Hispanic or Latino: All races,5.1,2016,18,Allr ages,1.1,13.9,NULL
Drug overdose death rates,All drug overdose deaths,0,"Deaths per 100,000 resident population, age-adjusted",1,Sex and race and Hispanic origin,5,Male: Hispanic or Latino: All races,5.1,2017,19,All ages,1.1,15.9,NULL
Drug overdose death rates,All drug overdose deaths,0,"Deaths per 100,000 resident population, age-adjusted",1,Sex and race and Hispanic origin,5,Male: Hispanic or Latino: All races,5.1,2018,20,All ages,1.1,16.6,NULL
Drug overdose death rates,All drug overdose deaths,0,"Deaths per 100,000 resident population, age-adjusted",1,Sex and race and Hispanic origin,5,Male: Not Hispanic or Latino: White,5.2,1999,1,All ages,1.2,8.0,NULL
Drug overdose death rates,All drug overdose deaths,0,"Deaths per 100,000 resident population, age-adjusted",1,Sex and race and Hispanic origin,5,Male: Not Hispanic or Latino: White,5.2,2000,2,All ages,1.2,8.6,NULL
Drug overdose death rates,All drug overdose deaths,0,"Deaths per 100,000 resident population, age-adjusted",1,Sex and race and Hispanic origin,5,Male: Not Hispanic or Latino: White,5.2,2001,3,All ages,1.2,9.6,NULL
Drug overdose death rates,All drug overdose deaths,0,"Deaths per 100,000 resident population, age-adjusted",1,Sex and race and Hispanic origin,5,Male: Not Hispanic or Latino: White,5.2,2002,4,All ages,1.1,11.6,NULL
Drug overdose death rates,All drug overdose deaths,0,"Deaths per 100,000 resident population, age-adjusted",1,Sex and race and Hispanic origin,5,Male: Not Hispanic or Latino: White,5.2,2003,5,All ages,1.1,12.9,NULL
Drug overdose death rates,All drug overdose deaths,0,"Deaths per 100,000 resident population, age-adjusted",1,Sex and race and Hispanic origin,5,Male: Not Hispanic or Latino: White,5.2,2004,6,All ages,1.1,13.7,NULL
Drug overdose death rates,All drug overdose deaths,0,"Deaths per 100,000 resident population, age-adjusted",1,Sex and race and Hispanic origin,5,Male: Not Hispanic or Latino: White,5.2,2005,7,All ages,1.1,14.7,NULL
Drug overdose death rates,All drug overdose deaths,0,"Deaths per 100,000 resident population, age-adjusted",1,Sex and race and Hispanic origin,5,Male: Not Hispanic or Latino: White,5.2,2006,8,All ages,1.1,17.2,NULL
Drug overdose death rates,All drug overdose deaths,0,"Deaths per 100,000 resident population, age-adjusted",1,Sex and race and Hispanic origin,5,Male: Not Hispanic or Latino: White,5.2,2007,9,All ages,1.1,18.0,NULL
Drug overdose death rates,All drug overdose deaths,0,"Deaths per 100,000 resident population, age-adjusted",1,Sex and race and Hispanic origin,5,Male: Not Hispanic or Latino: White,5.2,2008,10,All ages,1.1,18.3,NULL
Drug overdose death rates,All drug overdose deaths,0,"Deaths per 100,000 resident population, age-adjusted",1,Sex and race and Hispanic origin,5,Male: Not Hispanic or Latino: White,5.2,2009,11,All agse,1.1,18.3,NULL
Drug overdose death rates,All drug overdose deaths,0,"Deaths per 100,000 resident population, age-adjusted",1,Sex and race and Hispanic origin,5,Male: Not Hispanic or Latino: White,5.2,2010,12,All ages,1.1,19.0,NULL
Drug overdose death rates,All drug overdose deaths,0,"Deaths per 100,000 resident population, age-adjusted",1,Sex and race and Hispanic origin,5,Male: Not Hispanic or Latino: White,5.2,2011,13,Awll ages,1.1,20.5,NULL
Drug overdose death rates,All drug overdose deaths,0,"Deaths per 100,000 resident population, age-adjusted",1,Sex and race and Hispanic origin,5,Male: Not Hispanic or Latino: White,5.2,2012,14,All ages,1.1,20.4,NULL
Drug overdose death rates,All drug overdose deaths,0,"Deaths per 100,000 resident population, age-adjusted",1,Sex and race and Hispanic origin,5,Male: Not Hispanic or Latino: White,5.2,2013,15,Al ages,1.1,21.4,NULL
Drug overdose death rates,All drug overdose deaths,0,"Deaths per 100,000 resident population, age-adjusted",1,Sex and race and Hispanic origin,5,Male: Not Hispanic or Latino: White,5.2,2014,16,All ages,1.1,23.2,NULL
Drug overdose death rates,All drug overdose deaths,0,"Deaths per 100,000 resident population, age-adjusted",1,Sex and race and Hispanic origin,5,Male: Not Hispanic or Latino: White,5.2,2015,17,All afges,1.1,26.2,NULL
Drug overdose death rates,All drug overdose deaths,0,"Deaths per 100,000 resident population, age-adjusted",1,Sex and race and Hispanic origin,5,Male: Not Hispanic or Latino: White,5.2,2016,18,All ages,1.1,32.7,NULL
Drug overdose death rates,All drug overdose deaths,0,"Deaths per 100,000 resident population, age-adjusted",1,Sex and race and Hispanic origin,5,Male: Not Hispanic or Latino: White,5.2,2017,19,All aes,1.1,35.8,NULL
Drug overdose death rates,All drug overdose deaths,0,"Deaths per 100,000 resident population, age-adjusted",1,Sex and race and Hispanic origin,5,Male: Not Hispanic or Latino: White,5.2,2018,20,All ages,1.1,33.5,NULL
Drug overdose death rates,All drug overdose deaths,0,"Deaths per 100,000 resident population, age-adjusted",1,Sex and race and Hispanic origin,5,Male: Not Hispanic or Latino: Black,5.3,199m9,1,zAll ages,1.1,11.5,NULL
Drug overdose death rates,All drug overdose deaths,0,"Deaths per 100,000 resident population, age-adjusted",1,Sex and race and Hispanic origin,5,Male: Not Hispanic or Latino: Black,5.3,2000,2,All ages,1.1,10.9,NULL
Drug overdose death rates,All drug overdose deaths,0,"Deaths per 100,000 resident population, age-adjusted",1,Sex and race and Hispanic origin,5,Male: Not Hispanic or Latino: Black,5.3,2001,3,All ages,1.1,11.2,NULL
Drug overdose death rates,All drug overdose deaths,0,"Deaths per 100,000 resident population, age-adjusted",1,Sex and race and Hispanic origin,5,Male: Not Hispanic or Latino: Black,5.3,2002,4,All axges,1.1,11.7,NULL
Drug overdose death rates,All drug overdose deaths,0,"Deaths per 100,000 resident population, age-adjusted",1,Sex and race and Hispanic origin,5,Male: Not Hispanic or Latino: Black,5.3,2003,5,All ages,1.1,11.6,NULL
Drug overdose death rates,All drug overdose deaths,0,"Deaths per 100,000 resident population, age-adjusted",1,Sex and race and Hispanic origin,5,Male: Not Hispanic or Latino: Black,5.3,2004,6,All ages,1.1,11.4,NULL
Drug overdose death rates,All drug overdose deaths,0,"Deaths per 100,000 resident population, age-adjusted",1,Sex and race and Hispanic origin,5,Male: Not Hispanic or Latino: Black,5.3,2005,7,All ages,1.1,13.0,NULL
Drug overdose death rates,All drug overdose deaths,0,"Deaths per 100,000 resident population, age-adjusted",1,Sex and race and Hispanic origin,5,Male: Not Hispanic or Latino: Black,5.3,2006,8,All ages,1.1,15.7,NULL
Drug overdose death rates,All drug overdose deaths,0,"Deaths per 100,000 resident population, age-adjusted",1,Sex and race and Hispanic origin,5,Male: Not Hispanic or Latino: Black,5.3,2007,9,All ages,1.1,13.3,NULL
Drug overdose death rates,All drug overdose deaths,0,"Deaths per 100,000 resident population, age-adjusted",1,Sex and race and Hispanic origin,5,Male: Not Hispanic or Latino: Black,5.3,2008,10,All ages,1.1,11.6,NULL
Drug overdose death rates,All drug overdose deaths,0,"Deaths per 100,000 resident population, age-adjusted",1,Sex and race and Hispanic origin,5,Male: Not Hispanic or Latino: Black,5.3,2009,11,All ages,1.1,11.1,NULL
Drug overdose death rates,All drug overdose deaths,0,"Deaths per 100,000 resident population, age-adjusted",1,Sex and race and Hispanic origin,5,Male: Not Hispanic or Latino: Black,5.3,2010,12,All ages,1.1,10.5,NULL
Drug overdose death rates,All drug overdose deaths,0,"Deaths per 100,000 resident population, age-adjusted",1,Sex and race and Hispanic origin,5,Male: Not Hispanic or Latino: Black,5.3,2011,13,All ages,1.1,11.3,NULL
Drug overdose death rates,All drug overdose deaths,0,"Deaths per 100,000 resident population, age-adjusted",1,Sex and race and Hispanic origin,5,Male: Not Hispanic or Latino: Black,5.3,2012,14,All ages,1.1,11.6,NULL
Drug overdose death rates,All drug overdose deaths,0,"Deaths per 100,000 resident population, age-adjusted",1,Sex and race and Hispanic origin,5,Male: Not Hispanic or Latino: Black,5.3,2013,15,All ages,1.1,13.3,NULL
Drug overdose death rates,All drug overdose deaths,0,"Deaths per 100,000 resident population, age-adjusted",1,Sex and race and Hispanic origin,5,Male: Not Hispanic or Latino: Black,5.3,2014,16,All ages,1.1,14.2,NULL
Drug overdose death rates,All drug overdose deaths,0,"Deaths per 100,000 resident population, age-adjusted",1,Sex and race and Hispanic origin,5,Male: Not Hispanic or Latino: Black,5.3,2015,17,All ages,1.1,17.3,NULL
Drug overdose death rates,All drug overdose deaths,0,"Deaths per 100,000 resident population, age-adjusted",1,Sex and race and Hispanic origin,5,Male: Not Hispanic or Latino: Black,5.3,2016,18,All ages,1.1,24.7,NULL
Drug overdose death rates,All drug overdose deaths,0,"Deaths per 100,000 resident population, age-adjusted",1,Sex and race and Hispanic origin,5,Male: Not Hispanic or Latino: Black,5.3,2017,19,All ages,1.1,30.8,NULL
Drug overdose death rates,All drug overdose deaths,0,"Deaths per 100,000 resident population, age-adjusted",1,Sex and race and Hispanic origin,5,Male: Not Hispanic or Latino: Black,5.3,2018,20,All ages,1.1,32.0,NULL
Drug overdose death rates,All drug overdose deaths,0,"Deaths per 100,000 resident population, age-adjusted",1,Sex and race and Hispanic origin,5,Male: Not Hispanic or Latino: American Indian or Alaska Native,5.4,1999,1,All ages,1.1,6.7,NULL
Drug overdose death rates,All drug overdose deaths,0,"Deaths per 100,000 resident population, age-adjusted",1,Sex and race and Hispanic origin,5,Male: Not Hispanic or Latino: American Indian or Alaska Native,5.4,2000,2,All ages,1.1,6.7,NULL
Drug overdose death rates,All drug overdose deaths,0,"Deaths per 100,000 resident population, age-adjusted",1,Sex and race and Hispanic origin,5,Male: Not Hispanic or Latino: American Indian or Alaska Native,5.4,2001,3,All ages,1.1,7.5,NULL
Drug overdose death rates,All drug overdose deaths,0,"Deaths per 100,000 resident population, age-adjusted",1,Sex and race and Hispanic origin,5,Male: Not Hispanic or Latino: American Indian or Alaska Native,5.4,2002,4,All ages,1.1,10.0,NULL
Drug overdose death rates,All drug overdose deaths,0,"Deaths per 100,000 resident population, age-adjusted",1,Sex and race and Hispanic origin,5,Male: Not Hispanic or Latino: American Indian or Alaska Native,5.4,2003,5,All ages,1.1,12.2,NULL
Drug overdose death rates,All drug overdose deaths,0,"Deaths per 100,000 resident population, age-adjusted",1,Sex and race and Hispanic origin,5,Male: Not Hispanic or Latino: American Indian or Alaska Native,5.4,2004,6,All ages,1.1,14.7,NULL
Drug overdose death rates,All drug overdose deaths,0,"Deaths per 100,000 resident population, age-adjusted",1,Sex and race and Hispanic origin,5,Male: Not Hispanic or Latino: American Indian or Alaska Native,5.4,2005,7,All ages,1.1,14.9,NULL
Drug overdose death rates,All drug overdose deaths,0,"Deaths per 100,000 resident population, age-adjusted",1,Sex and race and Hispanic origin,5,Male: Not Hispanic or Latino: American Indian or Alaska Native,5.4,2006,8,All ages,1.1,17.6,NULL
Drug overdose death rates,All drug overdose deaths,0,"Deaths per 100,000 resident population, age-adjusted",1,Sex and race and Hispanic origin,5,Male: Not Hispanic or Latino: American Indian or Alaska Native,5.4,2007,9,All ages,1.1,14.5,NULL
Drug overdose death rates,All drug overdose deaths,0,"Deaths per 100,000 resident population, age-adjusted",1,Sex and race and Hispanic origin,5,Male: Not Hispanic or Latino: American Indian or Alaska Native,5.4,2008,10,All ages,1.1,19.6,NULL
Drug overdose death rates,All drug overdose deaths,0,"Deaths per 100,000 resident population, age-adjusted",1,Sex and race and Hispanic origin,5,Male: Not Hispanic or Latino: American Indian or Alaska Native,5.4,2009,11,All ages,1.1,21.5,NULL
Drug overdose death rates,All drug overdose deaths,0,"Deaths per 100,000 resident population, age-adjusted",1,Sex and race and Hispanic origin,5,Male: Not Hispanic or Latino: American Indian or Alaska Native,5.4,2010,12,All ages,1.1,19.0,NULL
Drug overdose death rates,All drug overdose deaths,0,"Deaths per 100,000 resident population, age-adjusted",1,Sex and race and Hispanic origin,5,Male: Not Hispanic or Latino: American Indian or Alaska Native,5.4,2011,13,All ages,1.1,20.5,NULL
Drug overdose death rates,All drug overdose deaths,0,"Deaths per 100,000 resident population, age-adjusted",1,Sex and race and Hispanic origin,5,Male: Not Hispanic or Latino: American Indian or Alaska Native,5.4,2012,14,All ages,1.1,20.1,NULL
Drug overdose death rates,All drug overdose deaths,0,"Deaths per 100,000 resident population, age-adjusted",1,Sex and race and Hispanic origin,5,Male: Not Hispanic or Latino: American Indian or Alaska Native,5.4,2013,15,All ages,1.1,19.9,NULL
Drug overdose death rates,All drug overdose deaths,0,"Deaths per 100,000 resident population, age-adjusted",1,Sex and race and Hispanic origin,5,Male: Not Hispanic or Latino: American Indian or Alaska Native,5.4,2014,16,All ages,1.1,25.0,NULL
Drug overdose death rates,All drug overdose deaths,0,"Deaths per 100,000 resident population, crude",2,Total,,All persons,0.1,2006,8,All ages,.1,11.5,NULL
Drug overdose death rates,All drug overdose deaths,0,"Deaths per 100,000 resident population, age-adjusted",1,Sex and race and Hispanic origin,5,Male: Not Hispanic or Latino: American Indian or Alaska Native,5.4,2015,17,All ages,1.1,25.8,NULL
Drug overdose death rates,All drug overdose deaths,0,"Deaths per 100,000 resident population, age-adjusted",1,Sex and race and Hispanic origin,5,Male: Not Hispanic or Latino: American Indian or Alaska Native,5.4,2016,18,All ages,1.1,28.3,NULL
Drug overdose death rates,All drug overdose deaths,0,"Deaths per 100,000 resident population, age-adjusted",1,Sex and race and Hispanic origin,5,Male: Not Hispanic or Latino: American Indian or Alaska Native,5.4,2017,19,All ages,1.1,31.5,NULL
Drug overdose death rates,All drug overdose deaths,0,"Deaths per 100,000 resident population, age-adjusted",1,Sex and race and Hispanic origin,5,Male: Not Hispanic or Latino: American Indian or Alaska Native,5.4,2018,20,All ages,1.1,34.0,NULL
Drug overdose death rates,All drug overdose deaths,0,"Deaths per 100,000 resident population, age-adjusted",1,Sex and race and Hispanic origin,5,Male: Not Hispanic or Latino: Asian or Pacific Islander,5.5,1999,1,All ages,1.1,1.4,NULL
Drug overdose death rates,All drug overdose deaths,0,"Deaths per 100,000 resident population, age-adjusted",1,Sex and race and Hispanic origin,5,Male: Not Hispanic or Latino: Asian or Pacific Islander,5.5,2000,2,All ages,1.1,1.3,NULL
Drug overdose death rates,All drug overdose deaths,0,"Deaths per 100,000 resident population, age-adjusted",1,Sex and race and Hispanic origin,5,Male: Not Hispanic or Latino: Asian or Pacific Islander,5.5,2001,3,All ages,1.1,1.5,NULL
Drug overdose death rates,All drug overdose deaths,0,"Deaths per 100,000 resident population, age-adjusted",1,Sex and race and Hispanic origin,5,Male: Not Hispanic or Latino: Asian or Pacific Islander,5.5,2002,4,All ages,1.1,1.8,NULL
Drug overdose death rates,All drug overdose deaths,0,"Deaths per 100,000 resident population, age-adjusted",1,Sex and race and Hispanic origin,5,Male: Not Hispanic or Latino: Asian or Pacific Islander,5.5,2003,5,All ages,1.1,1.7,NULL
Drug overdose death rates,All drug overdose deaths,0,"Deaths per 100,000 resident population, age-adjusted",1,Sex and race and Hispanic origin,5,Male: Not Hispanic or Latino: Asian or Pacific Islander,5.5,2004,6,All ages,1.1,1.9,NULL
Drug overdose death rates,All drug overdose deaths,0,"Deaths per 100,000 resident population, age-adjusted",1,Sex and race and Hispanic origin,5,Male: Not Hispanic or Latino: Asian or Pacific Islander,5.5,2005,7,All ages,1.1,2.2,NULL
Drug overdose death rates,All drug overdose deaths,0,"Deaths per 100,000 resident population, age-adjusted",1,Sex and race and Hispanic origin,5,Male: Not Hispanic or Latino: Asian or Pacific Islander,5.5,2006,8,All ages,1.1,2.2,NULL
Drug overdose death rates,All drug overdose deaths,0,"Deaths per 100,000 resident population, age-adjusted",1,Sex and race and Hispanic origin,5,Male: Not Hispanic or Latino: Asian or Pacific Islander,5.5,2007,9,All ages,1.1,2.1,NULL
Drug overdose death rates,All drug overdose deaths,0,"Deaths per 100,000 resident population, age-adjusted",1,Sex and race and Hispanic origin,5,Male: Not Hispanic or Latino: Asian or Pacific Islander,5.5,2008,10,All ages,1.1,2.1,NULL
Drug overdose death rates,All drug overdose deaths,0,"Deaths per 100,000 resident population, age-adjusted",1,Sex and race and Hispanic origin,5,Male: Not Hispanic or Latino: Asian or Pacific Islander,5.5,2009,11,All ages,1.1,2.6,NULL
Drug overdose death rates,All drug overdose deaths,0,"Deaths per 100,000 resident population, age-adjusted",1,Sex and race and Hispanic origin,5,Male: Not Hispanic or Latino: Asian or Pacific Islander,5.5,2010,12,All ages,1.1,2.4,NULL
Drug overdose death rates,All drug overdose deaths,0,"Deaths per 100,000 resident population, age-adjusted",1,Sex and race and Hispanic origin,5,Male: Not Hispanic or Latino: Asian or Pacific Islander,5.5,2011,13,All ages,1.1,3.0,NULL
Drug overdose death rates,All drug overdose deaths,0,"Deaths per 100,000 resident population, age-adjusted",1,Sex and race and Hispanic origin,5,Male: Not Hispanic or Latino: Asian or Pacific Islander,5.5,2012,14,All ages,1.1,3.1,NULL
Drug overdose death rates,All drug overdose deaths,0,"Deaths per 100,000 resident population, age-adjusted",1,Sex and race and Hispanic origin,5,Male: Not Hispanic or Latino: Asian or Pacific Islander,5.5,2013,15,All ages,1.1,3.2,NULL
Drug overdose death rates,All drug overdose deaths,0,"Deaths per 100,000 resident population, age-adjusted",1,Sex and race and Hispanic origin,5,Male: Not Hispanic or Latino: Asian or Pacific Islander,5.5,2014,16,All ages,1.1,3.2,NULL
Drug overdose death rates,All drug overdose deaths,0,"Deaths per 100,000 resident population, age-adjusted",1,Sex and race and Hispanic origin,5,Male: Not Hispanic or Latino: Asian or Pacific Islander,5.5,2015,17,All ages,1.1,4.0,NULL
Drug overdose death rates,All drug overdose deaths,0,"Deaths per 100,000 resident population, age-adjusted",1,Sex and race and Hispanic origin,5,Male: Not Hispanic or Latino: Asian or Pacific Islander,5.5,2016,18,All ages,1.1,4.6,NULL
Drug overdose death rates,All drug overdose deaths,0,"Deaths per 100,000 resident population, age-adjusted",1,Sex and race and Hispanic origin,5,Male: Not Hispanic or Latino: Asian or Pacific Islander,5.5,2017,19,All ages,1.1,5.3,NULL
Drug overdose death rates,All drug overdose deaths,0,"Deaths per 100,000 resident population, age-adjusted",1,Sex and race and Hispanic origin,5,Male: Not Hispanic or Latino: Asian or Pacific Islander,5.5,2018,20,All ages,1.1,5.4,NULL
Drug overdose death rates,All drug overdose deaths,0,"Deaths per 100,000 resident population, age-adjusted",1,Sex and race and Hispanic origin,5,Female: Hispanic or Latino: All races,5.6,9199,1,All ages,1.1,2.2,NULL
Drug overdose death rates,All drug overdose deaths,0,"Deaths per 100,000 resident population, crude",2,Sex,2,Male,2.1,2016,18,All ages,1.1,26.1,NULL
Drug overdose death rates,All drug overdose deaths,0,"Deaths per 100,000 resident population, age-adjusted",1,Sex and race and Hispanic origin,5,Female: Hispanic or Latino: All races,5.6,2000,2,All ages,1.1,2.0,NULL
Drug overdose death rates,All drug overdose deaths,0,"Deaths per 100,000 resident population, age-adjusted",1,Sex and race and Hispanic origin,5,Female: Hispanic or Latino: All races,5.6,2001,3,All ages,1.1,2.2,NULL
Drug overdose death rates,All drug overdose deaths,0,"Deaths per 100,000 resident population, age-adjusted",1,Sex and race and Hispanic origin,5,Female: Hispanic or Latino: All races,5.6,2002,4,All ages,1.1,2.7,NULL
Drug overdose death rates,All drug overdose deaths,0,"Deaths per 100,000 resident population, age-adjusted",1,Sex and race and Hispanic origin,5,Female: Hispanic or Latino: All races,5.6,2003,5,All ages,1.1,2.9,NULL
Drug overdose death rates,All drug overdose deaths,0,"Deaths per 100,000 resident population, age-adjusted",1,Sex and race and Hispanic origin,5,Female: Hispanic or Latino: All races,5.6,2004,6,All ages,1.1,2.9,NULL
Drug overdose death rates,All drug overdose deaths,0,"Deaths per 100,000 resident population, age-adjusted",1,Sex and race and Hispanic origin,5,Female: Hispanic or Latino: All races,5.6,2005,7,All ages,1.1,3.0,NULL
Drug overdose death rates,All drug overdose deaths,0,"Deaths per 100,000 resident population, age-adjusted",1,Sex and race and Hispanic origin,5,Female: Hispanic or Latino: All races,5.6,2006,8,All ages,1.1,3.4,NULL
Drug overdose death rates,All drug overdose deaths,0,"Deaths per 100,000 resident population, age-adjusted",1,Sex and race and Hispanic origin,5,Female: Hispanic or Latino: All races,5.6,2007,9,All ages,1.1,3.1,NULL
Drug overdose death rates,All drug overdose deaths,0,"Deaths per 100,000 resident population, age-adjusted",1,Sex and race and Hispanic origin,5,Female: Hispanic or Latino: All races,5.6,2008,10,All ages,1.1,3.2,NULL
Drug overdose death rates,All drug overdose deaths,0,"Deaths per 100,000 resident population, age-adjusted",1,Sex and race and Hispanic origin,5,Female: Hispanic or Latino: All races,5.6,2009,11,All ages,1.1,3.5,NULL
Drug overdose death rates,All drug overdose deaths,0,"Deaths per 100,000 resident population, age-adjusted",1,Sex and race and Hispanic origin,5,Female: Hispanic or Latino: All races,5.6,2010,12,All ages,1.1,3.6,NULL
Drug overdose death rates,All drug overdose deaths,0,"Deaths per 100,000 resident population, age-adjusted",1,Sex and race and Hispanic origin,5,Female: Hispanic or Latino: All races,5.6,2011,13,All ages,1.1,4.0,NULL
Drug overdose death rates,All drug overdose deaths,0,"Deaths per 100,000 resident population, age-adjusted",1,Sex and race and Hispanic origin,5,Female: Hispanic or Latino: All races,5.6,2012,14,All ages,1.1,4.0,NULL
Drug overdose death rates,All drug overdose deaths,0,"Deaths per 100,000 resident population, age-adjusted",1,Sex and race and Hispanic origin,5,Female: Hispanic or Latino: All races,5.6,2013,15,All ages,1.1,4.1,NULL
Drug overdose death rates,All drug overdose deaths,0,"Deaths per 100,000 resident population, age-adjusted",1,Sex and race and Hispanic origin,5,Female: Hispanic or Latino: All races,5.6,2014,16,All ages,1.1,4.1,NULL
Drug overdose death rates,All drug overdose deaths,0,"Deaths per 100,000 resident population, age-adjusted",1,Sex and race and Hispanic origin,5,Female: Hispanic or Latino: All races,5.6,2015,17,All ages,1.1,4.4,NULL
Drug overdose death rates,All drug overdose deaths,0,"Deaths per 100,000 resident population, age-adjusted",1,Sex and race and Hispanic origin,5,Female: Hispanic or Latino: All races,5.6,2016,18,All ages,1.1,5.0,NULL
Drug overdose death rates,All drug overdose deaths,0,"Deaths per 100,000 resident population, age-adjusted",1,Sex and race and Hispanic origin,5,Female: Hispanic or Latino: All races,5.6,2017,19,All ages,1.1,5.1,NULL
Drug overdose death rates,All drug overdose deaths,0,"Deaths per 100,000 resident population, age-adjusted",1,Sex and race and Hispanic origin,5,Female: Hispanic or Latino: All races,5.6,2018,20,All ages,1.1,5.2,NULL
Drug overdose death rates,All drug overdose deaths,0,"Deaths per 100,000 resident population, age-adjusted",1,Sex and race and Hispanic origin,5,Female: Not Hispanic or Latino: White,5.7,19m99,1,All ages,1.1,4.3,NULL
Drug overdose death rates,All drug overdose deaths,0,"Deaths per 100,000 resident population, age-adjusted",1,Sex and race and Hispanic origin,5,Female: Not Hispanic or Latino: White,5.7,2000,2,All ages,1.1,4.5,NULL
Drug overdose death rates,All drug overdose deaths,0,"Deaths per 100,000 resident population, age-adjusted",1,Sex and race and Hispanic origin,5,Female: Not Hispanic or Latino: White,5.7,2001,3,All ages,1.1,5.3,NULL
Drug overdose death rates,All drug overdose deaths,0,"Deaths per 100,000 resident population, age-adjusted",1,Sex and race and Hispanic origin,5,Female: Not Hispanic or Latino: White,5.7,2002,4,All ages,1.1,6.8,NULL
Drug overdose death rates,All drug overdose deaths,0,"Deaths per 100,000 resident population, age-adjusted",1,Sex and race and Hispanic origin,5,Female: Not Hispanic or Latino: White,5.7,2003,5,All ages,1.1,7.5,NULL
Drug overdose death rates,All drug overdose deaths,0,"Deaths per 100,000 resident population, age-adjusted",1,Sex and race and Hispanic origin,5,Female: Not Hispanic or Latino: White,5.7,2004,6,All ages,1.1,8.3,NULL
Drug overdose death rates,All drug overdose deaths,0,"Deaths per 100,000 resident population, age-adjusted",1,Sex and race and Hispanic origin,5,Female: Not Hispanic or Latino: White,5.7,2005,7,All ages,1.1,8.8,NULL
Drug overdose death rates,All drug overdose deaths,0,"Deaths per 100,000 resident population, age-adjusted",1,Sex and race and Hispanic origin,5,Female: Not Hispanic or Latino: White,5.7,2006,8,All ages,1.1,10.0,NULL
Drug overdose death rates,All drug overdose deaths,0,"Deaths per 100,000 resident population, age-adjusted",1,Sex and race and Hispanic origin,5,Female: Not Hispanic or Latino: White,5.7,2007,9,All ages,1.1,11.0,NULL
Drug overdose death rates,All drug overdose deaths,0,"Deaths per 100,000 resident population, age-adjusted",1,Sex and race and Hispanic origin,5,Female: Not Hispanic or Latino: White,5.7,2008,10,All ages,1.1,11.4,NULL
Drug overdose death rates,All drug overdose deaths,0,"Deaths per 100,000 resident population, age-adjusted",1,Sex and race and Hispanic origin,5,Female: Not Hispanic or Latino: White,5.7,2009,11,All ages,1.1,11.6,NULL
Drug overdose death rates,All drug overdose deaths,0,"Deaths per 100,000 resident population, age-adjusted",1,Sex and race and Hispanic origin,5,Female: Not Hispanic or Latino: White,5.7,2010,12,All ages,1.1,12.5,NULL
Drug overdose death rates,All drug overdose deaths,0,"Deaths per 100,000 resident population, age-adjusted",1,Sex and race and Hispanic origin,5,Female: Not Hispanic or Latino: White,5.7,2011,13,All ages,1.1,13.3,NULL
Drug overdose death rates,All drug overdose deaths,0,"Deaths per 100,000 resident population, age-adjusted",1,Sex and race and Hispanic origin,5,Female: Not Hispanic or Latino: White,5.7,2012,14,All ages,1.1,13.2,NULL
Drug overdose death rates,All drug overdose deaths,0,"Deaths per 100,000 resident population, age-adjusted",1,Sex and race and Hispanic origin,5,Female: Not Hispanic or Latino: White,5.7,2013,15,All ages,1.1,13.8,NULL
Drug overdose death rates,All drug overdose deaths,0,"Deaths per 100,000 resident population, age-adjusted",1,Sex and race and Hispanic origin,5,Female: Not Hispanic or Latino: White,5.7,2014,16,All ages,1.1,14.6,NULL
Drug overdose death rates,All drug overdose deaths,0,"Deaths per 100,000 resident population, age-adjusted",1,Sex and race and Hispanic origin,5,Female: Not Hispanic or Latino: White,5.7,2015,17,All ages,1.1,15.8,NULL
Drug overdose death rates,All drug overdose deaths,0,"Deaths per 100,000 resident population, age-adjusted",1,Sex and race and Hispanic origin,5,Female: Not Hispanic or Latino: White,5.7,2016,18,All ages,1.1,17.7,NULL
Drug overdose death rates,All drug overdose deaths,0,"Deaths per 100,000 resident population, age-adjusted",1,Sex and race and Hispanic origin,5,Female: Not Hispanic or Latino: White,5.7,2017,19,All ages,1.1,19.1,NULL
Drug overdose death rates,All drug overdose deaths,0,"Deaths per 100,000 resident population, age-adjusted",1,Sex and race and Hispanic origin,5,Female: Not Hispanic or Latino: White,5.7,2018,20,All ages,1.1,17.8,NULL
Drug overdose death rates,All drug overdose deaths,0,"Deaths per 100,000 resident population, age-adjusted",1,Sex and race and Hispanic origin,5,Female: Not Hispanic or Latino: Black,5.8,1999,1,All ages,1.1,4.0,NULL
Drug overdose death rates,All drug overdose deaths,0,"Deaths per 100,000 resident population, age-adjusted",1,Sex and race and Hispanic origin,5,Female: Not Hispanic or Latino: Black,5.8,2000,2,All ages,1.1,4.2,NULL
Drug overdose death rates,All drug overdose deaths,0,"Deaths per 100,000 resident population, age-adjusted",1,Sex and race and Hispanic origin,5,Female: Not Hispanic or Latino: Black,5.8,2001,3,All ages,1.1,4.4,NULL
Drug overdose death rates,All drug overdose deaths,0,"Deaths per 100,000 resident population, age-adjusted",1,Sex and race and Hispanic origin,5,Female: Not Hispanic or Latino: Black,5.8,2002,4,All ages,1.1,5.1,NULL
Drug overdose death rates,All drug overdose deaths,0,"Deaths per 100,000 resident population, age-adjusted",1,Sex and race and Hispanic origin,5,Female: Not Hispanic or Latino: Black,5.8,2003,5,All ages,1.1,5.4,NULL
Drug overdose death rates,All drug overdose deaths,0,"Deaths per 100,000 resident population, age-adjusted",1,Sex and race and Hispanic origin,5,Female: Not Hispanic or Latino: Black,5.8,2004,6,All ages,1.1,5.6,NULL
Drug overdose death rates,All drug overdose deaths,0,"Deaths per 100,000 resident population, age-adjusted",1,Sex and race and Hispanic origin,5,Female: Not Hispanic or Latino: Black,5.8,2005,7,All ages,1.1,6.2,NULL
Drug overdose death rates,All drug overdose deaths,0,"Deaths per 100,000 resident population, age-adjusted",1,Sex and race and Hispanic origin,5,Female: Not Hispanic or Latino: Black,5.8,2006,8,All ages,1.1,6.5,NULL
Drug overdose death rates,All drug overdose deaths,0,"Deaths per 100,000 resident population, age-adjusted",1,Sex and race and Hispanic origin,5,Female: Not Hispanic or Latino: Black,5.8,2007,9,All ages,1.1,6.5,NULL
Drug overdose death rates,All drug overdose deaths,0,"Deaths per 100,000 resident population, age-adjusted",1,Sex and race and Hispanic origin,5,Female: Not Hispanic or Latino: Black,5.8,2008,10,All ages,1.1,5.6,NULL
Drug overdose death rates,All drug overdose deaths,0,"Deaths per 100,000 resident population, age-adjusted",1,Sex and race and Hispanic origin,5,Female: Not Hispanic or Latino: Black,5.8,2009,11,All ages,1.1,5.8,NULL
Drug overdose death rates,All drug overdose deaths,0,"Deaths per 100,000 resident population, age-adjusted",1,Sex and race and Hispanic origin,5,Female: Not Hispanic or Latino: Black,5.8,2010,12,All ages,1.1,5.9,NULL
Drug overdose death rates,All drug overdose deaths,0,"Deaths per 100,000 resident population, age-adjusted",1,Sex and race and Hispanic origin,5,Female: Not Hispanic or Latino: Black,5.8,2011,13,All ages,1.1,6.2,NULL
Drug overdose death rates,All drug overdose deaths,0,"Deaths per 100,000 resident population, age-adjusted",1,Sex and race and Hispanic origin,5,Female: Not Hispanic or Latino: Black,5.8,2012,14,All ages,1.1,6.2,NULL
Drug overdose death rates,All drug overdose deaths,0,"Deaths per 100,000 resident population, age-adjusted",1,Sex and race and Hispanic origin,5,Female: Not Hispanic or Latino: Black,5.8,2013,15,All ages,1.1,6.5,NULL
Drug overdose death rates,All drug overdose deaths,0,"Deaths per 100,000 resident population, age-adjusted",1,Sex and race and Hispanic origin,5,Female: Not Hispanic or Latino: Black,5.8,2014,16,All ages,1.1,7.3,NULL
Drug overdose death rates,All drug overdose deaths,0,"Deaths per 100,000 resident population, age-adjusted",1,Sex and race and Hispanic origin,5,Female: Not Hispanic or Latino: Black,5.8,2015,17,All ages,1.1,7.7,NULL
Drug overdose death rates,All drug overdose deaths,0,"Deaths per 100,000 resident population, age-adjusted",1,Sex and race and Hispanic origin,5,Female: Not Hispanic or Latino: Black,5.8,2016,18,All ages,1.1,10.4,NULL
Drug overdose death rates,All drug overdose deaths,0,"Deaths per 100,000 resident population, age-adjusted",1,Sex and race and Hispanic origin,5,Female: Not Hispanic or Latino: Black,5.8,2017,19,All ages,1.1,11.7,NULL
Drug overdose death rates,All drug overdose deaths,0,"Deaths per 100,000 resident population, age-adjusted",1,Sex and race and Hispanic origin,5,Female: Not Hispanic or Latino: Black,5.8,2018,20,All ages,1.1,11.6,NULL
Drug overdose death rates,All drug overdose deaths,0,"Deaths per 100,000 resident population, age-adjusted",1,Sex and race and Hispanic origin,5,Female: Not Hispanic or Latino: American Indian or Alaska Native,5.9,1999,1,All ages,1.1,5.2,NULL
Drug overdose death rates,All drug overdose deaths,0,"Deaths per 100,000 resident population, age-adjusted",1,Sex and race and Hispanic origin,5,Female: Not Hispanic or Latino: American Indian or Alaska Native,5.9,2000,2,All ages,1.1,4.3,NULL
Drug overdose death rates,All drug overdose deaths,0,"Deaths per 100,000 resident population, age-adjusted",1,Sex and race and Hispanic origin,5,Female: Not Hispanic or Latino: American Indian or Alaska Native,5.9,2001,3,All ages,1.1,6.5,NULL
Drug overdose death rates,All drug overdose deaths,0,"Deaths per 100,000 resident population, age-adjusted",1,Sex and race and Hispanic origin,5,Female: Not Hispanic or Latino: American Indian or Alaska Native,5.9,2002,4,All ages,1.1,7.1,NULL
Drug overdose death rates,All drug overdose deaths,0,"Deaths per 100,000 resident population, age-adjusted",1,Sex and race and Hispanic origin,5,Female: Not Hispanic or Latino: American Indian or Alaska Native,5.9,2003,5,All ages,1.1,9.4,NULL
Drug overdose death rates,All drug overdose deaths,0,"Deaths per 100,000 resident population, age-adjusted",1,Sex and race and Hispanic origin,5,Female: Not Hispanic or Latino: American Indian or Alaska Native,5.9,2004,6,All ages,1.1,10.4,NULL
Drug overdose death rates,All drug overdose deaths,0,"Deaths per 100,000 resident population, age-adjusted",1,Sex and race and Hispanic origin,5,Female: Not Hispanic or Latino: American Indian or Alaska Native,5.9,2005,7,All ages,1.1,11.3,NULL
Drug overdose death rates,All drug overdose deaths,0,"Deaths per 100,000 resident population, age-adjusted",1,Sex and race and Hispanic origin,5,Female: Not Hispanic or Latino: American Indian or Alaska Native,5.9,2006,8,All ages,1.1,10.6,NULL
Drug overdose death rates,All drug overdose deaths,0,"Deaths per 100,000 resident population, age-adjusted",1,Sex and race and Hispanic origin,5,Female: Not Hispanic or Latino: American Indian or Alaska Native,5.9,2007,9,All ages,1.1,13.8,NULL
Drug overdose death rates,All drug overdose deaths,0,"Deaths per 100,000 resident population, age-adjusted",1,Sex and race and Hispanic origin,5,Female: Not Hispanic or Latino: American Indian or Alaska Native,5.9,2008,10,All ages,1.1,12.2,NULL
Drug overdose death rates,All drug overdose deaths,0,"Deaths per 100,000 resident population, age-adjusted",1,Sex and race and Hispanic origin,5,Female: Not Hispanic or Latino: American Indian or Alaska Native,5.9,2009,11,All ages,1.1,14.0,NULL
Drug overdose death rates,All drug overdose deaths,0,"Deaths per 100,000 resident population, age-adjusted",1,Sex and race and Hispanic origin,5,Female: Not Hispanic or Latino: American Indian or Alaska Native,5.9,2010,12,All ages,1.1,14.8,NULL
Drug overdose death rates,All drug overdose deaths,0,"Deaths per 100,000 resident population, age-adjusted",1,Sex and race and Hispanic origin,5,Female: Not Hispanic or Latino: American Indian or Alaska Native,5.9,2011,13,All ages,1.1,15.9,NULL
Drug overdose death rates,All drug overdose deaths,0,"Deaths per 100,000 resident population, age-adjusted",1,Sex and race and Hispanic origin,5,Female: Not Hispanic or Latino: American Indian or Alaska Native,5.9,2012,14,All ages,1.1,17.6,NULL
Drug overdose death rates,All drug overdose deaths,0,"Deaths per 100,000 resident population, age-adjusted",1,Sex and race and Hispanic origin,5,Female: Not Hispanic or Latino: American Indian or Alaska Native,5.9,2013,15,All ages,1.1,17.5,NULL
Drug overdose death rates,All drug overdose deaths,0,"Deaths per 100,000 resident population, age-adjusted",1,Sex and race and Hispanic origin,5,Female: Not Hispanic or Latino: American Indian or Alaska Native,5.9,2014,16,All ages,1.1,16.9,NULL
Drug overdose death rates,All drug overdose deaths,0,"Deaths per 100,000 resident population, age-adjusted",1,Sex and race and Hispanic origin,5,Female: Not Hispanic or Latino: American Indian or Alaska Native,5.9,2015,17,All ages,1.1,16.8,NULL
Drug overdose death rates,All drug overdose deaths,0,"Deaths per 100,000 resident population, age-adjusted",1,Sex and race and Hispanic origin,5,Female: Not Hispanic or Latino: American Indian or Alaska Native,5.9,2016,18,All ages,1.1,20.2,NULL
Drug overdose death rates,All drug overdose deaths,0,"Deaths per 100,000 resident population, age-adjusted",1,Sex and race and Hispanic origin,5,Female: Not Hispanic or Latino: American Indian or Alaska Native,5.9,2017,19,All ages,1.1,20.1,NULL
Drug overdose death rates,All drug overdose deaths,0,"Deaths per 100,000 resident population, age-adjusted",1,Sex and race and Hispanic origin,5,Female: Not Hispanic or Latino: American Indian or Alaska Native,5.9,2018,20,All ages,1.1,20.2,NULL
Drug overdose death rates,All drug overdose deaths,0,"Deaths per 100,000 resident population, age-adjusted",1,Sex and race and Hispanic origin,5,Female: Not Hispanic or Latino: Asian or Pacific Islander,5.91,1999,1,All ages,1.1,1.0,NULL
Drug overdose death rates,All drug overdose deaths,0,"Deaths per 100,000 resident population, age-adjusted",1,Sex and race and Hispanic origin,5,Female: Not Hispanic or Latino: Asian or Pacific Islander,5.91,2000,2,All ages,1.1,0.8,NULL
Drug overdose death rates,All drug overdose deaths,0,"Deaths per 100,000 resident population, age-adjusted",1,Sex and race and Hispanic origin,5,Female: Not Hispanic or Latino: Asian or Pacific Islander,5.91,2001,3,All ages,1.1,0.8,NULL
Drug overdose death rates,All drug overdose deaths,0,"Deaths per 100,000 resident population, age-adjusted",1,Sex and race and Hispanic origin,5,Female: Not Hispanic or Latino: Asian or Pacific Islander,5.91,2002,4,All ages,1.1,1.0,NULL
Drug overdose death rates,All drug overdose deaths,0,"Deaths per 100,000 resident population, age-adjusted",1,Sex and race and Hispanic origin,5,Female: Not Hispanic or Latino: Asian or Pacific Islander,5.91,2003,5,All ages,1.1,1.2,NULL
Drug overdose death rates,All drug overdose deaths,0,"Deaths per 100,000 resident population, age-adjusted",1,Sex and race and Hispanic origin,5,Female: Not Hispanic or Latino: Asian or Pacific Islander,5.91,2004,6,All ages,1.1,1.1,NULL
Drug overdose death rates,All drug overdose deaths,0,"Deaths per 100,000 resident population, age-adjusted",1,Sex and race and Hispanic origin,5,Female: Not Hispanic or Latino: Asian or Pacific Islander,5.91,2005,7,All ages,1.1,1.3,NULL
Drug overdose death rates,All drug overdose deaths,0,"Deaths per 100,000 resident population, age-adjusted",1,Sex and race and Hispanic origin,5,Female: Not Hispanic or Latino: Asian or Pacific Islander,5.91,2006,8,All ages,1.1,1.5,NULL
Drug overdose death rates,All drug overdose deaths,0,"Deaths per 100,000 resident population, age-adjusted",1,Sex and race and Hispanic origin,5,Female: Not Hispanic or Latino: Asian or Pacific Islander,5.91,2007,9,All ages,1.1,1.5,NULL
Drug overdose death rates,All drug overdose deaths,0,"Deaths per 100,000 resident population, age-adjusted",1,Sex and race and Hispanic origin,5,Female: Not Hispanic or Latino: Asian or Pacific Islander,5.91,2008,10,All ages,1.1,1.3,NULL
Drug overdose death rates,All drug overdose deaths,0,"Deaths per 100,000 resident population, age-adjusted",1,Sex and race and Hispanic origin,5,Female: Not Hispanic or Latino: Asian or Pacific Islander,5.91,2009,11,All ages,1.1,1.3,NULL
Drug overdose death rates,All drug overdose deaths,0,"Deaths per 100,000 resident population, age-adjusted",1,Sex and race and Hispanic origin,5,Female: Not Hispanic or Latino: Asian or Pacific Islander,5.91,2010,12,All ages,1.1,1.4,NULL
Drug overdose death rates,All drug overdose deaths,0,"Deaths per 100,000 resident population, age-adjusted",1,Sex and race and Hispanic origin,5,Female: Not Hispanic or Latino: Asian or Pacific Islander,5.91,2011,13,All ages,1.1,1.6,NULL
Drug overdose death rates,All drug overdose deaths,0,"Deaths per 100,000 resident population, age-adjusted",1,Sex and race and Hispanic origin,5,Female: Not Hispanic or Latino: Asian or Pacific Islander,5.91,2012,14,All ages,1.1,1.4,NULL
Drug overdose death rates,All drug overdose deaths,0,"Deaths per 100,000 resident population, age-adjusted",1,Sex and race and Hispanic origin,5,Female: Not Hispanic or Latino: Asian or Pacific Islander,5.91,2013,15,All ages,1.1,1.5,NULL
Drug overdose death rates,All drug overdose deaths,0,"Deaths per 100,000 resident population, age-adjusted",1,Sex and race and Hispanic origin,5,Female: Not Hispanic or Latino: Asian or Pacific Islander,5.91,2014,16,All ages,1.1,1.6,NULL
Drug overdose death rates,All drug overdose deaths,0,"Deaths per 100,000 resident population, age-adjusted",1,Sex and race and Hispanic origin,5,Female: Not Hispanic or Latino: Asian or Pacific Islander,5.91,2015,17,All ages,1.1,1.5,NULL
Drug overdose death rates,All drug overdose deaths,0,"Deaths per 100,000 resident population, age-adjusted",1,Sex and race and Hispanic origin,5,Female: Not Hispanic or Latino: Asian or Pacific Islander,5.91,2016,18,All ages,1.1,1.7,NULL
Drug overdose death rates,All drug overdose deaths,0,"Deaths per 100,000 resident population, age-adjusted",1,Sex and race and Hispanic origin,5,Female: Not Hispanic or Latino: Asian or Pacific Islander,5.91,2017,19,All ages,1.1,1.9,NULL
Drug overdose death rates,All drug overdose deaths,0,"Deaths per 100,000 resident population, age-adjusted",1,Sex and race and Hispanic origin,5,Female: Not Hispanic or Latino: Asian or Pacific Islander,5.91,2018,20,All ages,1.1,2.1,NULL
Drug overdose death rates,All drug overdose deaths,0,"Deaths per 100,000 resident population, crude",2,Total,0,All persons,0.1,1999,1,All ages,1.1,6.0,NULL
Drug overdose death rates,All drug overdose deaths,0,"Deaths per 100,000 resident population, crude",2,Total,0,All persons,0.1,2000,2,All ages,1.1,6.2,NULL
Drug overdose death rates,All drug overdose deaths,0,"Deaths per 100,000 resident population, crude",2,Total,***,All persons,0.1,2001,3,All ages,1.1,6.8,NULL
Drug overdose death rates,All drug overdose deaths,0,"Deaths per 100,000 resident population, crude",2,Total,0,All persons,0.1,2002,4,All ages,11.,8.2,NULL
Drug overdose death rates,All drug overdose deaths,0,"Deaths per 100,000 resident population, crude",2,Total,0,All persons,0.1,2003,5,All ages,11.,8.9,NULL
Drug overdose death rates,All drug overdose deaths,0,"Deaths per 100,000 resident population, crude",2,Total,***,All persons,0.1,2004,6,All ages,1p.1,9.4,NULL
Drug overdose death rates,All drug overdose deaths,0,"Deaths per 100,000 resident population, crude",2,Total,0,All persons,0.1,2005,7,All ages,1.1,10.1,NULL
Drug overdose death rates,All drug overdose deaths,0,"Deaths per 100,000 resident population, crude",2,Total,b0,All persons,0.1,2007,9,All ages,1.1,12.0,NULL
Drug overdose death rates,All drug overdose deaths,0,"Deaths per 100,000 resident population, crude",2,Total,0,All persons,0.1,2008,10,All ages,1.1,12.0,NULL
Drug overdose death rates,All drug overdose deaths,0,"Deaths per 100,000 resident population, crude",2,Total,0,All persons,0.1,2009,11,All ages,1.1,12.1,NULL
Drug overdose death rates,All drug overdose deaths,0,"Deaths per 100,000 resident population, crude",2,Total,0,All persons,0.1,2010,12,All ages,1.1,12.4,NULL
Drug overdose death rates,All drug overdose deaths,0,"Deaths per 100,000 resident population, crude",2,Total,0,All persons,0.1,2011,13,All ages,1.1,13.3,NULL
Drug overdose death rates,All drug overdose deaths,0,"Deaths per 100,000 resident population, crude",2,Total,0,All persons,0.1,2012,14,All ages,1.1,13.2,NULL
Drug overdose death rates,All drug overdose deaths,0,"Deaths per 100,000 resident population, crude",2,Total,,All persons,0.1,2013,15,All ages,1.1,13.9,NULL
Drug overdose death rates,All drug overdose deaths,0,"Deaths per 100,000 resident population, crude",2,Total,j0,All persons,0.1,2014,16,Allages,1.1,14.8,NULL
Drug overdose death rates,All drug overdose deaths,0,"Deaths per 100,000 resident population, crude",2,Total,0,All persons,0.1,2015,17,All ages,1.1,16.3,NULL
Drug overdose death rates,All drug overdose deaths,0,"Deaths per 100,000 resident population, crude",2,Total,0,All persons,0.1,2016,18,All ages,1.1,19.7,NULL
Drug overdose death rates,All drug overdose deaths,0,"Deaths per 100,000 resident population, crude",2,Total,,All persons,0.1,2017,19,All ages,1.1,21.6,NULL
Drug overdose death rates,All drug overdose deaths,0,"Deaths per 100,000 resident population, crude",2,Age,1,Under 15 years,1.1,1999,1,Under 15 years,1.2,0.1,NULL
Drug overdose death rates,All drug overdose deaths,0,"Deaths per 100,000 resident population, crude",2,Age,1,Under 15 years,1.1,2000,2,Under 15 years,1.2,0.1,NULL
Drug overdose death rates,All drug overdose deaths,0,"Deaths per 100,000 resident population, crude",2,Age,1,Under 15 years,1.1,2001,3,Under 15 years,1.2,0.2,NULL
Drug overdose death rates,All drug overdose deaths,0,"Deaths per 100,000 resident population, crude",2,Age,1,Under 15 years,1.1,2002,4,Under 15 years,1.2,0.2,NULL
Drug overdose death rates,All drug overdose deaths,0,"Deaths per 100,000 resident population, crude",2,Age,1,Under 15 years,1.1,2003,5,Under 15 years,1.2,0.2,NULL
Drug overdose death rates,All drug overdose deaths,0,"Deaths per 100,000 resident population, crude",2,Age,1,Under 15 years,1.1,2004,6,Under 15 years,1.2,0.2,NULL
Drug overdose death rates,All drug overdose deaths,0,"Deaths per 100,000 resident population, age-adjusted",2,Age,1,Male,0.1,2005,7,Under 15 years,1.2,0.2,NULL
Drug overdose death rates,All drug overdose deaths,0,"Deaths per 100,000 resident population, crude",2,Age,1,Under 15 years,1.1,2006,8,Under 15 years,1.2,0.2,NULL
Drug overdose death rates,All drug overdose deaths,0,"Deaths per 100,000 resident population, crude",2,Age,1,Under 15 years,1.1,2007,9,Under 15 years,1.2,0.2,NULL
Drug overdose death rates,All drug overdose deaths,0,"Deaths per 100,000 resident population, crude",2,Age,1,Under 15 years,1.1,2008,10,Under 15 years,1.2,0.2,NULL
Drug overdose death rates,All drug overdose deaths,0,"Deaths per 100,000 resident population, crude",2,Age,1,Under 15 years,1.1,2009,11,Under 15 years,1.2,0.2,NULL
Drug overdose death rates,All drug overdose deaths,0,"Deaths per 100,000 resident population, crude",2,Age,1,Under 15 years,1.1,2010,12,Under 15 years,1.2,0.2,NULL
Drug overdose death rates,All drug overdose deaths,0,"Deaths per 100,000 resident population, crude",2,Age,1,Under 15 years,1.1,2011,13,Under 15 years,1.2,0.2,NULL
Drug overdose death rates,All drug overdose deaths,0,"Deaths per 100,000 resident population, crude",2,Age,1,Under 15 years,1.1,2012,14,Under 15 years,1.2,0.2,NULL
Drug overdose death rates,All drug overdose deaths,0,"Deaths per 100,000 resident population, crude",2,Age,1,Under 15 years,1.1,2013,15,Under 15 years,1.2,0.2,NULL
Drug overdose death rates,All drug overdose deaths,0,"Deaths per 100,000 resident population, crude",2,Age,1,Under 15 years,1.1,2014,16,Under 15 years,1.2,0.2,NULL
Drug overdose death rates,All drug overdose deaths,0,"Deaths per 100,000 resident population, crude",2,Age,1,Under 15 years,1.1,2015,17,Under 15 years,1.2,0.2,NULL
Drug overdose death rates,All drug overdose deaths,0,"Deaths per 100,000 resident population, crude",2,Age,1,Under 15 years,1.1,2016,18,Under 15 years,1.2,0.2,NULL
Drug overdose death rates,All drug overdose deaths,0,"Deaths per 100,000 resident population, crude",2,Age,1,Under 15 years,1.1,2017,19,Under 15 years,1.2,0.2,NULL
Drug overdose death rates,All drug overdose deaths,0,"Deaths per 100,000 resident population, crude",2,Age,1,15-24 years,1.2,1999,1,15-24 years,1.3,3.2,NULL
Drug overdose death rates,All drug overdose deaths,0,"Deaths per 100,000 resident population, crude",2,Age,1,15-24 years,1.2,2000,2,15-24 years,1.3,3.7,NULL
Drug overdose death rates,All drug overdose deaths,0,"Deaths per 100,000 resident population, crude",2,Age,1,15-24 years,1.2,2001,3,15-24 years,1.3,4.2,NULL
Drug overdose death rates,All drug overdose deaths,0,"Deaths per 100,000 resident population, crude",2,Age,1,15-24 years,1.2,2002,4,15-x24 years,1.3,5.1,NULL
Drug overdose death rates,All drug overdose deaths,0,"Deaths per 100,000 resident population, crude",2,Age,1,15-24 years,1.2,2003,5,15-24 years,1.3,6.0,NULL
Drug overdose death rates,All drug overdose deaths,0,"Deaths per 100,000 resident population, crude",2,Age,d1,15-24 years,1.2,2004,6,15-24 years,1.3,6.6,NULL
Drug overdose death rates,All drug overdose deaths,0,"Deaths per 100,000 resident population, crude",2,Age,1,15-24 years,1.2,2005,7,15-24 ears,1.3,6.9,NULL
Drug overdose death rates,All drug overdose deaths,0,"Deaths per 100,000 resident population, crude",2,Age,1,15-24 years,1.2,2006,8,15-24 years,1.3,8.1,NULL
Drug overdose death rates,All drug overdose deaths,0,"Deaths per 100,000 resident population, crude",2,Age,1,15-24 years,1.2,2007,9,15-24 years,1.3,8.2,NULL
Drug overdose death rates,All drug overdose deaths,0,"Deaths per 100,000 resident population, crude",2,Age,1,15-24 years,1.2,2008,10,15-24 years,1.3,8.0,NULL
Drug overdose death rates,All drug overdose deaths,0,"Deaths per 100,000 resident population, crude",2,Age,1,15-24 years,1.2,2009,11,15-24 years,1.3,7.7,NULL
Drug overdose death rates,All drug overdose deaths,0,"Deaths per 100,000 resident population, crude",2,Age,1,15-24 years,1.2,2010,12,15-24 yeears,1.3,8.2,NULL
Drug overdose death rates,All drug overdose deaths,0,"Deaths per 100,000 resident population, crude",2,Age,1,15-24 years,1.2,2011,13,15-24 years,1.3,8.6,NULL
Drug overdose death rates,All drug overdose deaths,0,"Deaths per 100,000 resident population, crude",2,Age,1,15-24 years,1.2,2012,14,15-24 years,1.3,8.0,NULL
Drug overdose death rates,All drug overdose deaths,0,"Deaths per 100,000 resident population, crude",2,Age,1,15-24 years,1.2,2013,15,15-24 years,1.3,8.3,NULL
Drug overdose death rates,All drug overdose deaths,0,"Deaths per 100,000 resident population, crude",2,Age,1,15-24 years,1.2,2014,16,15-24 years,1.3,8.6,NULL
Drug overdose death rates,All drug overdose deaths,0,"Deaths per 100,000 resident population, crude",2,Age,,15-24 years,1.2,2015,17,15-24 years,1.3,9.7,NULL
Drug overdose death rates,All drug overdose deaths,0,"Deaths per 100,000 resident population, crude",2,Age,1,15-24 years,1.2,2016,18,15-24 years,1.3,12.4,NULL
Drug overdose death rates,All drug overdose deaths,0,"Deaths per 100,000 resident population, crude",2,Age,1,15-24 years,1.2,2017,19,15-24 years,1.3,12.6,NULL
Drug overdose death rates,All drug overdose deaths,0,"Deaths per 100,000 resident population, crude",2,Age,1,25-34 years,1.3,1999,1,25-34 years,1.4,8.1,NULL
Drug overdose death rates,All drug overdose deaths,0,"Deaths per 100,000 resident population, crude",2,Age,1,25-34 years,1.3,2000,2,25-34 years,1.4,7.9,NULL
Drug overdose death rates,All drug overdose deaths,0,"Deaths per 100,000 resident population, crude",2,Age,1,25-34 years,1.3,2001,3,25-34 years,1.4,8.6,NULL
Drug overdose death rates,All drug overdose deaths,0,"Deaths per 100,000 resident population, crude",2,Age,1,25-34 years,1.3,2002,4,25-34 years,1.4,10.5,NULL
Drug overdose death rates,All drug overdose deaths,0,"Deaths per 100,000 resident population, crude",2,Age,1,25-34 years,1.3,2003,5,25-34 years,1.4,11.4,NULL
Drug overdose death rates,All drug overdose deaths,0,"Deaths per 100,000 resident population, crude",2,Age,1,25-34 years,1.3,2004,6,25-34 years,1.4,11.9,NULL
Drug overdose death rates,All drug overdose deaths,0,"Deaths per 100,000 resident population, crude",2,Age,1,25-34 years,1.3,2005,7,25-34 years,1.4,13.6,NULL
Drug overdose death rates,All drug overdose deaths,0,"Deaths per 100,000 resident population, crude",2,Age,1,25-34 years,1.3,2006,8,25-34 years,1.4,16.1,NULL
Drug overdose death rates,All drug overdose deaths,0,"Deaths per 100,000 resident population, crude",2,Age,1,25-34 years,1.3,2007,9,25-34 years,1.4,16.8,NULL
Drug overdose death rates,All drug overdose deaths,0,"Deaths per 100,000 resident population, crude",2,Age,1,25-34 years,1.3,2008,10,25-34 years,1.4,16.8,NULL
Drug overdose death rates,All drug overdose deaths,0,"Deaths per 100,000 resident population, crude",2,Age,1,25-34 years,1.3,2009,11,25-34 years,1.4,17.2,NULL
Drug overdose death rates,All drug overdose deaths,0,"Deaths per 100,000 resident population, crude",2,Age,1,25-34 years,1.3,2010,12,25-34 years,1.4,18.4,NULL
Drug overdose death rates,All drug overdose deaths,0,"Deaths per 100,000 resident population, crude",2,Age,1,25-34 years,1.3,2011,13,25-34 years,1.4,20.2,NULL
Drug overdose death rates,All drug overdose deaths,0,"Deaths per 100,000 resident population, crude",2,Age,1,25-34 years,1.3,2012,14,25-34 years,1.4,20.1,NULL
Drug overdose death rates,All drug overdose deaths,0,"Deaths per 100,000 resident population, crude",2,Age,1,25-34 years,1.3,2013,15,25-34 years,1.4,20.9,NULL
Drug overdose death rates,All drug overdose deaths,0,"Deaths per 100,000 resident population, crude",2,Age,1,25-34 years,1.3,2014,16,25-34 years,1.4,23.1,NULL
Drug overdose death rates,All drug overdose deaths,0,"Deaths per 100,000 resident population, crude",2,Age,1,25-34 years,1.3,2015,17,25-34 years,1.4,26.9,NULL
Drug overdose death rates,All drug overdose deaths,0,"Deaths per 100,000 resident population, crude",2,Age,1,25-34 years,1.3,2016,18,25-34 years,1.4,34.6,NULL
Drug overdose death rates,All drug overdose deaths,0,"Deaths per 100,000 resident population, crude",2,Age,1,25-34 years,1.3,2017,19,25-34 years,1.4,38.4,NULL
Drug overdose death rates,All drug overdose deaths,0,"Deaths per 100,000 resident population, crude",2,Age,1,35-44 years,1.4,1999,1,35-44 years,1.5,14.0,NULL
Drug overdose death rates,All drug overdose deaths,0,"Deaths per 100,000 resident population, crude",2,Age,1,35-44 years,1.4,2000,2,35-44 years,1.5,14.3,NULL
Drug overdose death rates,All drug overdose deaths,0,"Deaths per 100,000 resident population, crude",2,Age,1,35-44 years,1.4,2001,3,35-44 years,1.5,15.5,NULL
Drug overdose death rates,All drug overdose deaths,0,"Deaths per 100,000 resident population, crude",2,Age,1,35-44 years,1.4,2002,4,35-44 years,1.5,18.1,NULL
Drug overdose death rates,All drug overdose deaths,0,"Deaths per 100,000 resident population, crude",2,Age,1,35-44 years,1.4,2003,5,35-44 years,1.5,18.9,NULL
Drug overdose death rates,All drug overdose deaths,0,"Deaths per 100,000 resident population, crude",2,Age,1,35-44 years,1.4,2004,6,35-44 years,1.5,19.3,NULL
Drug overdose death rates,All drug overdose deaths,0,"Deaths per 100,000 resident population, crude",2,Age,1,35-44 years,1.4,2005,7,35-44 years,1.5,19.6,NULL
Drug overdose death rates,All drug overdose deaths,0,"Deaths per 100,000 resident population, crude",2,Age,1,35-44 years,1.4,2006,8,35-44 years,1.5,21.7,NULL
Drug overdose death rates,All drug overdose deaths,0,"Deaths per 100,000 resident population, crude",2,Age,1,35-44 years,1.4,2007,9,35-44 years,1.5,21.4,NULL
Drug overdose death rates,All drug overdose deaths,0,"Deaths per 100,000 resident population, crude",2,Age,1,35-44 years,1.4,2008,10,35-44 years,1.5,21.1,NULL
Drug overdose death rates,All drug overdose deaths,0,"Deaths per 100,000 resident population, crude",2,Age,1,35-44 years,1.4,2009,11,35-44 years,1.5,20.5,NULL
Drug overdose death rates,All drug overdose deaths,0,"Deaths per 100,000 resident population, crude",2,Age,1,35-44 years,1.4,2010,12,35-44 years,1.5,20.8,NULL
Drug overdose death rates,All drug overdose deaths,0,"Deaths per 100,000 resident population, crude",2,Age,1,35-44 years,1.4,2011,13,35-44 years,1.5,22.5,NULL
Drug overdose death rates,All drug overdose deaths,0,"Deaths per 100,000 resident population, crude",2,Age,1,35-44 years,1.4,2012,14,35-44 years,1.5,22.1,NULL
Drug overdose death rates,All drug overdose deaths,0,"Deaths per 100,000 resident population, crude",2,Age,1,35-44 years,1.4,2013,15,35-44 years,1.5,23.0,NULL
Drug overdose death rates,All drug overdose deaths,0,"Deaths per 100,000 resident population, crude",2,Age,1,35-44 years,1.4,2014,16,35-44 years,1.5,25.0,NULL
Drug overdose death rates,All drug overdose deaths,0,"Deaths per 100,000 resident population, crude",2,Age,1,35-44 years,1.4,2015,17,35-44 years,1.5,28.3,NULL
Drug overdose death rates,All drug overdose deaths,0,"Deaths per 100,000 resident population, crude",2,Age,1,35-44 years,1.4,2016,18,35-44 years,1.5,35.0,NULL
Drug overdose death rates,All drug overdose deaths,0,"Deaths per 100,000 resident population, crude",2,Age,1,35-44 years,1.4,2017,19,35-44 years,1.5,39.0,NULL
Drug overdose death rates,All drug overdose deaths,0,"Deaths per 100,000 resident population, crude",2,Age,1,45-54 years,1.5,1999,1,45-54 years,1.6,11.1,NULL
Drug overdose death rates,All drug overdose deaths,0,"Deaths per 100,000 resident population, crude",2,Age,1,45-54 years,1.5,2000,2,45-54 years,1.6,11.6,NULL
Drug overdose death rates,All drug overdose deaths,0,"Deaths per 100,000 resident population, crude",2,Age,1,45-54 years,1.5,2001,3,45-54 years,1.6,13.0,NULL
Drug overdose death rates,All drug overdose deaths,0,"Deaths per 100,000 resident population, crude",2,Age,1,45-54 years,1.5,2002,4,45-54 years,1.6,16.2,NULL
Drug overdose death rates,All drug overdose deaths,0,"Deaths per 100,000 resident population, crude",2,Age,1,45-54 years,1.5,2003,5,45-54 years,1.6,17.9,NULL
Drug overdose death rates,All drug overdose deaths,0,"Deaths per 100,000 resident population, crude",2,Age,1,45-54 years,1.5,2004,6,45-54 years,1.6,19.3,NULL
Drug overdose death rates,All drug overdose deaths,0,"Deaths per 100,000 resident population, crude",2,Age,1,45-54 years,1.5,2005,7,45-54 years,1.6,21.1,NULL
Drug overdose death rates,All drug overdose deaths,0,"Deaths per 100,000 resident population, crude",2,Age,1,45-54 years,1.5,2006,8,45-54 years,1.6,24.1,NULL
Drug overdose death rates,All drug overdose deaths,0,"Deaths per 100,000 resident population, crude",2,Age,1,45-54 years,1.5,2007,9,45-54 years,1.6,25.1,NULL
Drug overdose death rates,All drug overdose deaths,0,"Deaths per 100,000 resident population, crude",2,Age,1,45-54 years,1.5,2008,10,45-54 years,1.6,25.2,NULL
Drug overdose death rates,All drug overdose deaths,0,"Deaths per 100,000 resident population, crude",2,Age,1,45-54 years,1.5,2009,11,45-54 years,1.6,25.4,NULL
Drug overdose death rates,All drug overdose deaths,0,"Deaths per 100,000 resident population, crude",2,Age,1,45-54 years,1.5,2010,12,45-54 years,1.6,25.1,NULL
Drug overdose death rates,All drug overdose deaths,0,"Deaths per 100,000 resident population, crude",2,Age,1,45-54 years,1.5,2011,13,45-54 years,1.6,26.7,NULL
Drug overdose death rates,All drug overdose deaths,0,"Deaths per 100,000 resident population, crude",2,Age,1,45-54 years,1.5,2012,14,45-54 years,1.6,26.9,NULL
Drug overdose death rates,All drug overdose deaths,0,"Deaths per 100,000 resident population, crude",2,Age,1,45-54 years,1.5,2013,15,45-54 years,1.6,27.5,NULL
Drug overdose death rates,All drug overdose deaths,0,"Deaths per 100,000 resident population, crude",2,Age,1,45-54 years,1.5,2014,16,45-54 years,1.6,28.2,NULL
Drug overdose death rates,All drug overdose deaths,0,"Deaths per 100,000 resident population, crude",2,Age,1,45-54 years,1.5,2015,17,45-54 years,1.6,30.0,NULL
Drug overdose death rates,All drug overdose deaths,0,"Deaths per 100,000 resident population, crude",2,Age,1,45-54 years,1.5,2016,18,45-54 years,1.6,34.5,NULL
Drug overdose death rates,All drug overdose deaths,0,"Deaths per 100,000 resident population, crude",2,Age,1,45-54 years,1.5,2017,19,45-54 years,1.6,37.7,NULL
Drug overdose death rates,All drug overdose deaths,0,"Deaths per 100,000 resident population, crude",2,Age,1,55-64 years,1.6,1999,1,55-64 years,1.7,4.2,NULL
Drug overdose death rates,All drug overdose deaths,0,"Deaths per 100,000 resident population, crude",2,Age,1,55-64 years,1.6,2000,2,55-64 years,1.7,4.2,NULL
Drug overdose death rates,All drug overdose deaths,0,"Deaths per 100,000 resident population, crude",2,Age,1,55-64 years,1.6,2001,3,55-64 years,1.7,4.7,NULL
Drug overdose death rates,All drug overdose deaths,0,"Deaths per 100,000 resident population, crude",2,Age,1,55-64 years,1.6,2002,4,55-64 years,1.7,6.0,NULL
Drug overdose death rates,All drug overdose deaths,0,"Deaths per 100,000 resident population, crude",2,Age,1,55-64 years,1.6,2003,5,55-64 years,1.7,6.9,NULL
Drug overdose death rates,All drug overdose deaths,0,"Deaths per 100,000 resident population, crude",2,Age,1,55-64 years,1.6,2004,6,55-64 years,1.7,7.8,NULL
Drug overdose death rates,All drug overdose deaths,0,"Deaths per 100,000 resident population, crude",2,Age,1,55-64 years,1.6,2005,7,55-64 years,1.7,9.0,NULL
Drug overdose death rates,All drug overdose deaths,0,"Deaths per 100,000 resident population, crude",2,Age,1,55-64 years,1.6,2006,8,55-64 years,1.7,10.5,NULL
Drug overdose death rates,All drug overdose deaths,0,"Deaths per 100,000 resident population, crude",2,Age,1,55-64 years,1.6,2007,9,55-64 years,1.7,12.2,NULL
Drug overdose death rates,All drug overdose deaths,0,"Deaths per 100,000 resident population, crude",2,Age,1,55-64 years,1.6,2008,10,55-64 years,1.7,12.9,NULL
Drug overdose death rates,All drug overdose deaths,0,"Deaths per 100,000 resident population, crude",2,Age,1,55-64 years,1.6,2009,11,55-64 years,1.7,13.7,NULL
Drug overdose death rates,All drug overdose deaths,0,"Deaths per 100,000 resident population, crude",2,Age,1,55-64 years,1.6,2010,12,55-64 years,1.7,15.0,NULL
Drug overdose death rates,All drug overdose deaths,0,"Deaths per 100,000 resident population, crude",2,Age,1,55-64 years,1.6,2011,13,55-64 years,1.7,15.9,NULL
Drug overdose death rates,All drug overdose deaths,0,"Deaths per 100,000 resident population, crude",2,Age,1,55-64 years,1.6,2012,14,55-64 years,1.7,16.6,NULL
Drug overdose death rates,All drug overdose deaths,0,"Deaths per 100,000 resident population, crude",2,Age,1,55-64 years,1.6,2013,15,55-64 years,1.7,19.2,NULL
Drug overdose death rates,All drug overdose deaths,0,"Deaths per 100,000 resident population, crude",2,Age,1,55-64 years,1.6,2014,16,55-64 years,1.7,20.3,NULL
Drug overdose death rates,All drug overdose deaths,0,"Deaths per 100,000 resident population, crude",2,Age,1,55-64 years,1.6,2015,17,55-64 years,1.7,21.8,NULL
Drug overdose death rates,All drug overdose deaths,0,"Deaths per 100,000 resident population, crude",2,Age,1,55-64 years,1.6,2016,18,55-64 years,1.7,25.6,NULL
Drug overdose death rates,All drug overdose deaths,0,"Deaths per 100,000 resident population, crude",2,Age,***,55-64 years,1.6,2017,19,55-64 years,1.7,28.0,NULL
Drug overdose death rates,All drug overdose deaths,0,"Deaths per 100,000 resident population, crude",2,Age,1,65-74 years,1.7,1999,1,65-74 years,1.8,2.4,NULL
Drug overdose death rates,All drug overdose deaths,0,"Deaths per 100,000 resident population, crude",2,Age,1,65-74 years,1.7,2000,2,65-74 years,1.8,2.0,NULL
Drug overdose death rates,All drug overdose deaths,0,"Deaths per 100,000 resident population, crude",2,Age,1,65-74 years,1.7,2001,3,65-74 years,1.8,2.4,NULL
Drug overdose death rates,All drug overdose deaths,0,"Deaths per 100,000 resident population, crude",2,Age,j1,65-74 years,1.7,2002,4,65-74 years,1.8,2.8,NULL
Drug overdose death rates,All drug overdose deaths,0,"Deaths per 100,000 resident population, crude",2,Age,1,65-74 years,1.7,2003,5,65-74 years,1.8,2.9,NULL
Drug overdose death rates,All drug overdose deaths,0,"Deaths per 100,000 resident population, crude",2,Age,1,65-74 years,1.7,2004,6,65-74 years,1.8,2.9,NULL
Drug overdose death rates,All drug overdose deaths,0,"Deaths per 100,000 resident population, crude",2,Age,1,65-74 years,1.7,2005,7,65-74 years,1.8,3.2,NULL
Drug overdose death rates,All drug overdose deaths,0,"Deaths per 100,000 resident population, crude",2,Age,***,65-74 years,1.7,2006,8,65-74 years,1.8,3.5,NULL
Drug overdose death rates,All drug overdose deaths,0,"Deaths per 100,000 resident population, crude",2,Age,1,65-74 years,1.7,2007,9,65-74 years,1.8,4.0,NULL
Drug overdose death rates,All drug overdose deaths,0,"Deaths per 100,000 resident population, crude",2,Age,1,65-74 years,1.7,2008,10,65-74 years,1.8,4.6,NULL
Drug overdose death rates,All drug overdose deaths,0,"Deaths per 100,000 resident population, crude",2,Age,,65-74 years,1.7,2009,11,65-74 years,1.8,4.7,NULL
Drug overdose death rates,All drug overdose deaths,0,"Deaths per 100,000 resident population, crude",2,Age,,65-74 years,1.7,2010,12,65-74 years,1.8,4.7,NULL
Drug overdose death rates,All drug overdose deaths,0,"Deaths per 100,000 resident population, crude",2,Age,1,65-74 years,1.7,2011,13,65-74 years,1.8,5.4,NULL
Drug overdose death rates,All drug overdose deaths,0,"Deaths per 100,000 resident population, crude",2,Age,,65-74 years,1.7,2012,14,65-74 years,1.8,5.8,NULL
Drug overdose death rates,All drug overdose deaths,0,"Deaths per 100,000 resident population, crude",2,Age,***,65-74 years,1.7,2013,15,65-74 years,1.8,6.4,NULL
Drug overdose death rates,All drug overdose deaths,0,"Deaths per 100,000 resident population, crude",2,Age,1,65-74 years,1.7,2014,16,65-74 years,1.8,6.9,NULL
Drug overdose death rates,All drug overdose deaths,0,"Deaths per 100,000 resident population, crude",2,Age,1,65-74 years,1.7,2015,17,65-74 years,1.8,7.2,NULL
Drug overdose death rates,All drug overdose deaths,0,"Deaths per 100,000 resident population, crude",2,Age,1,65-74 years,1.7,2016,18,65-74 years,1.8,8.2,NULL
Drug overdose death rates,All drug overdose deaths,0,"Deaths per 100,000 resident population, crude",2,Age,1,65-74 years,1.7,2017,19,65-74 years,1.8,9.2,NULL
Drug overdose death rates,All drug overdose deaths,0,"Deaths per 100,000 resident population, crude",2,Age,1,75-84 years,1.8,1999,1,75-84 years,1.9,2.8,NULL
Drug overdose death rates,All drug overdose deaths,0,"Deaths per 100,000 resident population, crude",2,Age,,75-84 years,1.8,2000,2,75-84 years,1.9,2.4,NULL
Drug overdose death rates,All drug overdose deaths,0,"Deaths per 100,000 resident population, crude",2,Age,1,75-84 years,1.8,2001,3,75-84 years,1.9,2.5,NULL
Drug overdose death rates,All drug overdose deaths,0,"Deaths per 100,000 resident population, crude",2,Age,1,75-84 years,1.8,2002,4,75-84 years,1.9,2.8,NULL
Drug overdose death rates,All drug overdose deaths,0,"Deaths per 100,000 resident population, crude",2,Age,1,75-84 years,1.8,2003,5,75-84 years,1.9,2.7,NULL
Drug overdose death rates,All drug overdose deaths,0,"Deaths per 100,000 resident population, crude",2,Age,1,75-84 years,1.8,2004,6,75-84 years,1.9,2.9,NULL
Drug overdose death rates,All drug overdose deaths,0,"Deaths per 100,000 resident population, crude",2,Age,1,75-84 years,1.8,2005,7,75-84 years,1.9,3.1,NULL
Drug overdose death rates,All drug overdose deaths,0,"Deaths per 100,000 resident population, crude",2,Age,s1,75-84 years,1.8,2006,8,75-84 years,1.9,3.3,NULL
Drug overdose death rates,All drug overdose deaths,0,"Deaths per 100,000 resident population, crude",2,Age,1,75-84 years,1.8,2007,9,75-84 years,1.9,3.2,NULL
Drug overdose death rates,All drug overdose deaths,0,"Deaths per 100,000 resident population, crude",2,Age,,75-84 years,1.8,2008,10,75-84 years,1.9,3.3,NULL
Drug overdose death rates,All drug overdose deaths,0,"Deaths per 100,000 resident population, crude",2,Age,1,75-84 years,1.8,2009,11,75-84 years,1.9,3.8,NULL
Drug overdose death rates,All drug overdose deaths,0,"Deaths per 100,000 resident population, crude",2,Age,1,75-84 years,1.8,2010,12,75-84 years,1.9,3.4,NULL
Drug overdose death rates,All drug overdose deaths,0,"Deaths per 100,000 resident population, crude",2,Age,1,75-84 years,1.8,2011,13,75-84 years,1.9,3.4,NULL
Drug overdose death rates,All drug overdose deaths,0,"Deaths per 100,000 resident population, crude",2,Age,1,75-84 years,1.8,2012,14,75-84 years,1.9,3.4,NULL
Drug overdose death rates,All drug overdose deaths,0,"Deaths per 100,000 resident population, crude",2,Age,1,75-84 years,1.8,2013,15,75-84 years,1.9,3.6,NULL
Drug overdose death rates,All drug overdose deaths,0,"Deaths per 100,000 resident population, crude",2,Age,m1,75-84 years,1.8,2014,16,75-84 years,1.9,3.6,NULL
Drug overdose death rates,All drug overdose deaths,0,"Deaths per 100,000 resident population, crude",2,Age,,75-84 years,1.8,2015,17,75-84 years,1.9,3.6,NULL
Drug overdose death rates,All drug overdose deaths,0,"Deaths per 100,000 resident population, crude",2,Age,1,75-84 years,1.8,2016,18,75-84 years,1.9,3.4,NULL
Drug overdose death rates,All drug overdose deaths,0,"Deaths per 100,000 resident population, crude",2,Age,1,75-84 years,1.8,2017,19,75-84 years,1.9,3.6,NULL
Drug overdose death rates,All drug overdose deaths,0,"Deaths per 100,000 resident population, crude",2,Age,1,85 years and over,1.9,1999,1,85 years and over,1.91,3.8,NULL
Drug overdose death rates,All drug overdose deaths,0,"Deaths per 100,000 resident population, crude",2,Age,j1,85 years and over,1.9,2000,2,85 years and over,1.91,4.4,NULL
Drug overdose death rates,All drug overdose deaths,0,"Deaths per 100,000 resident population, crude",2,Age,,85 years and over,1.9,2001,3,85 years and over,1.91,3.7,NULL
Drug overdose death rates,All drug overdose deaths,0,"Deaths per 100,000 resident population, crude",2,Age,y1,85 years and over,1.9,2002,4,85 years and over,1.91,4.4,NULL
Drug overdose death rates,All drug overdose deaths,0,"Deaths per 100,000 resident population, crude",2,Age,1,85 years and over,1.9,2003,5,85 years and over,1.91,4.1,NULL
Drug overdose death rates,All drug overdose deaths,0,"Deaths per 100,000 resident population, crude",2,Age,e1,85 years and over,1.9,2004,6,85 years and over,1.91,4.0,NULL
Drug overdose death rates,All drug overdose deaths,0,"Deaths per 100,000 resident population, crude",2,Age,1,85 years and over,1.9,2005,7,85 years and over,1.91,4.1,NULL
Drug overdose death rates,All drug overdose deaths,0,"Deaths per 100,000 resident population, crude",2,Age,1,85 years and over,1.9,2006,8,85 years and over,1.91,4.4,NULL
Drug overdose death rates,All drug overdose deaths,0,"Deaths per 100,000 resident population, crude",2,Age,,85 years and over,1.9,2007,9,85 years and over,1.91,4.5,NULL
Drug overdose death rates,All drug overdose deaths,0,"Deaths per 100,000 resident population, crude",2,Age,1,85 years and over,1.9,2008,10,85 years and over,1.91,4.1,NULL
Drug overdose death rates,All drug overdose deaths,0,"Deaths per 100,000 resident population, crude",2,Age,1,85 years and over,1.9,2009,11,85 years and over,1.91,4.4,NULL
Drug overdose death rates,All drug overdose deaths,0,"Deaths per 100,000 resident population, crude",2,Age,1,85 years and over,1.9,2010,12,85 years and over,1.91,4.7,NULL
Drug overdose death rates,All drug overdose deaths,0,"Deaths per 100,000 resident population, crude",2,Age,1,85 years and over,1.9,2011,13,85 years and over,1.91,4.2,NULL
Drug overdose death rates,All drug overdose deaths,0,"Deaths per 100,000 resident population, crude",2,Age,***,85 years and over,1.9,2012,14,85 years and over,1.91,4.3,NULL
Drug overdose death rates,All drug overdose deaths,0,"Deaths per 100,000 resident population, crude",2,Age,1,85 years and over,1.9,2013,15,85 years and over,1.91,4.3,NULL
Drug overdose death rates,All drug overdose deaths,0,"Deaths per 100,000 resident population, crude",2,Age,,85 years and over,1.9,2014,16,85 years and over,1.91,4.1,NULL
Drug overdose death rates,All drug overdose deaths,0,"Deaths per 100,000 resident population, crude",2,Age,1,85 years and over,1.9,2015,17,85 years and over,1.91,4.4,NULL
Drug overdose death rates,All drug overdose deaths,0,"Deaths per 100,000 resident population, crude",2,Age,1,85 years and over,1.9,2016,18,85 years and over,1.91,4.0,NULL
Drug overdose death rates,All drug overdose deaths,0,"Deaths per 100,000 resident population, crude",2,Age,1,85 years and over,1.9,2017,19,85 years and over,1.91,4.0,NULL
Drug overdose death rates,All drug overdose deaths,0,"Deaths per 100,000 resident population, crude",2,Sex,2,Male,2.1,1999,1,All ages,1.1,8.2,NULL
Drug overdose death rates,All drug overdose deaths,0,"Deaths per 100,000 resident population, crude",2,Sex,2,Male,2.1,2000,2,All ages,1.1,8.4,NULL
Drug overdose death rates,All drug overdose deaths,0,"Deaths per 100,000 resident population, crude",2,Sex,2,Male,2.1,2001,3,All ages,1.1,9.0,NULL
Drug overdose death rates,All drug overdose deaths,0,"Deaths per 100,000 resident population, crude",2,Sex,2,Male,2.1,2002,4,All ages,1.1,10.6,NULL
Drug overdose death rates,All drug overdose deaths,0,"Deaths per 100,000 resident population, crude",2,Sex,2,Male,2.1,2003,5,All ages,1.1,11.5,NULL
Drug overdose death rates,All drug overdose deaths,0,"Deaths per 100,000 resident population, crude",2,Sex,2,Male,2.1,2004,6,All ages,1.1,11.9,NULL
Drug overdose death rates,All drug overdose deaths,0,"Deaths per 100,000 resident population, crude",2,Sex,2,Male,2.1,2005,7,All ages,1.1,12.9,NULL
Drug overdose death rates,All drug overdose deaths,0,"Deaths per 100,000 resident population, crude",2,Sex,2,Male,2.1,2006,8,All ages,1.1,14.9,NULL
Drug overdose death rates,All drug overdose deaths,0,"Deaths per 100,000 resident population, crude",2,Sex,2,Male,2.1,2007,9,All ages,1.1,15.1,NULL
Drug overdose death rates,All drug overdose deaths,0,"Deaths per 100,000 resident population, crude",2,Sex,2,Male,2.1,2008,10,All ages,1.1,15.0,NULL
Drug overdose death rates,All drug overdose deaths,0,"Deaths per 100,000 resident population, crude",2,Sex,2,Male,2.1,2009,11,All ages,1.1,15.0,NULL
Drug overdose death rates,All drug overdose deaths,0,"Deaths per 100,000 resident population, crude",2,Sex,2,Male,2.1,2010,12,All ages,1.1,15.2,NULL
Drug overdose death rates,All drug overdose deaths,0,"Deaths per 100,000 resident population, crude",2,Sex,2,Male,2.1,2011,13,All ages,1.1,16.3,NULL
Drug overdose death rates,All drug overdose deaths,0,"Deaths per 100,000 resident population, crude",2,Sex,2,Male,2.1,2012,14,All ages,1.1,16.3,NULL
Drug overdose death rates,All drug overdose deaths,0,"Deaths per 100,000 resident population, crude",2,Sex,2,Male,2.1,2013,15,All ages,1.1,17.2,NULL
Drug overdose death rates,All drug overdose deaths,0,"Deaths per 100,000 resident population, crude",2,Sex,2,Male,2.1,2014,16,All ages,1.1,18.4,NULL
Drug overdose death rates,All drug overdose deaths,0,"Deaths per 100,000 resident population, crude",2,Sex,2,Male,2.1,2015,17,All ages,1.1,20.8,NULL
Drug overdose death rates,All drug overdose deaths,0,"Deaths per 100,000 resident population, crude",2,Sex,2,Female,2.2,e1999,1,All ages,1.1,3.9,NULL
Drug overdose death rates,All drug overdose deaths,0,"Deaths per 100,000 resident population, crude",2,Sex,2,Female,2.2,2000,2,All ages,1.1,4.1,NULL
Drug overdose death rates,All drug overdose deaths,0,"Deaths per 100,000 resident population, crude",2,Sex,2,Female,2.2,2001,3,All ages,1.1,4.6,NULL
Drug overdose death rates,All drug overdose deaths,0,"Deaths per 100,000 resident population, crude",2,Sex,2,Female,2.2,2002,4,All ages,1.1,5.8,NULL
Drug overdose death rates,All drug overdose deaths,0,"Deaths per 100,000 resident population, crude",2,Sex,2,Female,2.2,2003,5,All ages,1.1,6.4,NULL
Drug overdose death rates,All drug overdose deaths,0,"Deaths per 100,000 resident population, crude",2,Sex,2,Female,2.2,2004,6,All ages,1.1,6.9,NULL
Drug overdose death rates,All drug overdose deaths,0,"Deaths per 100,000 resident population, crude",2,Sex,2,Female,2.2,2005,7,All ages,1.1,7.4,NULL
Drug overdose death rates,All drug overdose deaths,0,"Deaths per 100,000 resident population, crude",2,Sex,2,Female,2.2,2006,8,All ages,1.1,8.3,NULL
Drug overdose death rates,All drug overdose deaths,0,"Deaths per 100,000 resident population, crude",2,Sex,2,Female,2.2,2007,9,All ages,1.1,9.0,NULL
Drug overdose death rates,All drug overdose deaths,0,"Deaths per 100,000 resident population, crude",2,Sex,2,Female,2.2,2008,10,All ages,1.1,9.0,NULL
Drug overdose death rates,All drug overdose deaths,0,"Deaths per 100,000 resident population, crude",2,Sex,2,Female,2.2,2009,11,All ages,1.1,9.2,NULL
Drug overdose death rates,All drug overdose deaths,0,"Deaths per 100,000 resident population, crude",2,Sex,2,Female,2.2,2010,12,All ages,1.1,9.8,NULL
Drug overdose death rates,All drug overdose deaths,0,"Deaths per 100,000 resident population, crude",2,Sex,2,Female,2.2,2011,13,All ages,1.1,10.3,NULL
Drug overdose death rates,All drug overdose deaths,0,"Deaths per 100,000 resident population, crude",2,Sex,2,Female,2.2,2012,14,All ages,1.1,10.3,NULL
Drug overdose death rates,All drug overdose deaths,0,"Deaths per 100,000 resident population, crude",2,Sex,2,Female,2.2,2013,15,All ages,1.1,10.7,NULL
Drug overdose death rates,All drug overdose deaths,0,"Deaths per 100,000 resident population, crude",2,Sex,2,Female,2.2,2014,16,All ages,1.1,11.3,NULL
Drug overdose death rates,All drug overdose deaths,0,"Deaths per 100,000 resident population, crude",2,Sex,2,Female,2.2,2015,17,All ages,1.1,11.9,NULL
Drug overdose death rates,All drug overdose deaths,0,"Deaths per 100,000 resident population, crude",2,Sex,2,Female,2.2,2016,18,All ages,1.1,13.5,NULL
Drug overdose death rates,All drug overdose deaths,0,"Deaths per 100,000 resident population, crude",2,Sex,2,Female,2.2,2017,19,All ages,1.1,14.3,NULL
Drug overdose death rates,All drug overdose deaths,0,"Deaths per 100,000 resident population, crude",2,Sex and age,3,Male: Under 15 years,3.11,1999,1,Under 15 years,1.2,0.1,NULL
Drug overdose death rates,All drug overdose deaths,0,"Deaths per 100,000 resident population, crude",2,Sex and age,3,Male: Under 15 years,3.11,2000,2,Under 15 years,1.2,0.2,NULL
Drug overdose death rates,All drug overdose deaths,0,"Deaths per 100,000 resident population, crude",2,Sex and age,3,Male: Under 15 years,3.11,2001,3,Under 15 years,1.2,0.2,NULL
Drug overdose death rates,All drug overdose deaths,0,"Deaths per 100,000 resident population, crude",2,Sex and age,3,Male: Under 15 years,3.11,2002,4,Under 15 years,1.2,0.2,NULL
Drug overdose death rates,All drug overdose deaths,0,"Deaths per 100,000 resident population, crude",2,Sex and age,3,Male: Under 15 years,3.11,2003,5,Under 15 years,1.2,0.2,NULL
Drug overdose death rates,All drug overdose deaths,0,"Deaths per 100,000 resident population, crude",2,Sex and age,3,Male: Under 15 years,3.11,2004,6,Under 15 years,1.2,0.2,NULL
Drug overdose death rates,All drug overdose deaths,0,"Deaths per 100,000 resident population, crude",2,Sex and age,3,Male: Under 15 years,3.11,2005,7,Under 15 years,1.2,0.2,NULL
Drug overdose death rates,All drug overdose deaths,0,"Deaths per 100,000 resident population, crude",2,Sex and age,3,Male: Under 15 years,3.11,2006,8,Under 15 years,1.2,0.2,NULL
Drug overdose death rates,All drug overdose deaths,0,"Deaths per 100,000 resident population, crude",2,Sex and age,3,Male: Under 15 years,3.11,2007,9,Under 15 years,1.2,0.3,NULL
Drug overdose death rates,All drug overdose deaths,0,"Deaths per 100,000 resident population, crude",2,Sex and age,3,Male: Under 15 years,3.11,2008,10,Under 15 years,1.2,0.2,NULL
Drug overdose death rates,All drug overdose deaths,0,"Deaths per 100,000 resident population, crude",2,Sex and age,3,Male: Under 15 years,3.11,2009,11,Under 15 years,1.2,0.2,NULL
Drug overdose death rates,All drug overdose deaths,0,"Deaths per 100,000 resident population, crude",2,Sex and age,3,Male: Under 15 years,3.11,2010,12,Under 15 years,1.2,0.3,NULL
Drug overdose death rates,All drug overdose deaths,0,"Deaths per 100,000 resident population, crude",2,Sex and age,3,Male: Under 15 years,3.11,2011,13,Under 15 years,1.2,0.2,NULL
Drug overdose death rates,All drug overdose deaths,0,"Deaths per 100,000 resident population, crude",2,Sex and age,3,Male: Under 15 years,3.11,2012,14,Under 15 years,1.2,0.2,NULL
Drug overdose death rates,All drug overdose deaths,0,"Deaths per 100,000 resident population, crude",2,Sex and age,3,Male: Under 15 years,3.11,2013,15,Under 15 years,1.2,0.2,NULL
Drug overdose death rates,All drug overdose deaths,0,"Deaths per 100,000 resident population, crude",2,Sex and age,3,Male: Under 15 years,3.11,2014,16,Under 15 years,1.2,0.2,NULL
Drug overdose death rates,All drug overdose deaths,0,"Deaths per 100,000 resident population, crude",2,Sex and age,3,Male: Under 15 years,3.11,2015,17,Under 15 years,1.2,0.2,NULL
Drug overdose death rates,All drug overdose deaths,0,"Deaths per 100,000 resident population, crude",2,Sex and age,3,Male: Under 15 years,3.11,2016,18,Under 15 years,1.2,0.2,NULL
Drug overdose death rates,All drug overdose deaths,0,"Deaths per 100,000 resident population, crude",2,Sex and age,3,Male: Under 15 years,3.11,2017,19,Under 15 years,1.2,0.2,NULL
Drug overdose death rates,All drug overdose deaths,0,"Deaths per 100,000 resident population, crude",2,Sex and age,3,Male: 15-24 years,3.12,1999,1,15-24 years,1.3,4.5,NULL
Drug overdose death rates,All drug overdose deaths,0,"Deaths per 100,000 resident population, crude",2,Sex and age,3,Male: 15-24 years,3.12,2000,2,15-24 years,1.3,5.3,NULL
Drug overdose death rates,All drug overdose deaths,0,"Deaths per 100,000 resident population, crude",2,Sex and age,3,Male: 15-24 years,3.12,2001,3,15-24 years,1.3,6.1,NULL
Drug overdose death rates,All drug overdose deaths,0,"Deaths per 100,000 resident population, crude",2,Sex and age,3,Male: 15-24 years,3.12,2002,4,15-24 years,1.3,7.3,NULL
Drug overdose death rates,All drug overdose deaths,0,"Deaths per 100,000 resident population, crude",2,Sex and age,3,Male: 15-24 years,3.12,2003,5,15-24 years,1.3,8.8,NULL
Drug overdose death rates,All drug overdose deaths,0,"Deaths per 100,000 resident population, crude",2,Sex and age,3,Male: 15-24 years,3.12,2004,6,15-24 years,1.3,9.6,NULL
Drug overdose death rates,All drug overdose deaths,0,"Deaths per 100,000 resident population, crude",2,Sex and age,3,Male: 15-24 years,3.12,2005,7,15-24 years,1.3,10.0,NULL
Drug overdose death rates,All drug overdose deaths,0,"Deaths per 100,000 resident population, crude",2,Sex and age,3,Male: 15-24 years,3.12,2006,8,15-24 years,1.3,12.0,NULL
Drug overdose death rates,All drug overdose deaths,0,"Deaths per 100,000 resident population, crude",2,Sex and age,3,Male: 15-24 years,3.12,2007,9,15-24 years,1.3,12.0,NULL
Drug overdose death rates,All drug overdose deaths,0,"Deaths per 100,000 resident population, crude",2,Sex and age,3,Male: 15-24 years,3.12,2008,10,15-24 years,1.3,11.9,NULL
Drug overdose death rates,All drug overdose deaths,0,"Deaths per 100,000 resident population, crude",2,Sex and age,3,Male: 15-24 years,3.12,2009,11,15-24 years,1.3,11.3,NULL
Drug overdose death rates,All drug overdose deaths,0,"Deaths per 100,000 resident population, crude",2,Sex and age,3,Male: 15-24 years,3.12,2010,12,15-24 years,1.3,11.6,NULL
Drug overdose death rates,All drug overdose deaths,0,"Deaths per 100,000 resident population, crude",2,Sex and age,3,Male: 15-24 years,3.12,2011,13,15-24 years,1.3,12.4,NULL
Drug overdose death rates,All drug overdose deaths,0,"Deaths per 100,000 resident population, crude",2,Sex and age,3,Male: 15-24 years,3.12,2012,14,15-24 years,1.3,11.4,NULL
Drug overdose death rates,All drug overdose deaths,0,"Deaths per 100,000 resident population, crude",2,Sex and age,3,Male: 15-24 years,3.12,2013,15,15-24 years,1.3,11.7,NULL
Drug overdose death rates,All drug overdose deaths,0,"Deaths per 100,000 resident population, crude",2,Sex and age,3,Male: 15-24 years,3.12,2014,16,15-24 years,1.3,12.1,NULL
Drug overdose death rates,All drug overdose deaths,0,"Deaths per 100,000 resident population, crude",2,Sex and age,3,Male: 15-24 years,3.12,2015,17,15-24 years,1.3,13.3,NULL
Drug overdose death rates,All drug overdose deaths,0,"Deaths per 100,000 resident population, crude",2,Sex and age,3,Male: 15-24 years,3.12,2016,18,15-24 years,1.3,17.5,NULL
Drug overdose death rates,All drug overdose deaths,0,"Deaths per 100,000 resident population, crude",2,Sex and age,3,Male: 15-24 years,3.12,2017,19,15-24 years,1.3,17.1,NULL
Drug overdose death rates,All drug overdose deaths,0,"Deaths per 100,000 resident population, crude",2,Sex and age,3,Male: 25-34 years,3.13,1999,1,25-34 years,1.4,11.5,NULL
Drug overdose death rates,All drug overdose deaths,0,"Deaths per 100,000 resident population, crude",2,Sex and age,3,Male: 25-34 years,3.13,2000,2,25-34 years,1.4,11.3,NULL
Drug overdose death rates,All drug overdose deaths,0,"Deaths per 100,000 resident population, crude",2,Sex and age,3,Male: 25-34 years,3.13,2001,3,25-34 years,1.4,12.0,NULL
Drug overdose death rates,All drug overdose deaths,0,"Deaths per 100,000 resident population, crude",2,Sex and age,3,Male: 25-34 years,3.13,2002,4,25-34 years,1.4,14.7,NULL
Drug overdose death rates,All drug overdose deaths,0,"Deaths per 100,000 resident population, crude",2,Sex and age,3,Male: 25-34 years,3.13,2003,5,25-34 years,1.4,15.7,NULL
Drug overdose death rates,All drug overdose deaths,0,"Deaths per 100,000 resident population, crude",2,Sex and age,3,Male: 25-34 years,3.13,2004,6,25-34 years,1.4,16.6,NULL
Drug overdose death rates,All drug overdose deaths,0,"Deaths per 100,000 resident population, crude",2,Sex and age,3,Male: 25-34 years,3.13,2005,7,25-34 years,1.4,18.7,NULL
Drug overdose death rates,All drug overdose deaths,0,"Deaths per 100,000 resident population, crude",2,Sex and age,3,Male: 25-34 years,3.13,2006,8,25-34 years,1.4,22.7,NULL
Drug overdose death rates,All drug overdose deaths,0,"Deaths per 100,000 resident population, crude",2,Sex and age,3,Male: 25-34 years,3.13,2007,9,25-34 years,1.4,23.4,NULL
Drug overdose death rates,All drug overdose deaths,0,"Deaths per 100,000 resident population, crude",2,Sex and age,3,Male: 25-34 years,3.13,2008,10,25-34 years,1.4,23.6,NULL
Drug overdose death rates,All drug overdose deaths,0,"Deaths per 100,000 resident population, crude",2,Sex and age,3,Male: 25-34 years,3.13,2009,11,25-34 years,1.4,24.0,NULL
Drug overdose death rates,All drug overdose deaths,0,"Deaths per 100,000 resident population, crude",2,Sex and age,3,Male: 25-34 years,3.13,2010,12,25-34 years,1.4,25.0,NULL
Drug overdose death rates,All drug overdose deaths,0,"Deaths per 100,000 resident population, crude",2,Sex and age,3,Male: 25-34 years,3.13,2011,13,25-34 years,1.4,27.5,NULL
Drug overdose death rates,All drug overdose deaths,0,"Deaths per 100,000 resident population, crude",2,Sex and age,3,Male: 25-34 years,3.13,2012,14,25-34 years,1.4,27.0,NULL
Drug overdose death rates,All drug overdose deaths,0,"Deaths per 100,000 resident population, crude",2,Sex and age,3,Male: 25-34 years,3.13,2013,15,25-34 years,1.4,28.6,NULL
Drug overdose death rates,All drug overdose deaths,0,"Deaths per 100,000 resident population, crude",2,Sex and age,3,Male: 25-34 years,3.13,2014,16,25-34 years,1.4,31.9,NULL
Drug overdose death rates,All drug overdose deaths,0,"Deaths per 100,000 resident population, crude",2,Sex and age,3,Male: 25-34 years,3.13,2015,17,25-34 years,1.4,37.9,NULL
Drug overdose death rates,All drug overdose deaths,0,"Deaths per 100,000 resident population, crude",2,Sex and age,3,Male: 25-34 years,3.13,2016,18,25-34 years,1.4,48.9,NULL
Drug overdose death rates,All drug overdose deaths,0,"Deaths per 100,000 resident population, crude",2,Sex and age,3,Male: 25-34 years,3.13,2017,19,25-34 years,1.4,54.3,NULL
Drug overdose death rates,All drug overdose deaths,0,"Deaths per 100,000 resident population, crude",2,Sex and age,3,Male: 35-44 years,3.14,1999,1,35-44 years,1.5,19.2,NULL
Drug overdose death rates,All drug overdose deaths,0,"Deaths per 100,000 resident population, crude",2,Sex and age,3,Male: 35-44 years,3.14,2000,2,35-44 years,1.5,19.5,NULL
Drug overdose death rates,All drug overdose deaths,0,"Deaths per 100,000 resident population, crude",2,Sex and age,3,Male: 35-44 years,3.14,2001,3,35-44 years,1.5,20.6,NULL
Drug overdose death rates,All drug overdose deaths,0,"Deaths per 100,000 resident population, crude",2,Sex and age,3,Male: 35-44 years,3.14,2002,4,35-44 years,1.5,23.4,NULL
Drug overdose death rates,All drug overdose deaths,0,"Deaths per 100,000 resident population, crude",2,Sex and age,3,Male: 35-44 years,3.14,2003,5,35-44 years,1.5,24.3,NULL
Drug overdose death rates,All drug overdose deaths,0,"Deaths per 100,000 resident population, crude",2,Sex and age,3,Male: 35-44 years,3.14,2004,6,35-44 years,1.5,23.8,NULL
Drug overdose death rates,All drug overdose deaths,0,"Deaths per 100,000 resident population, crude",2,Sex and age,3,Male: 35-44 years,3.14,2005,7,35-44 years,1.5,24.4,NULL
Drug overdose death rates,All drug overdose deaths,0,"Deaths per 100,000 resident population, crude",2,Sex and age,3,Male: 35-44 years,3.14,2006,8,35-44 years,1.5,27.5,NULL
Drug overdose death rates,All drug overdose deaths,0,"Deaths per 100,000 resident population, crude",2,Sex and age,3,Male: 35-44 years,3.14,2007,9,35-44 years,1.5,26.7,NULL
Drug overdose death rates,All drug overdose deaths,0,"Deaths per 100,000 resident population, crude",2,Sex and age,3,Male: 35-44 years,3.14,2008,10,35-44 years,1.5,25.6,NULL
Drug overdose death rates,All drug overdose deaths,0,"Deaths per 100,000 resident population, crude",2,Sex and age,3,Male: 35-44 years,3.14,2009,11,35-44 years,1.5,25.2,NULL
Drug overdose death rates,All drug overdose deaths,0,"Deaths per 100,000 resident population, crude",2,Sex and age,3,Male: 35-44 years,3.14,2010,12,35-44 years,1.5,24.9,NULL
Drug overdose death rates,All drug overdose deaths,0,"Deaths per 100,000 resident population, crude",2,Sex and age,3,Male: 35-44 years,3.14,2011,13,35-44 years,1.5,26.8,NULL
Drug overdose death rates,All drug overdose deaths,0,"Deaths per 100,000 resident population, crude",2,Sex and age,3,Male: 35-44 years,3.14,2012,14,35-44 years,1.5,27.1,NULL
Drug overdose death rates,All drug overdose deaths,0,"Deaths per 100,000 resident population, crude",2,Sex and age,3,Male: 35-44 years,3.14,2013,15,35-44 years,1.5,28.1,NULL
Drug overdose death rates,All drug overdose deaths,0,"Deaths per 100,000 resident population, crude",2,Sex and age,3,Male: 35-44 years,3.14,2014,16,35-44 years,1.5,30.8,NULL
Drug overdose death rates,All drug overdose deaths,0,"Deaths per 100,000 resident population, crude",2,Sex and age,3,Male: 35-44 years,3.14,2015,17,35-44 years,1.5,36.3,NULL
Drug overdose death rates,All drug overdose deaths,0,"Deaths per 100,000 resident population, crude",2,Sex and age,3,Male: 35-44 years,3.14,2016,18,35-44 years,1.5,46.9,NULL
Drug overdose death rates,All drug overdose deaths,0,"Deaths per 100,000 resident population, crude",2,Sex and age,3,Male: 35-44 years,3.14,2017,19,35-44 years,1.5,53.0,NULL
Drug overdose death rates,All drug overdose deaths,0,"Deaths per 100,000 resident population, crude",2,Sex and age,3,Male: 45-54 years,3.15,1999,1,45-54 years,1.6,15.2,NULL
Drug overdose death rates,All drug overdose deaths,0,"Deaths per 100,000 resident population, crude",2,Sex and age,3,Male: 45-54 years,3.15,2000,2,45-54 years,1.6,15.7,NULL
Drug overdose death rates,All drug overdose deaths,0,"Deaths per 100,000 resident population, crude",2,Sex and age,3,Male: 45-54 years,3.15,2001,3,45-54 years,1.6,17.0,NULL
Drug overdose death rates,All drug overdose deaths,0,"Deaths per 100,000 resident population, crude",2,Sex and age,3,Male: 45-54 years,3.15,2002,4,45-54 years,1.6,20.3,NULL
Drug overdose death rates,All drug overdose deaths,0,"Deaths per 100,000 resident population, crude",2,Sex and age,3,Male: 45-54 years,3.15,2003,5,45-54 years,1.6,22.6,NULL
Drug overdose death rates,All drug overdose deaths,0,"Deaths per 100,000 resident population, crude",2,Sex and age,3,Male: 45-54 years,3.15,2004,6,45-54 years,1.6,23.8,NULL
Drug overdose death rates,All drug overdose deaths,0,"Deaths per 100,000 resident population, crude",2,Sex and age,3,Male: 45-54 years,3.15,2005,7,45-54 years,1.6,25.8,NULL
Drug overdose death rates,All drug overdose deaths,0,"Deaths per 100,000 resident population, crude",2,Sex and age,3,Male: 45-54 years,3.15,2006,8,45-54 years,1.6,29.7,NULL
Drug overdose death rates,All drug overdose deaths,0,"Deaths per 100,000 resident population, crude",2,Sex and age,3,Male: 45-54 years,3.15,2007,9,45-54 years,1.6,29.2,NULL
Drug overdose death rates,All drug overdose deaths,0,"Deaths per 100,000 resident population, crude",2,Sex and age,3,Male: 45-54 years,3.15,2008,10,45-54 years,1.6,29.6,NULL
Drug overdose death rates,All drug overdose deaths,0,"Deaths per 100,000 resident population, crude",2,Sex and age,3,Male: 45-54 years,3.15,2009,11,45-54 years,1.6,29.1,NULL
Drug overdose death rates,All drug overdose deaths,0,"Deaths per 100,000 resident population, crude",2,Sex and age,3,Male: 45-54 years,3.15,2010,12,45-54 years,1.6,28.5,NULL
Drug overdose death rates,All drug overdose deaths,0,"Deaths per 100,000 resident population, crude",2,Sex and age,3,Male: 45-54 years,3.15,2011,13,45-54 years,1.6,30.4,NULL
Drug overdose death rates,All drug overdose deaths,0,"Deaths per 100,000 resident population, crude",2,Sex and age,3,Male: 45-54 years,3.15,2012,14,45-54 years,1.6,30.4,NULL
Drug overdose death rates,All drug overdose deaths,0,"Deaths per 100,000 resident population, crude",2,Sex and age,3,Male: 45-54 years,3.15,2013,15,45-54 years,1.6,31.5,NULL
Drug overdose death rates,All drug overdose deaths,0,"Deaths per 100,000 resident population, crude",2,Sex and age,3,Male: 45-54 years,3.15,2014,16,45-54 years,1.6,32.9,NULL
Drug overdose death rates,All drug overdose deaths,0,"Deaths per 100,000 resident population, crude",2,Sex and age,3,Male: 45-54 years,3.15,2015,17,45-54 years,1.6,35.3,NULL
Drug overdose death rates,All drug overdose deaths,0,"Deaths per 100,000 resident population, crude",2,Sex and age,3,Male: 45-54 years,3.15,2016,18,45-54 years,1.6,42.5,NULL
Drug overdose death rates,All drug overdose deaths,0,"Deaths per 100,000 resident population, crude",2,Sex and age,3,Male: 45-54 years,3.15,2017,19,45-54 years,1.6,48.3,NULL
Drug overdose death rates,All drug overdose deaths,0,"Deaths per 100,000 resident population, crude",2,Sex and age,3,Male: 55-64 years,3.16,1999,1,55-64 years,1.7,4.9,NULL
Drug overdose death rates,All drug overdose deaths,0,"Deaths per 100,000 resident population, crude",2,Sex and age,3,Male: 55-64 years,3.16,2000,2,55-64 years,1.7,4.4,NULL
Drug overdose death rates,All drug overdose deaths,0,"Deaths per 100,000 resident population, crude",2,Sex and age,3,Male: 55-64 years,3.16,2001,3,55-64 years,1.7,5.3,NULL
Drug overdose death rates,All drug overdose deaths,0,"Deaths per 100,000 resident population, crude",2,Sex and age,3,Male: 55-64 years,3.16,2002,4,55-64 years,1.7,6.8,NULL
Drug overdose death rates,All drug overdose deaths,0,"Deaths per 100,000 resident population, crude",2,Sex and age,3,Male: 55-64 years,3.16,2003,5,55-64 years,1.7,7.8,NULL
Drug overdose death rates,All drug overdose deaths,0,"Deaths per 100,000 resident population, crude",2,Sex and age,3,Male: 55-64 years,3.16,2004,6,55-64 years,1.7,8.6,NULL
Drug overdose death rates,All drug overdose deaths,0,"Deaths per 100,000 resident population, crude",2,Sex and age,3,Male: 55-64 years,3.16,2005,7,55-64 years,1.7,10.6,NULL
Drug overdose death rates,All drug overdose deaths,0,"Deaths per 100,000 resident population, crude",2,Sex and age,3,Male: 55-64 years,3.16,2006,8,55-64 years,1.7,12.3,NULL
Drug overdose death rates,All drug overdose deaths,0,"Deaths per 100,000 resident population, crude",2,Sex and age,3,Male: 55-64 years,3.16,2007,9,55-64 years,1.7,14.0,NULL
Drug overdose death rates,All drug overdose deaths,0,"Deaths per 100,000 resident population, crude",2,Sex and age,3,Male: 55-64 years,3.16,2008,10,55-64 years,1.7,14.8,NULL
Drug overdose death rates,All drug overdose deaths,0,"Deaths per 100,000 resident population, crude",2,Sex and age,3,Male: 55-64 years,3.16,2009,11,55-64 years,1.7,16.0,NULL
Drug overdose death rates,All drug overdose deaths,0,"Deaths per 100,000 resident population, crude",2,Sex and age,3,Male: 55-64 years,3.16,2010,12,55-64 years,1.7,17.3,NULL
Drug overdose death rates,All drug overdose deaths,0,"Deaths per 100,000 resident population, crude",2,Sex and age,3,Male: 55-64 years,3.16,2011,13,55-64 years,1.7,18.5,NULL
Drug overdose death rates,All drug overdose deaths,0,"Deaths per 100,000 resident population, crude",2,Sex and age,3,Male: 55-64 years,3.16,2012,14,55-64 years,1.7,19.4,NULL
Drug overdose death rates,All drug overdose deaths,0,"Deaths per 100,000 resident population, crude",2,Sex and age,3,Male: 55-64 years,3.16,2013,15,55-64 years,1.7,22.7,NULL
Drug overdose death rates,All drug overdose deaths,0,"Deaths per 100,000 resident population, crude",2,Sex and age,3,Male: 55-64 years,3.16,2014,16,55-64 years,1.7,23.5,NULL
Drug overdose death rates,All drug overdose deaths,0,"Deaths per 100,000 resident population, crude",2,Sex and age,3,Male: 55-64 years,3.16,2015,17,55-64 years,1.7,26.2,NULL
Drug overdose death rates,All drug overdose deaths,0,"Deaths per 100,000 resident population, crude",2,Sex and age,3,Male: 55-64 years,3.16,2016,18,55-64 years,1.7,32.2,NULL
Drug overdose death rates,All drug overdose deaths,0,"Deaths per 100,000 resident population, crude",2,Sex and age,3,Male: 55-64 years,3.16,2017,19,55-64 years,1.7,36.2,NULL
Drug overdose death rates,All drug overdose deaths,0,"Deaths per 100,000 resident population, crude",2,Sex and age,3,Male: 65-74 years,3.17,1999,1,65-74 years,1.8,2.7,NULL
Drug overdose death rates,All drug overdose deaths,0,"Deaths per 100,000 resident population, crude",2,Sex and age,3,Male: 65-74 years,3.17,2000,2,65-74 years,1.8,2.1,NULL
Drug overdose death rates,All drug overdose deaths,0,"Deaths per 100,000 resident population, crude",2,Sex and age,3,Male: 65-74 years,3.17,2001,3,65-74 years,1.8,2.7,NULL
Drug overdose death rates,All drug overdose deaths,0,"Deaths per 100,000 resident population, crude",2,Sex and age,3,Male: 65-74 years,3.17,2002,4,65-74 years,1.8,2.8,NULL
Drug overdose death rates,All drug overdose deaths,0,"Deaths per 100,000 resident population, crude",2,Sex and age,3,Male: 65-74 years,3.17,2003,5,65-74 years,1.8,2.9,NULL
Drug overdose death rates,All drug overdose deaths,0,"Deaths per 100,000 resident population, crude",2,Sex and age,3,Male: 65-74 years,3.17,2004,6,65-74 years,1.8,2.9,NULL
Drug overdose death rates,All drug overdose deaths,0,"Deaths per 100,000 resident population, crude",2,Sex and age,3,Male: 65-74 years,3.17,2005,7,65-74 years,1.8,3.3,NULL
Drug overdose death rates,All drug overdose deaths,0,"Deaths per 100,000 resident population, crude",2,Sex and age,3,Male: 65-74 years,3.17,2006,8,65-74 years,1.8,3.5,NULL
Drug overdose death rates,All drug overdose deaths,0,"Deaths per 100,000 resident population, crude",2,Sex and age,3,Male: 65-74 years,3.17,2007,9,65-74 years,1.8,4.4,NULL
Drug overdose death rates,All drug overdose deaths,0,"Deaths per 100,000 resident population, crude",2,Sex and age,3,Male: 65-74 years,3.17,2008,10,65-74 years,1.8,4.8,NULL
Drug overdose death rates,All drug overdose deaths,0,"Deaths per 100,000 resident population, crude",2,Sex and age,3,Male: 65-74 years,3.17,2009,11,65-74 years,1.8,4.8,NULL
Drug overdose death rates,All drug overdose deaths,0,"Deaths per 100,000 resident population, crude",2,Sex and age,3,Male: 65-74 years,3.17,2010,12,65-74 years,1.8,4.5,NULL
Drug overdose death rates,All drug overdose deaths,0,"Deaths per 100,000 resident population, crude",2,Sex and age,3,Male: 65-74 years,3.17,2011,13,65-74 years,1.8,5.4,NULL
Drug overdose death rates,All drug overdose deaths,0,"Deaths per 100,000 resident population, crude",2,Sex and age,3,Male: 65-74 years,3.17,2012,14,65-74 years,1.8,6.2,NULL
Drug overdose death rates,All drug overdose deaths,0,"Deaths per 100,000 resident population, crude",2,Sex and age,3,Male: 65-74 years,3.17,2013,15,65-74 years,1.8,6.9,NULL
Drug overdose death rates,All drug overdose deaths,0,"Deaths per 100,000 resident population, crude",2,Sex and age,3,Male: 65-74 years,3.17,2014,16,65-74 years,1.8,7.3,NULL
Drug overdose death rates,All drug overdose deaths,0,"Deaths per 100,000 resident population, crude",2,Sex and age,3,Male: 65-74 years,3.17,2015,17,65-74 years,1.8,8.5,NULL
Drug overdose death rates,All drug overdose deaths,0,"Deaths per 100,000 resident population, crude",2,Sex and age,3,Male: 65-74 years,3.17,2016,18,65-74 years,1.8,10.0,NULL
Drug overdose death rates,All drug overdose deaths,0,"Deaths per 100,000 resident population, crude",2,Sex and age,3,Male: 65-74 years,3.17,2017,19,65-74 years,1.8,11.8,NULL
Drug overdose death rates,All drug overdose deaths,0,"Deaths per 100,000 resident population, crude",2,Sex and age,3,Male: 75-84 years,3.18,1999,1,75-84 years,1.9,2.5,NULL
Drug overdose death rates,All drug overdose deaths,0,"Deaths per 100,000 resident population, crude",2,Sex and age,3,Male: 75-84 years,3.18,2000,2,75-84 years,1.9,2.5,NULL
Drug overdose death rates,All drug overdose deaths,0,"Deaths per 100,000 resident population, crude",2,Sex and age,3,Male: 75-84 years,3.18,2001,3,75-84 years,1.9,2.6,NULL
Drug overdose death rates,All drug overdose deaths,0,"Deaths per 100,000 resident population, crude",2,Sex and age,3,Male: 75-84 years,3.18,2002,4,75-84 years,1.9,3.1,NULL
Drug overdose death rates,All drug overdose deaths,0,"Deaths per 100,000 resident population, crude",2,Sex and age,3,Male: 75-84 years,3.18,2003,5,75-84 years,1.9,2.9,NULL
Drug overdose death rates,All drug overdose deaths,0,"Deaths per 100,000 resident population, crude",2,Sex and age,3,Male: 75-84 years,3.18,2004,6,75-84 years,1.9,2.8,NULL
Drug overdose death rates,All drug overdose deaths,0,"Deaths per 100,000 resident population, crude",2,Sex and age,3,Male: 75-84 years,3.18,2005,7,75-84 years,1.9,3.4,NULL
Drug overdose death rates,All drug overdose deaths,0,"Deaths per 100,000 resident population, crude",2,Sex and age,3,Male: 75-84 years,3.18,2006,8,75-84 years,1.9,3.2,NULL
Drug overdose death rates,All drug overdose deaths,0,"Deaths per 100,000 resident population, crude",2,Sex and age,3,Male: 75-84 years,3.18,2007,9,75-84 years,1.9,3.2,NULL
Drug overdose death rates,All drug overdose deaths,0,"Deaths per 100,000 resident population, crude",2,Sex and age,3,Male: 75-84 years,3.18,2008,10,75-84 years,1.9,3.2,NULL
Drug overdose death rates,All drug overdose deaths,0,"Deaths per 100,000 resident population, crude",2,Sex and age,3,Male: 75-84 years,3.18,2009,11,75-84 years,1.9,3.5,NULL
Drug overdose death rates,All drug overdose deaths,0,"Deaths per 100,000 resident population, crude",2,Sex and age,3,Male: 75-84 years,3.18,2010,12,75-84 years,1.9,3.6,NULL
Drug overdose death rates,All drug overdose deaths,0,"Deaths per 100,000 resident population, crude",2,Sex and age,3,Male: 75-84 years,3.18,2011,13,75-84 years,1.9,3.4,NULL
Drug overdose death rates,All drug overdose deaths,0,"Deaths per 100,000 resident population, crude",2,Sex and age,3,Male: 75-84 years,3.18,2012,14,75-84 years,1.9,3.2,NULL
Drug overdose death rates,All drug overdose deaths,0,"Deaths per 100,000 resident population, crude",2,Sex and age,3,Male: 75-84 years,3.18,2013,15,75-84 years,1.9,3.7,NULL
Drug overdose death rates,All drug overdose deaths,0,"Deaths per 100,000 resident population, crude",2,Sex and age,3,Male: 75-84 years,3.18,2014,16,75-84 years,1.9,3.8,NULL
Drug overdose death rates,All drug overdose deaths,0,"Deaths per 100,000 resident population, crude",2,Sex and age,3,Male: 75-84 years,3.18,2015,17,75-84 years,1.9,3.9,NULL
Drug overdose death rates,All drug overdose deaths,0,"Deaths per 100,000 resident population, crude",2,Sex and age,3,Male: 75-84 years,3.18,2016,18,75-84 years,1.9,3.7,NULL
Drug overdose death rates,All drug overdose deaths,0,"Deaths per 100,000 resident population, crude",2,Sex and age,3,Male: 75-84 years,3.18,2017,19,75-84 years,1.9,3.7,NULL
Drug overdose death rates,All drug overdose deaths,0,"Deaths per 100,000 resident population, crude",2,Sex and age,3,Male: 85 years and over,3.19,1999,1,85 years and over,1.91,4.4,NULL
Drug overdose death rates,All drug overdose deaths,0,"Deaths per 100,000 resident population, crude",2,Sex and age,3,Male: 85 years and over,3.19,2000,2,85 years and over,1.91,5.9,NULL
Drug overdose death rates,All drug overdose deaths,0,"Deaths per 100,000 resident population, crude",2,Sex and age,3,Male: 85 years and over,3.19,2001,3,85 years and over,1.91,3.6,NULL
Drug overdose death rates,All drug overdose deaths,0,"Deaths per 100,000 resident population, crude",2,Sex and age,3,Male: 85 years and over,3.19,2002,4,85 years and over,1.91,5.7,NULL
Drug overdose death rates,All drug overdose deaths,0,"Deaths per 100,000 resident population, crude",2,Sex and age,3,Male: 85 years and over,3.19,2003,5,85 years and over,1.91,4.8,NULL
Drug overdose death rates,All drug overdose deaths,0,"Deaths per 100,000 resident population, crude",2,Sex and age,3,Male: 85 years and over,3.19,2004,6,85 years and over,1.91,4.8,NULL
Drug overdose death rates,All drug overdose deaths,0,"Deaths per 100,000 resident population, crude",2,Sex and age,3,Male: 85 years and over,3.19,2005,7,85 years and over,1.91,5.2,NULL
Drug overdose death rates,All drug overdose deaths,0,"Deaths per 100,000 resident population, crude",2,Sex and age,3,Male: 85 years and over,3.19,2006,8,85 years and over,1.91,4.7,NULL
Drug overdose death rates,All drug overdose deaths,0,"Deaths per 100,000 resident population, crude",2,Sex and age,3,Male: 85 years and over,3.19,2007,9,85 years and over,1.91,4.9,NULL
Drug overdose death rates,All drug overdose deaths,0,"Deaths per 100,000 resident population, crude",2,Sex and age,3,Male: 85 years and over,3.19,2008,10,85 years and over,1.91,4.4,NULL
Drug overdose death rates,All drug overdose deaths,0,"Deaths per 100,000 resident population, crude",2,Sex and age,3,Male: 85 years and over,3.19,2009,11,85 years and over,1.91,5.2,NULL
Drug overdose death rates,All drug overdose deaths,0,"Deaths per 100,000 resident population, crude",2,Sex and age,3,Male: 85 years and over,3.19,2010,12,85 years and over,1.91,5.1,NULL
Drug overdose death rates,All drug overdose deaths,0,"Deaths per 100,000 resident population, crude",2,Sex and age,3,Male: 85 years and over,3.19,2011,13,85 years and over,1.91,4.3,NULL
Drug overdose death rates,All drug overdose deaths,0,"Deaths per 100,000 resident population, crude",2,Sex and age,3,Male: 85 years and over,3.19,2012,14,85 years and over,1.91,5.3,NULL
Drug overdose death rates,All drug overdose deaths,0,"Deaths per 100,000 resident population, crude",2,Sex and age,3,Male: 85 years and over,3.19,2013,15,85 years and over,1.91,5.9,NULL
Drug overdose death rates,All drug overdose deaths,0,"Deaths per 100,000 resident population, crude",2,Sex and age,3,Male: 85 years and over,3.19,2014,16,85 years and over,1.91,4.3,NULL
Drug overdose death rates,All drug overdose deaths,0,"Deaths per 100,000 resident population, crude",2,Sex and age,3,Male: 85 years and over,3.19,2015,17,85 years and over,1.91,5.0,NULL
Drug overdose death rates,All drug overdose deaths,0,"Deaths per 100,000 resident population, crude",2,Sex and age,3,Male: 85 years and over,3.19,2016,18,85 years and over,1.91,4.6,NULL
Drug overdose death rates,All drug overdose deaths,0,"Deaths per 100,000 resident population, crude",2,Sex and age,3,Male: 85 years and over,3.19,2017,19,85 years and over,1.91,4.5,NULL
Drug overdose death rates,All drug overdose deaths,0,"Deaths per 100,000 resident population, crude",2,Sex and age,3,Female: Under 15 years,3.21,1999,1,Under 15 years,1.2,0.1,NULL
Drug overdose death rates,All drug overdose deaths,0,"Deaths per 100,000 resident population, crude",2,Sex and age,3,Female: Under 15 years,3.21,2000,2,Under 15 years,1.2,0.1,NULL
Drug overdose death rates,All drug overdose deaths,0,"Deaths per 100,000 resident population, crude",2,Sex and age,3,Female: Under 15 years,3.21,2001,3,Under 15 years,1.2,0.1,NULL
Drug overdose death rates,All drug overdose deaths,0,"Deaths per 100,000 resident population, crude",2,Sex and age,3,Female: Under 15 years,3.21,2002,4,Under 15 years,1.2,0.2,NULL
Drug overdose death rates,All drug overdose deaths,0,"Deaths per 100,000 resident population, crude",2,Sex and age,3,Female: Under 15 years,3.21,2003,5,Under 15 years,1.2,0.1,NULL
Drug overdose death rates,All drug overdose deaths,0,"Deaths per 100,000 resident population, crude",2,Sex and age,3,Female: Under 15 years,3.21,2004,6,Under 15 years,1.2,0.2,NULL
Drug overdose death rates,All drug overdose deaths,0,"Deaths per 100,000 resident population, crude",2,Sex and age,3,Female: Under 15 years,3.21,2005,7,Under 15 years,1.2,0.2,NULL
Drug overdose death rates,All drug overdose deaths,0,"Deaths per 100,000 resident population, crude",2,Sex and age,3,Female: Under 15 years,3.21,2006,8,Under 15 years,1.2,0.2,NULL
Drug overdose death rates,All drug overdose deaths,0,"Deaths per 100,000 resident population, crude",2,Sex and age,3,Female: Under 15 years,3.21,2007,9,Under 15 years,1.2,0.2,NULL
Drug overdose death rates,All drug overdose deaths,0,"Deaths per 100,000 resident population, crude",2,Sex and age,3,Female: Under 15 years,3.21,2008,10,Under 15 years,1.2,0.2,NULL
Drug overdose death rates,All drug overdose deaths,0,"Deaths per 100,000 resident population, crude",2,Sex and age,3,Female: Under 15 years,3.21,2009,11,Under 15 years,1.2,0.2,NULL
Drug overdose death rates,All drug overdose deaths,0,"Deaths per 100,000 resident population, crude",2,Sex and age,3,Female: Under 15 years,3.21,2010,12,Under 15 years,1.2,0.2,NULL
Drug overdose death rates,All drug overdose deaths,0,"Deaths per 100,000 resident population, crude",2,Sex and age,3,Female: Under 15 years,3.21,2011,13,Under 15 years,1.2,0.2,NULL
Drug overdose death rates,All drug overdose deaths,0,"Deaths per 100,000 resident population, crude",2,Sex and age,3,Female: Under 15 years,3.21,2012,14,Under 15 years,1.2,0.2,NULL
Drug overdose death rates,All drug overdose deaths,0,"Deaths per 100,000 resident population, crude",2,Sex and age,3,Female: Under 15 years,3.21,2013,15,Under 15 years,1.2,0.2,NULL
Drug overdose death rates,All drug overdose deaths,0,"Deaths per 100,000 resident population, crude",2,Sex and age,3,Female: Under 15 years,3.21,2014,16,Under 15 years,1.2,0.2,NULL
Drug overdose death rates,All drug overdose deaths,0,"Deaths per 100,000 resident population, crude",2,Sex and age,3,Female: Under 15 years,3.21,2015,17,Under 15 years,1.2,0.3,NULL
Drug overdose death rates,All drug overdose deaths,0,"Deaths per 100,000 resident population, crude",2,Sex and age,3,Female: Under 15 years,3.21,2016,18,Under 15 years,1.2,0.2,NULL
Drug overdose death rates,All drug overdose deaths,0,"Deaths per 100,000 resident population, crude",2,Sex and age,3,Female: Under 15 years,3.21,2017,19,Under 15 years,1.2,0.3,NULL
Drug overdose death rates,All drug overdose deaths,0,"Deaths per 100,000 resident population, crude",2,Sex and age,3,Female: 15-24 years,3.22,1999,1,15-24 years,1.3,1.8,NULL
Drug overdose death rates,All drug overdose deaths,0,"Deaths per 100,000 resident population, crude",2,Sex and age,3,Female: 15-24 years,3.22,2000,2,15-24 years,1.3,1.9,NULL
Drug overdose death rates,All drug overdose deaths,0,"Deaths per 100,000 resident population, crude",2,Sex and age,3,Female: 15-24 years,3.22,2001,3,15-24 years,1.3,2.2,NULL
Drug overdose death rates,All drug overdose deaths,0,"Deaths per 100,000 resident population, crude",2,Sex and age,3,Female: 15-24 years,3.22,2002,4,15-24 years,1.3,2.8,NULL
Drug overdose death rates,All drug overdose deaths,0,"Deaths per 100,000 resident population, crude",2,Sex and age,3,Female: 15-24 years,3.22,2003,5,15-24 years,1.3,3.1,NULL
Drug overdose death rates,All drug overdose deaths,0,"Deaths per 100,000 resident population, crude",2,Sex and age,3,Female: 15-24 years,3.22,2004,6,15-24 years,1.3,3.3,NULL
Drug overdose death rates,All drug overdose deaths,0,"Deaths per 100,000 resident population, crude",2,Sex and age,3,Female: 15-24 years,3.22,2005,7,15-24 years,1.3,3.5,NULL
Drug overdose death rates,All drug overdose deaths,0,"Deaths per 100,000 resident population, crude",2,Sex and age,3,Female: 15-24 years,3.22,2006,8,15-24 years,1.3,3.9,NULL
Drug overdose death rates,All drug overdose deaths,0,"Deaths per 100,000 resident population, crude",2,Sex and age,3,Female: 15-24 years,3.22,2007,9,15-24 years,1.3,4.2,NULL
Drug overdose death rates,All drug overdose deaths,0,"Deaths per 100,000 resident population, crude",2,Sex and age,3,Female: 15-24 years,3.22,2008,10,15-24 years,1.3,4.0,NULL
Drug overdose death rates,All drug overdose deaths,0,"Deaths per 100,000 resident population, crude",2,Sex and age,3,Female: 15-24 years,3.22,2009,11,15-24 years,1.3,4.1,NULL
Drug overdose death rates,All drug overdose deaths,0,"Deaths per 100,000 resident population, crude",2,Sex and age,3,Female: 15-24 years,3.22,2010,12,15-24 years,1.3,4.6,NULL
Drug overdose death rates,All drug overdose deaths,0,"Deaths per 100,000 resident population, crude",2,Sex and age,3,Female: 15-24 years,3.22,2011,13,15-24 years,1.3,4.6,NULL
Drug overdose death rates,All drug overdose deaths,0,"Deaths per 100,000 resident population, crude",2,Sex and age,3,Female: 15-24 years,3.22,2012,14,15-24 years,1.3,4.4,NULL
Drug overdose death rates,All drug overdose deaths,0,"Deaths per 100,000 resident population, crude",2,Sex and age,3,Female: 15-24 years,3.22,2013,15,15-24 years,1.3,4.8,NULL
Drug overdose death rates,All drug overdose deaths,0,"Deaths per 100,000 resident population, crude",2,Sex and age,3,Female: 15-24 years,3.22,2014,16,15-24 years,1.3,5.0,NULL
Drug overdose death rates,All drug overdose deaths,0,"Deaths per 100,000 resident population, crude",2,Sex and age,3,Female: 15-24 years,3.22,2015,17,15-24 years,1.3,5.9,NULL
Drug overdose death rates,All drug overdose deaths,0,"Deaths per 100,000 resident population, crude",2,Sex and age,3,Female: 15-24 years,3.22,2016,18,15-24 years,1.3,7.0,NULL
Drug overdose death rates,All drug overdose deaths,0,"Deaths per 100,000 resident population, crude",2,Sex and age,3,Female: 15-24 years,3.22,2017,19,15-24 years,1.3,7.9,NULL
Drug overdose death rates,All drug overdose deaths,0,"Deaths per 100,000 resident population, crude",2,Sex and age,3,Female: 25-34 years,3.23,1999,1,25-34 years,1.4,4.6,NULL
Drug overdose death rates,All drug overdose deaths,0,"Deaths per 100,000 resident population, crude",2,Sex and age,3,Female: 25-34 years,3.23,2000,2,25-34 years,1.4,4.6,NULL
Drug overdose death rates,All drug overdose deaths,0,"Deaths per 100,000 resident population, crude",2,Sex and age,3,Female: 25-34 years,3.23,2001,3,25-34 years,1.4,5.2,NULL
Drug overdose death rates,All drug overdose deaths,0,"Deaths per 100,000 resident population, crude",2,Sex and age,3,Female: 25-34 years,3.23,2002,4,25-34 years,1.4,6.2,NULL
Drug overdose death rates,All drug overdose deaths,0,"Deaths per 100,000 resident population, crude",2,Sex and age,3,Female: 25-34 years,3.23,2003,5,25-34 years,1.4,7.1,NULL
Drug overdose death rates,All drug overdose deaths,0,"Deaths per 100,000 resident population, crude",2,Sex and age,3,Female: 25-34 years,3.23,2004,6,25-34 years,1.4,7.2,NULL
Drug overdose death rates,All drug overdose deaths,0,"Deaths per 100,000 resident population, crude",2,Sex and age,3,Female: 25-34 years,3.23,2005,7,25-34 years,1.4,8.5,NULL
Drug overdose death rates,All drug overdose deaths,0,"Deaths per 100,000 resident population, crude",2,Sex and age,3,Female: 25-34 years,3.23,2006,8,25-34 years,1.4,9.5,NULL
Drug overdose death rates,All drug overdose deaths,0,"Deaths per 100,000 resident population, crude",2,Sex and age,3,Female: 25-34 years,3.23,2007,9,25-34 years,1.4,10.1,NULL
Drug overdose death rates,All drug overdose deaths,0,"Deaths per 100,000 resident population, crude",2,Sex and age,3,Female: 25-34 years,3.23,2008,10,25-34 years,1.4,9.9,NULL
Drug overdose death rates,All drug overdose deaths,0,"Deaths per 100,000 resident population, crude",2,Sex and age,3,Female: 25-34 years,3.23,2009,11,25-34 years,1.4,10.4,NULL
Drug overdose death rates,All drug overdose deaths,0,"Deaths per 100,000 resident population, crude",2,Sex and age,3,Female: 25-34 years,3.23,2010,12,25-34 years,1.4,11.9,NULL
Drug overdose death rates,All drug overdose deaths,0,"Deaths per 100,000 resident population, crude",2,Sex and age,3,Female: 25-34 years,3.23,2011,13,25-34 years,1.4,12.8,NULL
Drug overdose death rates,All drug overdose deaths,0,"Deaths per 100,000 resident population, crude",2,Sex and age,3,Female: 25-34 years,3.23,2012,14,25-34 years,1.4,13.1,NULL
Drug overdose death rates,All drug overdose deaths,0,"Deaths per 100,000 resident population, crude",2,Sex and age,3,Female: 25-34 years,3.23,2013,15,25-34 years,1.4,13.0,NULL
Drug overdose death rates,All drug overdose deaths,0,"Deaths per 100,000 resident population, crude",2,Sex and age,3,Female: 25-34 years,3.23,2014,16,25-34 years,1.4,14.1,NULL
Drug overdose death rates,All drug overdose deaths,0,"Deaths per 100,000 resident population, crude",2,Sex and age,3,Female: 25-34 years,3.23,2015,17,25-34 years,1.4,15.7,NULL
Drug overdose death rates,All drug overdose deaths,0,"Deaths per 100,000 resident population, crude",2,Sex and age,3,Female: 25-34 years,3.23,2016,18,25-34 years,1.4,19.9,NULL
Drug overdose death rates,All drug overdose deaths,0,"Deaths per 100,000 resident population, crude",2,Sex and age,3,Female: 25-34 years,3.23,2017,19,25-34 years,1.4,22.0,NULL
Drug overdose death rates,All drug overdose deaths,0,"Deaths per 100,000 resident population, crude",2,Sex and age,3,Female: 35-44 years,3.24,1999,1,35-44 years,1.5,8.7,NULL
Drug overdose death rates,All drug overdose deaths,0,"Deaths per 100,000 resident population, crude",2,Sex and age,3,Female: 35-44 years,3.24,2000,2,35-44 years,1.5,9.2,NULL
Drug overdose death rates,All drug overdose deaths,0,"Deaths per 100,000 resident population, crude",2,Sex and age,3,Female: 35-44 years,3.24,2001,3,35-44 years,1.5,10.4,NULL
Drug overdose death rates,All drug overdose deaths,0,"Deaths per 100,000 resident population, crude",2,Sex and age,3,Female: 35-44 years,3.24,2002,4,35-44 years,1.5,12.8,NULL
Drug overdose death rates,All drug overdose deaths,0,"Deaths per 100,000 resident population, crude",2,Sex and age,3,Female: 35-44 years,3.24,2003,5,35-44 years,1.5,13.7,NULL
Drug overdose death rates,All drug overdose deaths,0,"Deaths per 100,000 resident population, crude",2,Sex and age,3,Female: 35-44 years,3.24,2004,6,35-44 years,1.5,14.8,NULL
Drug overdose death rates,All drug overdose deaths,0,"Deaths per 100,000 resident population, crude",2,Sex and age,3,Female: 35-44 years,3.24,2005,7,35-44 years,1.5,14.8,NULL
Drug overdose death rates,All drug overdose deaths,0,"Deaths per 100,000 resident population, crude",2,Sex and age,3,Female: 35-44 years,3.24,2006,8,35-44 years,1.5,15.9,NULL
Drug overdose death rates,All drug overdose deaths,0,"Deaths per 100,000 resident population, crude",2,Sex and age,3,Female: 35-44 years,3.24,2007,9,35-44 years,1.5,16.1,NULL
Drug overdose death rates,All drug overdose deaths,0,"Deaths per 100,000 resident population, crude",2,Sex and age,3,Female: 35-44 years,3.24,2008,10,35-44 years,1.5,16.5,NULL
Drug overdose death rates,All drug overdose deaths,0,"Deaths per 100,000 resident population, crude",2,Sex and age,3,Female: 35-44 years,3.24,2009,11,35-44 years,1.5,16.0,NULL
Drug overdose death rates,All drug overdose deaths,0,"Deaths per 100,000 resident population, crude",2,Sex and age,3,Female: 35-44 years,3.24,2010,12,35-44 years,1.5,16.8,NULL
Drug overdose death rates,All drug overdose deaths,0,"Deaths per 100,000 resident population, crude",2,Sex and age,3,Female: 35-44 years,3.24,2011,13,35-44 years,1.5,18.2,NULL
Drug overdose death rates,All drug overdose deaths,0,"Deaths per 100,000 resident population, crude",2,Sex and age,3,Female: 35-44 years,3.24,2012,14,35-44 years,1.5,17.1,NULL
Drug overdose death rates,All drug overdose deaths,0,"Deaths per 100,000 resident population, crude",2,Sex and age,3,Female: 35-44 years,3.24,2013,15,35-44 years,1.5,18.0,NULL
Drug overdose death rates,All drug overdose deaths,0,"Deaths per 100,000 resident population, crude",2,Sex and age,3,Female: 35-44 years,3.24,2014,16,35-44 years,1.5,19.2,NULL
Drug overdose death rates,All drug overdose deaths,0,"Deaths per 100,000 resident population, crude",2,Sex and age,3,Female: 35-44 years,3.24,2015,17,35-44 years,1.5,20.5,NULL
Drug overdose death rates,All drug overdose deaths,0,"Deaths per 100,000 resident population, crude",2,Sex and age,3,Female: 35-44 years,3.24,2016,18,35-44 years,1.5,23.3,NULL
Drug overdose death rates,All drug overdose deaths,0,"Deaths per 100,000 resident population, crude",2,Sex and age,3,Female: 35-44 years,3.24,2017,19,35-44 years,1.5,25.1,NULL
Drug overdose death rates,All drug overdose deaths,0,"Deaths per 100,000 resident population, crude",2,Sex and age,3,Female: 45-54 years,3.25,1999,1,45-54 years,1.6,7.2,NULL
Drug overdose death rates,All drug overdose deaths,0,"Deaths per 100,000 resident population, crude",2,Sex and age,3,Female: 45-54 years,3.25,2000,2,45-54 years,1.6,7.7,NULL
Drug overdose death rates,All drug overdose deaths,0,"Deaths per 100,000 resident population, crude",2,Sex and age,3,Female: 45-54 years,3.25,2001,3,45-54 years,1.6,9.1,NULL
Drug overdose death rates,All drug overdose deaths,0,"Deaths per 100,000 resident population, crude",2,Sex and age,3,Female: 45-54 years,3.25,2002,4,45-54 years,1.6,12.2,NULL
Drug overdose death rates,All drug overdose deaths,0,"Deaths per 100,000 resident population, crude",2,Sex and age,3,Female: 45-54 years,3.25,2003,5,45-54 years,1.6,13.5,NULL
Drug overdose death rates,All drug overdose deaths,0,"Deaths per 100,000 resident population, crude",2,Sex and age,3,Female: 45-54 years,3.25,2004,6,45-54 years,1.6,15.0,NULL
Drug overdose death rates,All drug overdose deaths,0,"Deaths per 100,000 resident population, crude",2,Sex and age,3,Female: 45-54 years,3.25,2005,7,45-54 years,1.6,16.5,NULL
Drug overdose death rates,All drug overdose deaths,0,"Deaths per 100,000 resident population, crude",2,Sex and age,3,Female: 45-54 years,3.25,2006,8,45-54 years,1.6,18.6,NULL
Drug overdose death rates,All drug overdose deaths,0,"Deaths per 100,000 resident population, crude",2,Sex and age,3,Female: 45-54 years,3.25,2007,9,45-54 years,1.6,21.0,NULL
Drug overdose death rates,All drug overdose deaths,0,"Deaths per 100,000 resident population, crude",2,Sex and age,3,Female: 45-54 years,3.25,2008,10,45-54 years,1.6,21.0,NULL
Drug overdose death rates,All drug overdose deaths,0,"Deaths per 100,000 resident population, crude",2,Sex and age,3,Female: 45-54 years,3.25,2009,11,45-54 years,1.6,21.8,NULL
Drug overdose death rates,All drug overdose deaths,0,"Deaths per 100,000 resident population, crude",2,Sex and age,3,Female: 45-54 years,3.25,2010,12,45-54 years,1.6,21.8,NULL
Drug overdose death rates,All drug overdose deaths,0,"Deaths per 100,000 resident population, crude",2,Sex and age,3,Female: 45-54 years,3.25,2011,13,45-54 years,1.6,23.1,NULL
Drug overdose death rates,All drug overdose deaths,0,"Deaths per 100,000 resident population, crude",2,Sex and age,3,Female: 45-54 years,3.25,2012,14,45-54 years,1.6,23.4,NULL
Drug overdose death rates,All drug overdose deaths,0,"Deaths per 100,000 resident population, crude",2,Sex and age,3,Female: 45-54 years,3.25,2013,15,45-54 years,1.6,23.6,NULL
Drug overdose death rates,All drug overdose deaths,0,"Deaths per 100,000 resident population, crude",2,Sex and age,3,Female: 45-54 years,3.25,2014,16,45-54 years,1.6,23.7,NULL
Drug overdose death rates,All drug overdose deaths,0,"Deaths per 100,000 resident population, crude",2,Sex and age,3,Female: 45-54 years,3.25,2015,17,45-54 years,1.6,24.9,NULL
Drug overdose death rates,All drug overdose deaths,0,"Deaths per 100,000 resident population, crude",2,Sex and age,3,Female: 45-54 years,3.25,2016,18,45-54 years,1.6,26.7,NULL
Drug overdose death rates,All drug overdose deaths,0,"Deaths per 100,000 resident population, crude",2,Sex and age,3,Female: 45-54 years,3.25,2017,19,45-54 years,1.6,27.5,NULL
Drug overdose death rates,All drug overdose deaths,0,"Deaths per 100,000 resident population, crude",2,Sex and age,3,Female: 55-64 years,3.26,1999,1,55-64 years,1.7,3.5,NULL
Drug overdose death rates,All drug overdose deaths,0,"Deaths per 100,000 resident population, crude",2,Sex and age,3,Female: 55-64 years,3.26,2000,2,55-64 years,1.7,3.9,NULL
Drug overdose death rates,All drug overdose deaths,0,"Deaths per 100,000 resident population, crude",2,Sex and age,3,Female: 55-64 years,3.26,2001,3,55-64 years,1.7,4.2,NULL
Drug overdose death rates,All drug overdose deaths,0,"Deaths per 100,000 resident population, crude",2,Sex and age,3,Female: 55-64 years,3.26,2002,4,55-64 years,1.7,5.2,NULL
Drug overdose death rates,All drug overdose deaths,0,"Deaths per 100,000 resident population, crude",2,Sex and age,3,Female: 55-64 years,3.26,2003,5,55-64 years,1.7,6.1,NULL
Drug overdose death rates,All drug overdose deaths,0,"Deaths per 100,000 resident population, crude",2,Sex and age,3,Female: 55-64 years,3.26,2004,6,55-64 years,1.7,7.0,NULL
Drug overdose death rates,All drug overdose deaths,0,"Deaths per 100,000 resident population, crude",2,Sex and age,3,Female: 55-64 years,3.26,2005,7,55-64 years,1.7,7.5,NULL
Drug overdose death rates,All drug overdose deaths,0,"Deaths per 100,000 resident population, crude",2,Sex and age,3,Female: 55-64 years,3.26,2006,8,55-64 years,1.7,8.8,NULL
Drug overdose death rates,All drug overdose deaths,0,"Deaths per 100,000 resident population, crude",2,Sex and age,3,Female: 55-64 years,3.26,2007,9,55-64 years,1.7,10.5,NULL
Drug overdose death rates,All drug overdose deaths,0,"Deaths per 100,000 resident population, crude",2,Sex and age,3,Female: 55-64 years,3.26,2008,10,55-64 years,1.7,11.1,NULL
Drug overdose death rates,All drug overdose deaths,0,"Deaths per 100,000 resident population, crude",2,Sex and age,3,Female: 55-64 years,3.26,2009,11,55-64 years,1.7,11.6,NULL
Drug overdose death rates,All drug overdose deaths,0,"Deaths per 100,000 resident population, crude",2,Sex and age,3,Female: 55-64 years,3.26,2010,12,55-64 years,1.7,12.9,NULL
Drug overdose death rates,All drug overdose deaths,0,"Deaths per 100,000 resident population, crude",2,Sex and age,3,Female: 55-64 years,3.26,2011,13,55-64 years,1.7,13.5,NULL
Drug overdose death rates,All drug overdose deaths,0,"Deaths per 100,000 resident population, crude",2,Sex and age,3,Female: 55-64 years,3.26,2012,14,55-64 years,1.7,14.0,NULL
Drug overdose death rates,All drug overdose deaths,0,"Deaths per 100,000 resident population, crude",2,Sex and age,3,Female: 55-64 years,3.26,2013,15,55-64 years,1.7,15.9,NULL
Drug overdose death rates,All drug overdose deaths,0,"Deaths per 100,000 resident population, crude",2,Sex and age,3,Female: 55-64 years,3.26,2014,16,55-64 years,1.7,17.2,NULL
Drug overdose death rates,All drug overdose deaths,0,"Deaths per 100,000 resident population, crude",2,Sex and age,3,Female: 55-64 years,3.26,2015,17,55-64 years,1.7,17.6,NULL
Drug overdose death rates,All drug overdose deaths,0,"Deaths per 100,000 resident population, crude",2,Sex and age,3,Female: 55-64 years,3.26,2016,18,55-64 years,1.7,19.5,NULL
Drug overdose death rates,All drug overdose deaths,0,"Deaths per 100,000 resident population, crude",2,Sex and age,3,Female: 55-64 years,3.26,2017,19,55-64 years,1.7,20.3,NULL
Drug overdose death rates,All drug overdose deaths,0,"Deaths per 100,000 resident population, crude",2,Sex and age,3,Female: 65-74 years,3.27,1999,1,65-74 years,1.8,2.1,NULL
Drug overdose death rates,All drug overdose deaths,0,"Deaths per 100,000 resident population, crude",2,Sex and age,3,Female: 65-74 years,3.27,2000,2,65-74 years,1.8,2.0,NULL
Drug overdose death rates,All drug overdose deaths,0,"Deaths per 100,000 resident population, crude",2,Sex and age,3,Female: 65-74 years,3.27,2001,3,65-74 years,1.8,2.2,NULL
Drug overdose death rates,All drug overdose deaths,0,"Deaths per 100,000 resident population, crude",2,Sex and age,3,Female: 65-74 years,3.27,2002,4,65-74 years,1.8,2.8,NULL
Drug overdose death rates,All drug overdose deaths,0,"Deaths per 100,000 resident population, crude",2,Sex and age,3,Female: 65-74 years,3.27,2003,5,65-74 years,1.8,2.9,NULL
Drug overdose death rates,All drug overdose deaths,0,"Deaths per 100,000 resident population, crude",2,Sex and age,3,Female: 65-74 years,3.27,2004,6,65-74 years,1.8,3.0,NULL
Drug overdose death rates,All drug overdose deaths,0,"Deaths per 100,000 resident population, crude",2,Sex and age,3,Female: 65-74 years,3.27,2005,7,65-74 years,1.8,3.1,NULL
Drug overdose death rates,All drug overdose deaths,0,"Deaths per 100,000 resident population, crude",2,Sex and age,3,Female: 65-74 years,3.27,2006,8,65-74 years,1.8,3.6,NULL
Drug overdose death rates,All drug overdose deaths,0,"Deaths per 100,000 resident population, crude",2,Sex and age,3,Female: 65-74 years,3.27,2007,9,65-74 years,1.8,3.7,NULL
Drug overdose death rates,All drug overdose deaths,0,"Deaths per 100,000 resident population, crude",2,Sex and age,3,Female: 65-74 years,3.27,2008,10,65-74 years,1.8,4.4,NULL
Drug overdose death rates,All drug overdose deaths,0,"Deaths per 100,000 resident population, crude",2,Sex and age,3,Female: 65-74 years,3.27,2009,11,65-74 years,1.8,4.6,NULL
Drug overdose death rates,All drug overdose deaths,0,"Deaths per 100,000 resident population, crude",2,Sex and age,3,Female: 65-74 years,3.27,2010,12,65-74 years,1.8,4.8,NULL
Drug overdose death rates,All drug overdose deaths,0,"Deaths per 100,000 resident population, crude",2,Sex and age,3,Female: 65-74 years,3.27,2011,13,65-74 years,1.8,5.3,NULL
Drug overdose death rates,All drug overdose deaths,0,"Deaths per 100,000 resident population, crude",2,Sex and age,3,Female: 65-74 years,3.27,2012,14,65-74 years,1.8,5.5,NULL
Drug overdose death rates,All drug overdose deaths,0,"Deaths per 100,000 resident population, crude",2,Sex and age,3,Female: 65-74 years,3.27,2013,15,65-74 years,1.8,5.9,NULL
Drug overdose death rates,All drug overdose deaths,0,"Deaths per 100,000 resident population, crude",2,Sex and age,3,Female: 65-74 years,3.27,2014,16,65-74 years,1.8,6.5,NULL
Drug overdose death rates,All drug overdose deaths,0,"Deaths per 100,000 resident population, crude",2,Sex and age,3,Female: 65-74 years,3.27,2015,17,65-74 years,1.8,6.1,NULL
Drug overdose death rates,All drug overdose deaths,0,"Deaths per 100,000 resident population, crude",2,Sex and age,3,Female: 65-74 years,3.27,2016,18,65-74 years,1.8,6.5,NULL
Drug overdose death rates,All drug overdose deaths,0,"Deaths per 100,000 resident population, crude",2,Sex and age,3,Female: 65-74 years,3.27,2017,19,65-74 years,1.8,7.0,NULL
Drug overdose death rates,All drug overdose deaths,0,"Deaths per 100,000 resident population, crude",2,Sex and age,3,Female: 75-84 years,3.28,199,1,75-84 years,1.9,3.0,NULL
Drug overdose death rates,All drug overdose deaths,0,"Deaths per 100,000 resident population, crude",2,Sex and age,3,Female: 75-84 years,3.28,2000,2,75-84 years,1.9,2.3,NULL
Drug overdose death rates,All drug overdose deaths,0,"Deaths per 100,000 resident population, crude",2,Sex and age,3,Female: 75-84 years,3.28,2001,3,75-84 years,1.9,2.4,NULL
Drug overdose death rates,All drug overdose deaths,0,"Deaths per 100,000 resident population, crude",2,Sex and age,3,Female: 75-84 years,3.28,2002,4,75-84 years,1.9,2.6,NULL
Drug overdose death rates,All drug overdose deaths,0,"Deaths per 100,000 resident population, crude",2,Sex and age,3,Female: 75-84 years,3.28,2003,5,75-84 years,1.9,2.6,NULL
Drug overdose death rates,All drug overdose deaths,0,"Deaths per 100,000 resident population, crude",2,Sex and age,3,Female: 75-84 years,3.28,2004,6,75-84 years,1.9,2.9,NULL
Drug overdose death rates,All drug overdose deaths,0,"Deaths per 100,000 resident population, crude",2,Sex and age,3,Female: 75-84 years,3.28,2005,7,75-84 years,1.9,2.9,NULL
Drug overdose death rates,All drug overdose deaths,0,"Deaths per 100,000 resident population, crude",2,Sex and age,3,Female: 75-84 years,3.28,2006,8,75-84 years,1.9,3.3,NULL
Drug overdose death rates,All drug overdose deaths,0,"Deaths per 100,000 resident population, crude",2,Sex and age,3,Female: 75-84 years,3.28,2007,9,75-84 years,1.9,3.2,NULL
Drug overdose death rates,All drug overdose deaths,0,"Deaths per 100,000 resident population, crude",2,Sex and age,3,Female: 75-84 years,3.28,2008,10,75-84 years,1.9,3.3,NULL
Drug overdose death rates,All drug overdose deaths,0,"Deaths per 100,000 resident population, crude",2,Sex and age,3,Female: 75-84 years,3.28,2009,11,75-84 years,1.9,3.9,NULL
Drug overdose death rates,All drug overdose deaths,0,"Deaths per 100,000 resident population, crude",2,Sex and age,3,Female: 75-84 years,3.28,2010,12,75-84 years,1.9,3.3,NULL
Drug overdose death rates,All drug overdose deaths,0,"Deaths per 100,000 resident population, crude",2,Sex and age,3,Female: 75-84 years,3.28,2011,13,75-84 years,1.9,3.4,NULL
Drug overdose death rates,All drug overdose deaths,0,"Deaths per 100,000 resident population, crude",2,Sex and age,3,Female: 75-84 years,3.28,2012,14,75-84 years,1.9,3.5,NULL
Drug overdose death rates,All drug overdose deaths,0,"Deaths per 100,000 resident population, crude",2,Sex and age,3,Female: 75-84 years,3.28,2013,15,75-84 years,1.9,3.4,NULL
Drug overdose death rates,All drug overdose deaths,0,"Deaths per 100,000 resident population, crude",2,Sex and age,3,Female: 75-84 years,3.28,2014,16,75-84 years,1.9,3.5,NULL
Drug overdose death rates,All drug overdose deaths,0,"Deaths per 100,000 resident population, crude",2,Sex and age,3,Female: 75-84 years,3.28,2015,17,75-84 years,1.9,3.3,NULL
Drug overdose death rates,All drug overdose deaths,0,"Deaths per 100,000 resident population, crude",2,Sex and age,3,Female: 75-84 years,3.28,2016,18,75-84 years,1.9,3.2,NULL
Drug overdose death rates,All drug overdose deaths,0,"Deaths per 100,000 resident population, crude",2,Sex and age,3,Female: 75-84 years,3.28,2017,19,75-84 years,1.9,3.5,NULL
Drug overdose death rates,All drug overdose deaths,0,"Deaths per 100,000 resident population, crude",2,Sex and age,3,Female: 85 years and over,3.29,1999,1,85 years and over,1.91,3.5,NULL
Drug overdose death rates,All drug overdose deaths,0,"Deaths per 100,000 resident population, crude",2,Sex and age,3,Female: 85 years and over,3.29,2000,2,85 years and over,1.91,3.9,NULL
Drug overdose death rates,All drug overdose deaths,0,"Deaths per 100,000 resident population, crude",2,Sex and age,3,Female: 85 years and over,3.29,2001,3,85 years and over,1.91,3.7,NULL
Drug overdose death rates,All drug overdose deaths,0,"Deaths per 100,000 resident population, crude",2,Sex and age,3,Female: 85 years and over,3.29,2002,4,85 years and over,1.91,3.9,NULL
Drug overdose death rates,All drug overdose deaths,0,"Deaths per 100,000 resident population, crude",2,Sex and age,3,Female: 85 years and over,3.29,2003,5,85 years and over,1.91,3.8,NULL
Drug overdose death rates,All drug overdose deaths,0,"Deaths per 100,000 resident population, crude",2,Sex and age,3,Female: 85 years and over,3.29,2004,6,85 years and over,1.91,3.7,NULL
Drug overdose death rates,All drug overdose deaths,0,"Deaths per 100,000 resident population, crude",2,Sex and age,3,Female: 85 years and over,3.29,2005,7,85 years and over,1.91,3.7,NULL
Drug overdose death rates,All drug overdose deaths,0,"Deaths per 100,000 resident population, crude",2,Sex and age,3,Female: 85 years and over,3.29,2006,8,85 years and over,1.91,4.2,NULL
Drug overdose death rates,All drug overdose deaths,0,"Deaths per 100,000 resident population, crude",2,Sex and age,3,Female: 85 years and over,3.29,2007,9,85 years and over,1.91,4.3,NULL
Drug overdose death rates,All drug overdose deaths,0,"Deaths per 100,000 resident population, crude",2,Sex and age,3,Female: 85 years and over,3.29,2008,10,85 years and over,1.91,4.0,NULL
Drug overdose death rates,All drug overdose deaths,0,"Deaths per 100,000 resident population, crude",2,Sex and age,3,Female: 85 years and over,3.29,2009,11,85 years and over,1.91,3.9,NULL
Drug overdose death rates,All drug overdose deaths,0,"Deaths per 100,000 resident population, crude",2,Sex and age,3,Female: 85 years and over,3.29,2010,12,85 years and over,1.91,4.5,NULL
Drug overdose death rates,All drug overdose deaths,0,"Deaths per 100,000 resident population, crude",2,Sex and age,3,Female: 85 years and over,3.29,2011,13,85 years and over,1.91,4.2,NULL
Drug overdose death rates,All drug overdose deaths,0,"Deaths per 100,000 resident population, crude",2,Sex and age,3,Female: 85 years and over,3.29,2012,14,85 years and over,1.91,3.8,NULL
Drug overdose death rates,All drug overdose deaths,0,"Deaths per 100,000 resident population, crude",2,Sex and age,3,Female: 85 years and over,3.29,2013,15,85 years and over,1.91,3.5,NULL
Drug overdose death rates,All drug overdose deaths,0,"Deaths per 100,000 resident population, crude",2,Sex and age,3,Female: 85 years and over,3.29,2014,16,85 years and over,1.91,4.0,NULL
Drug overdose death rates,All drug overdose deaths,0,"Deaths per 100,000 resident population, crude",2,Sex and age,3,Female: 85 years and over,3.29,2015,17,85 years and over,1.91,4.1,NULL
Drug overdose death rates,All drug overdose deaths,0,"Deaths per 100,000 resident population, crude",2,Sex and age,3,Female: 85 years and over,3.29,2016,18,85 years and over,1.91,3.6,NULL
Drug overdose death rates,All drug overdose deaths,0,"Deaths per 100,000 resident population, crude",2,Sex and age,3,Female: 85 years and over,3.29,2017,19,85 years and over,1.91,3.8,NULL
Drug overdose death rates,Drug overdose deaths involving any opioid,1,"Deaths per 100,000 resident population, age-adjusted",1,Total,0,All persons,0.1,1999,1,All ages,1.1,2.9,NULL
Drug overdose death rates,Drug overdose deaths involving any opioid,1,"Deaths per 100,000 resident population, age-adjusted",1,Total,0,All persons,0.1,2000,2,All ages,1.1,3.0,NULL
Drug overdose death rates,Drug overdose deaths involving any opioid,1,"Deaths per 100,000 resident population, age-adjusted",1,Total,,All persons,0.1,2001,3,All ages,1.1,3.3,NULL
Drug overdose death rates,Drug overdose deaths involving any opioid,1,"Deaths per 100,000 resident population, age-adjusted",1,Total,0,All persons,0.1,2002,4,All aegs,1.1,4.1,NULL
Drug overdose death rates,Drug overdose deaths involving any opioid,1,"Deaths per 100,000 resident population, age-adjusted",1,Total,0,All persons,0.1,2003,5,All ages,1.1,4.5,NULL
Drug overdose death rates,Drug overdose deaths involving any opioid,1,"Deaths per 100,000 resident population, age-adjusted",1,Total,0,All persons,0.1,2004,6,Al lages,1.1,4.7,NULL
Drug overdose death rates,Drug overdose deaths involving any opioid,1,"Deaths per 100,000 resident population, age-adjusted",1,Total,a0,All persons,0.1,2005,7,All ages,1.1,5.1,NULL
Drug overdose death rates,Drug overdose deaths involving any opioid,1,"Deaths per 100,000 resident population, age-adjusted",1,Total,0,All persons,0.1,2006,8,All ages,1.1,5.9,NULL
Drug overdose death rates,Drug overdose deaths involving any opioid,1,"Deaths per 100,000 resident population, age-adjusted",1,Total,0,All persons,0.1,2007,9,ll ages,1.1,6.1,NULL
Drug overdose death rates,Drug overdose deaths involving any opioid,1,"Deaths per 100,000 resident population, age-adjusted",1,Total,0,All persons,0.1,2008,10,All ages,1.1,6.4,NULL
Drug overdose death rates,Drug overdose deaths involving any opioid,1,"Deaths per 100,000 resident population, age-adjusted",1,Total,0,All persons,0.1,2009,11,All ages,1.1,6.6,NULL
Drug overdose death rates,Drug overdose deaths involving any opioid,1,"Deaths per 100,000 resident population, age-adjusted",1,Total,f0,All persons,0.1,2010,12,All ages,1.1,6.8,NULL
Drug overdose death rates,Drug overdose deaths involving any opioid,1,"Deaths per 100,000 resident population, age-adjusted",1,Total,0,All persons,0.1,2011,13,All ages,1.1,7.3,NULL
Drug overdose death rates,Drug overdose deaths involving any opioid,1,"Deaths per 100,000 resident population, age-adjusted",1,Total,0,All persons,0.1,2012,14,All ages,1.1,7.4,NULL
Drug overdose death rates,Drug overdose deaths involving any opioid,1,"Deaths per 100,000 resident population, age-adjusted",1,Total,0,All persons,0.1,2013,15,All ages,1.1,7.9,NULL
Drug overdose death rates,Drug overdose deaths involving any opioid,1,"Deaths per 100,000 resident population, age-adjusted",1,Total,0,All persons,0.1,2014,16,All agse,1.1,9.0,NULL
Drug overdose death rates,Drug overdose deaths involving any opioid,1,"Deaths per 100,000 resident population, age-adjusted",1,Total,0,All persons,0.1,2015,17,All ages,1.1,10.4,NULL
Drug overdose death rates,Drug overdose deaths involving any opioid,1,"Deaths per 100,000 resident population, age-adjusted",1,Total,0,All persons,0.1,2016,18,All ages,1.1,13.3,NULL
Drug overdose death rates,Drug overdose deaths involving any opioid,1,"Deaths per 100,000 resident population, age-adjusted",1,Total,0,All persons,0.1,2017,19,Al ages,1.1,14.9,NULL
Drug overdose death rates,Drug overdose deaths involving any opioid,1,"Deaths per 100,000 resident population, age-adjusted",1,Sex,2,Male,2.1,1999,1,All ages,1.1,4.3,NULL
Drug overdose death rates,Drug overdose deaths involving any opioid,1,"Deaths per 100,000 resident population, age-adjusted",1,Sex,2,Male,2.1,2000,2,All ages,1.1,4.4,NULL
Drug overdose death rates,Drug overdose deaths involving any opioid,1,"Deaths per 100,000 resident population, age-adjusted",1,Sex,2,Male,2.1,2001,3,All ages,1.1,4.8,NULL
Drug overdose death rates,Drug overdose deaths involving any opioid,1,"Deaths per 100,000 resident population, age-adjusted",1,Sex,2,Male,2.1,2002,4,All ages,1.1,5.7,NULL
Drug overdose death rates,Drug overdose deaths involving any opioid,1,"Deaths per 100,000 resident population, age-adjusted",1,Sex,2,Male,2.1,2003,5,All ages,1.1,6.1,NULL
Drug overdose death rates,Drug overdose deaths involving any opioid,1,"Deaths per 100,000 resident population, age-adjusted",1,Sex,2,Male,2.1,2004,6,All ages,1.1,6.3,NULL
Drug overdose death rates,Drug overdose deaths involving any opioid,1,"Deaths per 100,000 resident population, age-adjusted",1,Sex,2,Male,2.1,2005,7,All ages,1.1,6.6,NULL
Drug overdose death rates,Drug overdose deaths involving any opioid,1,"Deaths per 100,000 resident population, age-adjusted",1,Sex,2,Male,2.1,2006,8,All ages,1.1,7.8,NULL
Drug overdose death rates,Drug overdose deaths involving any opioid,1,"Deaths per 100,000 resident population, age-adjusted",1,Sex,2,Male,2.1,2007,9,All ages,1.1,8.0,NULL
Drug overdose death rates,Drug overdose deaths involving any opioid,1,"Deaths per 100,000 resident population, age-adjusted",1,Sex,2,Male,2.1,2008,10,All ages,1.1,8.4,NULL
Drug overdose death rates,Drug overdose deaths involving any opioid,1,"Deaths per 100,000 resident population, age-adjusted",1,Sex,2,Male,2.1,2009,11,All ages,1.1,8.7,NULL
Drug overdose death rates,Drug overdose deaths involving any opioid,1,"Deaths per 100,000 resident population, age-adjusted",1,Sex,2,Male,2.1,2010,12,All ages,1.1,8.7,NULL
Drug overdose death rates,Drug overdose deaths involving any opioid,1,"Deaths per 100,000 resident population, age-adjusted",1,Sex,2,Male,2.1,2011,13,All ages,1.1,9.4,NULL
Drug overdose death rates,Drug overdose deaths involving any opioid,1,"Deaths per 100,000 resident population, age-adjusted",1,Sex,2,Male,2.1,2012,14,All ages,1.1,9.5,NULL
Drug overdose death rates,Drug overdose deaths involving any opioid,1,"Deaths per 100,000 resident population, age-adjusted",1,Sex,2,Male,2.1,2013,15,All ages,1.1,10.2,NULL
Drug overdose death rates,Drug overdose deaths involving any opioid,1,"Deaths per 100,000 resident population, age-adjusted",1,Sex,2,Male,2.1,2014,16,All ages,1.1,11.7,NULL
Drug overdose death rates,Drug overdose deaths involving any opioid,1,"Deaths per 100,000 resident population, age-adjusted",1,Sex,2,Male,2.1,2015,17,All ages,1.1,13.7,NULL
Drug overdose death rates,Drug overdose deaths involving any opioid,1,"Deaths per 100,000 resident population, age-adjusted",1,Sex,2,Male,2.1,2016,18,All ages,1.1,18.1,NULL
Drug overdose death rates,Drug overdose deaths involving any opioid,1,"Deaths per 100,000 resident population, age-adjusted",1,Sex,2,Male,2.1,2017,19,All ages,1.1,20.4,NULL
Drug overdose death rates,Drug overdose deaths involving any opioid,1,"Deaths per 100,000 resident population, age-adjusted",1,Sex,2,Female,2.2,1999,1,All ages,1.1,1.4,NULL
Drug overdose death rates,Drug overdose deaths involving any opioid,1,"Deaths per 100,000 resident population, age-adjusted",1,Sex,2,Female,2.2,2000,2,All ages,1.1,1.6,NULL
Drug overdose death rates,Drug overdose deaths involving any opioid,1,"Deaths per 100,000 resident population, age-adjusted",1,Sex,2,Female,2.2,2001,3,All ages,1.1,1.9,NULL
Drug overdose death rates,Drug overdose deaths involving any opioid,1,"Deaths per 100,000 resident population, age-adjusted",1,Sex,2,Female,2.2,2002,4,All ages,1.1,2.6,NULL
Drug overdose death rates,Drug overdose deaths involving any opioid,1,"Deaths per 100,000 resident population, age-adjusted",1,Sex,2,Female,2.2,2003,5,All ages,1.1,2.8,NULL
Drug overdose death rates,Drug overdose deaths involving any opioid,1,"Deaths per 100,000 resident population, age-adjusted",1,Sex,2,Female,2.2,2004,6,All ages,1.1,3.1,NULL
Drug overdose death rates,Drug overdose deaths involving any opioid,1,"Deaths per 100,000 resident population, age-adjusted",1,Sex,2,Female,2.2,2005,7,All ages,1.1,3.4,NULL
Drug overdose death rates,Drug overdose deaths involving any opioid,1,"Deaths per 100,000 resident population, age-adjusted",1,Sex,2,Female,2.2,2006,8,All ages,1.1,3.9,NULL
Drug overdose death rates,Drug overdose deaths involving any opioid,1,"Deaths per 100,000 resident population, age-adjusted",1,Sex,2,Female,2.2,2007,9,All ages,1.1,4.3,NULL
Drug overdose death rates,Drug overdose deaths involving any opioid,1,"Deaths per 100,000 resident population, age-adjusted",1,Sex,2,Female,2.2,2008,10,All ages,1.1,4.4,NULL
Drug overdose death rates,Drug overdose deaths involving any opioid,1,"Deaths per 100,000 resident population, age-adjusted",1,Sex,2,Female,2.2,2009,11,All ages,1.1,4.6,NULL
Drug overdose death rates,Drug overdose deaths involving any opioid,1,"Deaths per 100,000 resident population, age-adjusted",1,Sex,2,Female,2.2,2010,12,All ages,1.1,4.9,NULL
Drug overdose death rates,Drug overdose deaths involving any opioid,1,"Deaths per 100,000 resident population, age-adjusted",1,Sex,2,Female,2.2,2011,13,All ages,1.1,5.2,NULL
Drug overdose death rates,Drug overdose deaths involving any opioid,1,"Deaths per 100,000 resident population, age-adjusted",1,Sex,2,Female,2.2,2012,14,All ages,1.1,5.3,NULL
Drug overdose death rates,Drug overdose deaths involving any opioid,1,"Deaths per 100,000 resident population, age-adjusted",1,Sex,2,Female,2.2,2013,15,All ages,1.1,5.6,NULL
Drug overdose death rates,Drug overdose deaths involving any opioid,1,"Deaths per 100,000 resident population, age-adjusted",1,Sex,2,Female,2.2,2014,16,All ages,1.1,6.3,NULL
Drug overdose death rates,Drug overdose deaths involving any opioid,1,"Deaths per 100,000 resident population, age-adjusted",1,Sex,2,Female,2.2,2015,17,All ages,1.1,7.1,NULL
Drug overdose death rates,Drug overdose deaths involving any opioid,1,"Deaths per 100,000 resident population, age-adjusted",1,Sex,2,Female,2.2,2016,18,All ages,1.1,8.5,NULL
Drug overdose death rates,Drug overdose deaths involving any opioid,1,"Deaths per 100,000 resident population, age-adjusted",1,Sex,2,Female,2.2,2017,19,All ages,1.1,9.4,NULL
Drug overdose death rates,Drug overdose deaths involving any opioid,1,"Deaths per 100,000 resident population, age-adjusted",1,Sex and race,4,Male: White,4.1,1999,1,All ages,1.1,4.4,NULL
Drug overdose death rates,Drug overdose deaths involving any opioid,1,"Deaths per 100,000 resident population, age-adjusted",1,Sex and race,4,Male: White,4.1,2000,2,All ages,1.1,4.5,NULL
Drug overdose death rates,Drug overdose deaths involving any opioid,1,"Deaths per 100,000 resident population, age-adjusted",1,Sex and race,4,Male: White,4.1,2001,3,All ages,1.1,5.0,NULL
Drug overdose death rates,Drug overdose deaths involving any opioid,1,"Deaths per 100,000 resident population, age-adjusted",1,Sex and race,4,Male: White,4.1,2002,4,All ages,1.1,6.1,NULL
Drug overdose death rates,Drug overdose deaths involving any opioid,1,"Deaths per 100,000 resident population, age-adjusted",1,Sex and race,4,Male: White,4.1,2003,5,All ages,1.1,6.7,NULL
Drug overdose death rates,Drug overdose deaths involving any opioid,1,"Deaths per 100,000 resident population, age-adjusted",1,Sex and race,4,Male: White,4.1,2004,6,All ages,1.1,7.0,NULL
Drug overdose death rates,Drug overdose deaths involving any opioid,1,"Deaths per 100,000 resident population, age-adjusted",1,Sex and race,4,Male: White,4.1,2005,7,All ages,1.1,7.4,NULL
Drug overdose death rates,Drug overdose deaths involving any opioid,1,"Deaths per 100,000 resident population, age-adjusted",1,Sex and race,4,Male: White,4.1,2006,8,All ages,1.1,8.7,NULL
Drug overdose death rates,Drug overdose deaths involving any opioid,1,"Deaths per 100,000 resident population, age-adjusted",1,Sex and race,4,Male: White,4.1,2007,9,All ages,1.1,9.1,NULL
Drug overdose death rates,Drug overdose deaths involving any opioid,1,"Deaths per 100,000 resident population, age-adjusted",1,Sex and race,4,Male: White,4.1,2008,10,All ages,1.1,9.7,NULL
Drug overdose death rates,Drug overdose deaths involving any opioid,1,"Deaths per 100,000 resident population, age-adjusted",1,Sex and race,4,Male: White,4.1,2009,11,All ages,1.1,9.9,NULL
Drug overdose death rates,Drug overdose deaths involving any opioid,1,"Deaths per 100,000 resident population, age-adjusted",1,Sex and race,4,Male: White,4.1,2010,12,All ages,1.1,10.1,NULL
Drug overdose death rates,Drug overdose deaths involving any opioid,1,"Deaths per 100,000 resident population, age-adjusted",1,Sex and race,4,Male: White,4.1,2011,13,All ages,1.1,10.8,NULL
Drug overdose death rates,Drug overdose deaths involving any opioid,1,"Deaths per 100,000 resident population, age-adjusted",1,Sex and race,4,Male: White,4.1,2012,14,All ages,1.1,11.0,NULL
Drug overdose death rates,Drug overdose deaths involving any opioid,1,"Deaths per 100,000 resident population, age-adjusted",1,Sex and race,4,Male: White,4.1,2013,15,All ages,1.1,11.7,NULL
Drug overdose death rates,Drug overdose deaths involving any opioid,1,"Deaths per 100,000 resident population, age-adjusted",1,Sex and race,4,Male: White,4.1,2014,16,All ages,1.1,13.4,NULL
Drug overdose death rates,Drug overdose deaths involving any opioid,1,"Deaths per 100,000 resident population, age-adjusted",1,Sex and race,4,Male: White,4.1,2015,17,All ages,1.1,15.8,NULL
Drug overdose death rates,Drug overdose deaths involving any opioid,1,"Deaths per 100,000 resident population, age-adjusted",1,Sex and race,4,Male: White,4.1,2016,18,All ages,1.1,20.4,NULL
Drug overdose death rates,Drug overdose deaths involving any opioid,1,"Deaths per 100,000 resident population, age-adjusted",1,Sex and race,4,Male: White,4.1,2017,19,All ages,1.1,22.7,NULL
Drug overdose death rates,Drug overdose deaths involving any opioid,1,"Deaths per 100,000 resident population, age-adjusted",1,Sex and race,4,Male: White,4.1,2018,20,All ages,1.1,22.0,NULL
Drug overdose death rates,Drug overdose deaths involving any opioid,1,"Deaths per 100,000 resident population, age-adjusted",1,Sex and race,4,Male: Black or African American,4.2,1999,1,All ages,1.1,5.7,NULL
Drug overdose death rates,Drug overdose deaths involving any opioid,1,"Deaths per 100,000 resident population, age-adjusted",1,Sex and race,4,Male: Black or African American,4.2,2000,2,All ages,1.1,5.6,NULL
Drug overdose death rates,Drug overdose deaths involving any opioid,1,"Deaths per 100,000 resident population, age-adjusted",1,Sex and race,4,Male: Black or African American,4.2,2001,3,All ages,1.1,5.3,NULL
Drug overdose death rates,Drug overdose deaths involving any opioid,1,"Deaths per 100,000 resident population, age-adjusted",1,Sex and race,4,Male: Black or African American,4.2,2002,4,All ages,1.1,5.3,NULL
Drug overdose death rates,Drug overdose deaths involving any opioid,1,"Deaths per 100,000 resident population, age-adjusted",1,Sex and race,4,Male: Black or African American,4.2,2003,5,All ages,1.1,5.0,NULL
Drug overdose death rates,Drug overdose deaths involving any opioid,1,"Deaths per 100,000 resident population, age-adjusted",1,Sex and race,4,Male: Black or African American,4.2,2004,6,All ages,1.1,4.4,NULL
Drug overdose death rates,Drug overdose deaths involving any opioid,1,"Deaths per 100,000 resident population, age-adjusted",1,Sex and race,4,Male: Black or African American,4.2,2005,7,All ages,1.1,4.8,NULL
Drug overdose death rates,Drug overdose deaths involving any opioid,1,"Deaths per 100,000 resident population, age-adjusted",1,Sex and race,4,Male: Black or African American,4.2,2006,8,All ages,1.1,6.0,NULL
Drug overdose death rates,Drug overdose deaths involving any opioid,1,"Deaths per 100,000 resident population, age-adjusted",1,Sex and race,4,Male: Black or African American,4.2,2007,9,All ages,1.1,4.6,NULL
Drug overdose death rates,Drug overdose deaths involving any opioid,1,"Deaths per 100,000 resident population, age-adjusted",1,Sex and race,4,Male: Black or African American,4.2,2008,10,All ages,1.1,4.5,NULL
Drug overdose death rates,Drug overdose deaths involving any opioid,1,"Deaths per 100,000 resident population, age-adjusted",1,Sex and race,4,Male: Black or African American,4.2,2009,11,All ages,1.1,4.7,NULL
Drug overdose death rates,Drug overdose deaths involving any opioid,1,"Deaths per 100,000 resident population, age-adjusted",1,Sex and race,4,Male: Black or African American,4.2,2010,12,All ages,1.1,4.1,NULL
Drug overdose death rates,Drug overdose deaths involving any opioid,1,"Deaths per 100,000 resident population, age-adjusted",1,Sex and race,4,Male: Black or African American,4.2,2011,13,All ages,1.1,4.7,NULL
Drug overdose death rates,Drug overdose deaths involving any opioid,1,"Deaths per 100,000 resident population, age-adjusted",1,Sex and race,4,Male: Black or African American,4.2,2012,14,All ages,1.1,5.1,NULL
Drug overdose death rates,Drug overdose deaths involving any opioid,1,"Deaths per 100,000 resident population, age-adjusted",1,Sex and race,4,Male: Black or African American,4.2,2013,15,All ages,1.1,6.3,NULL
Drug overdose death rates,Drug overdose deaths involving any opioid,1,"Deaths per 100,000 resident population, age-adjusted",1,Sex and race,4,Male: Black or African American,4.2,2014,16,All ages,1.1,7.4,NULL
Drug overdose death rates,Drug overdose deaths involving any opioid,1,"Deaths per 100,000 resident population, age-adjusted",1,Sex and race,4,Male: Black or African American,4.2,2015,17,All ages,1.1,9.1,NULL
Drug overdose death rates,Drug overdose deaths involving any opioid,1,"Deaths per 100,000 resident population, age-adjusted",1,Sex and race,4,Male: Black or African American,4.2,2016,18,All ages,1.1,14.7,NULL
Drug overdose death rates,Drug overdose deaths involving any opioid,1,"Deaths per 100,000 resident population, age-adjusted",1,Sex and race,4,Male: Black or African American,4.2,2017,19,All ages,1.1,18.7,NULL
Drug overdose death rates,Drug overdose deaths involving any opioid,1,"Deaths per 100,000 resident population, age-adjusted",1,Sex and race,4,Male: Black or African American,4.2,2018,20,All ages,1.1,20.6,NULL
Drug overdose death rates,Drug overdose deaths involving any opioid,1,"Deaths per 100,000 resident population, age-adjusted",1,Sex and race,4,Male: American Indian or Alaska Native,4.3,1999,1,All ages,1.1,3.2,NULL
Drug overdose death rates,Drug overdose deaths involving any opioid,1,"Deaths per 100,000 resident population, age-adjusted",1,Sex and race,4,Male: American Indian or Alaska Native,4.3,2000,2,All ages,1.1,3.4,NULL
Drug overdose death rates,Drug overdose deaths involving any opioid,1,"Deaths per 100,000 resident population, age-adjusted",1,Sex and race,4,Male: American Indian or Alaska Native,4.3,2001,3,All ages,1.1,3.0,NULL
Drug overdose death rates,Drug overdose deaths involving any opioid,1,"Deaths per 100,000 resident population, age-adjusted",1,Sex and race,4,Male: American Indian or Alaska Native,4.3,2002,4,All ages,1.1,4.4,NULL
Drug overdose death rates,Drug overdose deaths involving any opioid,1,"Deaths per 100,000 resident population, age-adjusted",1,Sex and race,4,Male: American Indian or Alaska Native,4.3,2003,5,All ages,1.1,5.1,NULL
Drug overdose death rates,Drug overdose deaths involving any opioid,1,"Deaths per 100,000 resident population, age-adjusted",1,Sex and race,4,Male: American Indian or Alaska Native,4.3,2004,6,All ages,1.1,6.2,NULL
Drug overdose death rates,Drug overdose deaths involving any opioid,1,"Deaths per 100,000 resident population, age-adjusted",1,Sex and race,4,Male: American Indian or Alaska Native,4.3,2005,7,All ages,1.1,5.7,NULL
Drug overdose death rates,Drug overdose deaths involving any opioid,1,"Deaths per 100,000 resident population, age-adjusted",1,Sex and race,4,Male: American Indian or Alaska Native,4.3,2006,8,All ages,1.1,6.9,NULL
Drug overdose death rates,Drug overdose deaths involving any opioid,1,"Deaths per 100,000 resident population, age-adjusted",1,Sex and race,4,Male: American Indian or Alaska Native,4.3,2007,9,All ages,1.1,5.8,NULL
Drug overdose death rates,Drug overdose deaths involving any opioid,1,"Deaths per 100,000 resident population, age-adjusted",1,Sex and race,4,Male: American Indian or Alaska Native,4.3,2008,10,All ages,1.1,8.0,NULL
Drug overdose death rates,Drug overdose deaths involving any opioid,1,"Deaths per 100,000 resident population, age-adjusted",1,Sex and race,4,Male: American Indian or Alaska Native,4.3,2009,11,All ages,1.1,10.0,NULL
Drug overdose death rates,Drug overdose deaths involving any opioid,1,"Deaths per 100,000 resident population, age-adjusted",1,Sex and race,4,Male: American Indian or Alaska Native,4.3,2010,12,All ages,1.1,6.3,NULL
Drug overdose death rates,Drug overdose deaths involving any opioid,1,"Deaths per 100,000 resident population, age-adjusted",1,Sex and race,4,Male: American Indian or Alaska Native,4.3,2011,13,All ages,1.1,7.2,NULL
Drug overdose death rates,Drug overdose deaths involving any opioid,1,"Deaths per 100,000 resident population, age-adjusted",1,Sex and race,4,Male: American Indian or Alaska Native,4.3,2012,14,All ages,1.1,7.9,NULL
Drug overdose death rates,Drug overdose deaths involving any opioid,1,"Deaths per 100,000 resident population, age-adjusted",1,Sex and race,4,Male: American Indian or Alaska Native,4.3,2013,15,All ages,1.1,7.2,NULL
Drug overdose death rates,Drug overdose deaths involving any opioid,1,"Deaths per 100,000 resident population, age-adjusted",1,Sex and race,4,Male: American Indian or Alaska Native,4.3,2014,16,All ages,1.1,9.7,NULL
Drug overdose death rates,Drug overdose deaths involving any opioid,1,"Deaths per 100,000 resident population, age-adjusted",1,Sex and race,4,Male: American Indian or Alaska Native,4.3,2015,17,All ages,1.1,9.3,NULL
Drug overdose death rates,Drug overdose deaths involving any opioid,1,"Deaths per 100,000 resident population, age-adjusted",1,Sex and race,4,Male: American Indian or Alaska Native,4.3,2016,18,All ages,1.1,10.2,NULL
Drug overdose death rates,Drug overdose deaths involving any opioid,1,"Deaths per 100,000 resident population, age-adjusted",1,Sex and race,4,Male: American Indian or Alaska Native,4.3,2017,19,All ages,1.1,11.9,NULL
Drug overdose death rates,Drug overdose deaths involving any opioid,1,"Deaths per 100,000 resident population, age-adjusted",1,Sex and race,4,Male: American Indian or Alaska Native,4.3,2018,20,All ages,1.1,11.7,NULL
Drug overdose death rates,Drug overdose deaths involving any opioid,1,"Deaths per 100,000 resident population, age-adjusted",1,Sex and race,4,Male: Asian or Pacific Islander,4.4,1999***,1,All ages,1.1,NULL,*
Drug overdose death rates,Drug overdose deaths involving any opioid,1,"Deaths per 100,000 resident population, age-adjusted",1,Sex and race,4,Male: Asian or Pacific Islander,4.4,2000,2,All ages,1.1,0.5,NULL
Drug overdose death rates,Drug overdose deaths involving any opioid,1,"Deaths per 100,000 resident population, age-adjusted",1,Sex and race,4,Male: Asian or Pacific Islander,4.4,2001,3,All ages,1.1,0.4,NULL
Drug overdose death rates,Drug overdose deaths involving any opioid,1,"Deaths per 100,000 resident population, age-adjusted",1,Sex and race,4,Male: Asian or Pacific Islander,4.4,2002,4,All ages,1.1,0.8,NULL
Drug overdose death rates,Drug overdose deaths involving any opioid,1,"Deaths per 100,000 resident population, age-adjusted",1,Sex and race,4,Male: Asian or Pacific Islander,4.4,2003,5,All ages,1.1,0.5,NULL
Drug overdose death rates,Drug overdose deaths involving any opioid,1,"Deaths per 100,000 resident population, age-adjusted",1,Sex and race,4,Male: Asian or Pacific Islander,4.4,2004,6,All ages,1.1,0.7,NULL
Drug overdose death rates,Drug overdose deaths involving any opioid,1,"Deaths per 100,000 resident population, age-adjusted",1,Sex and race,4,Male: Asian or Pacific Islander,4.4,2005,7,All ages,1.1,0.9,NULL
Drug overdose death rates,Drug overdose deaths involving any opioid,1,"Deaths per 100,000 resident population, age-adjusted",1,Sex and race,4,Male: Asian or Pacific Islander,4.4,2006,8,All ages,1.1,0.8,NULL
Drug overdose death rates,Drug overdose deaths involving any opioid,1,"Deaths per 100,000 resident population, age-adjusted",1,Sex and race,4,Male: Asian or Pacific Islander,4.4,2007,9,All ages,1.1,0.7,NULL
Drug overdose death rates,Drug overdose deaths involving any opioid,1,"Deaths per 100,000 resident population, age-adjusted",1,Sex and race,4,Male: Asian or Pacific Islander,4.4,2008,10,All ages,1.1,0.7,NULL
Drug overdose death rates,Drug overdose deaths involving any opioid,1,"Deaths per 100,000 resident population, age-adjusted",1,Sex and race,4,Male: Asian or Pacific Islander,4.4,2009,11,All ages,1.1,0.9,NULL
Drug overdose death rates,Drug overdose deaths involving any opioid,1,"Deaths per 100,000 resident population, age-adjusted",1,Sex and race,4,Male: Asian or Pacific Islander,4.4,2010,12,All ages,1.1,0.9,NULL
Drug overdose death rates,Drug overdose deaths involving any opioid,1,"Deaths per 100,000 resident population, age-adjusted",1,Sex and race,4,Male: Asian or Pacific Islander,4.4,2011,13,All ages,1.1,1.3,NULL
Drug overdose death rates,Drug overdose deaths involving any opioid,1,"Deaths per 100,000 resident population, age-adjusted",1,Sex and race,4,Male: Asian or Pacific Islander,4.4,2012,14,All ages,1.1,1.1,NULL
Drug overdose death rates,Drug overdose deaths involving any opioid,1,"Deaths per 100,000 resident population, age-adjusted",1,Sex and race,4,Male: Asian or Pacific Islander,4.4,2013,15,All ages,1.1,1.3,NULL
Drug overdose death rates,Drug overdose deaths involving any opioid,1,"Deaths per 100,000 resident population, age-adjusted",1,Sex and race,4,Male: Asian or Pacific Islander,4.4,2014,16,All ages,1.1,1.4,NULL
Drug overdose death rates,Drug overdose deaths involving any opioid,1,"Deaths per 100,000 resident population, age-adjusted",1,Sex and race,4,Male: Asian or Pacific Islander,4.4,2015,17,All ages,1.1,1.7,NULL
Drug overdose death rates,Drug overdose deaths involving any opioid,1,"Deaths per 100,000 resident population, age-adjusted",1,Sex and race,4,Male: Asian or Pacific Islander,4.4,2016,18,All ages,1.1,2.3,NULL
Drug overdose death rates,Drug overdose deaths involving any opioid,1,"Deaths per 100,000 resident population, age-adjusted",1,Sex and race,4,Male: Asian or Pacific Islander,4.4,2017,19,All ages,1.1,2.4,NULL
Drug overdose death rates,Drug overdose deaths involving any opioid,1,"Deaths per 100,000 resident population, age-adjusted",1,Sex and race,4,Male: Asian or Pacific Islander,4.4,2018,20,All ages,1.1,2.5,NULL
Drug overdose death rates,Drug overdose deaths involving any opioid,1,"Deaths per 100,000 resident population, age-adjusted",1,Sex and race,4,Female: White,4.5,1n999,1,All ages,1.1,1.5,NULL
Drug overdose death rates,Drug overdose deaths involving any opioid,1,"Deaths per 100,000 resident population, age-adjusted",1,Sex and race,4,Female: White,4.5,2000,2,All ages,1.1,1.7,NULL
Drug overdose death rates,Drug overdose deaths involving any opioid,1,"Deaths per 100,000 resident population, age-adjusted",1,Sex and race,4,Female: White,4.5,2001,3,All ages,1.1,2.1,NULL
Drug overdose death rates,Drug overdose deaths involving any opioid,1,"Deaths per 100,000 resident population, age-adjusted",1,Sex and race,4,Female: White,4.5,2002,4,All ages,1.1,2.8,NULL
Drug overdose death rates,Drug overdose deaths involving any opioid,1,"Deaths per 100,000 resident population, age-adjusted",1,Sex and race,4,Female: White,4.5,2003,5,All ages,1.1,3.1,NULL
Drug overdose death rates,Drug overdose deaths involving any opioid,1,"Deaths per 100,000 resident population, age-adjusted",1,Sex and race,4,Female: White,4.5,2004,6,All ages,1.1,3.5,NULL
Drug overdose death rates,Drug overdose deaths involving any opioid,1,"Deaths per 100,000 resident population, age-adjusted",1,Sex and race,4,Female: White,4.5,2005,7,All ages,1.1,3.8,NULL
Drug overdose death rates,Drug overdose deaths involving any opioid,1,"Deaths per 100,000 resident population, age-adjusted",1,Sex and race,4,Female: White,4.5,2006,8,All ages,1.1,4.4,NULL
Drug overdose death rates,Drug overdose deaths involving any opioid,1,"Deaths per 100,000 resident population, age-adjusted",1,Sex and race,4,Female: White,4.5,2007,9,All ages,1.1,4.9,NULL
Drug overdose death rates,Drug overdose deaths involving any opioid,1,"Deaths per 100,000 resident population, age-adjusted",1,Sex and race,4,Female: White,4.5,2008,10,All ages,1.1,5.0,NULL
Drug overdose death rates,Drug overdose deaths involving any opioid,1,"Deaths per 100,000 resident population, age-adjusted",1,Sex and race,4,Female: White,4.5,2009,11,All ages,1.1,5.3,NULL
Drug overdose death rates,Drug overdose deaths involving any opioid,1,"Deaths per 100,000 resident population, age-adjusted",1,Sex and race,4,Female: White,4.5,2010,12,All ages,1.1,5.6,NULL
Drug overdose death rates,Drug overdose deaths involving any opioid,1,"Deaths per 100,000 resident population, age-adjusted",1,Sex and race,4,Female: White,4.5,2011,13,All ages,1.1,6.1,NULL
Drug overdose death rates,Drug overdose deaths involving any opioid,1,"Deaths per 100,000 resident population, age-adjusted",1,Sex and race,4,Female: White,4.5,2012,14,All ages,1.1,6.1,NULL
Drug overdose death rates,Drug overdose deaths involving any opioid,1,"Deaths per 100,000 resident population, age-adjusted",1,Sex and race,4,Female: White,4.5,2013,15,All ages,1.1,6.6,NULL
Drug overdose death rates,Drug overdose deaths involving any opioid,1,"Deaths per 100,000 resident population, age-adjusted",1,Sex and race,4,Female: White,4.5,2014,16,All ages,1.1,7.4,NULL
Drug overdose death rates,Drug overdose deaths involving any opioid,1,"Deaths per 100,000 resident population, age-adjusted",1,Sex and race,4,Female: White,4.5,2015,17,All ages,1.1,8.2,NULL
Drug overdose death rates,Drug overdose deaths involving any opioid,1,"Deaths per 100,000 resident population, age-adjusted",1,Sex and race,4,Female: White,4.5,2016,18,All ages,1.1,9.7,NULL
Drug overdose death rates,Drug overdose deaths involving any opioid,1,"Deaths per 100,000 resident population, age-adjusted",1,Sex and race,4,Female: White,4.5,2017,19,All ages,1.1,10.7,NULL
Drug overdose death rates,Drug overdose deaths involving any opioid,1,"Deaths per 100,000 resident population, age-adjusted",1,Sex and race,4,Female: White,4.5,2018,20,All ages,1.1,10.2,NULL
Drug overdose death rates,Drug overdose deaths involving any opioid,1,"Deaths per 100,000 resident population, age-adjusted",1,Sex and race,4,Female: Black or African American,4.6,1999,1,All ages,1.1,1.5,NULL
Drug overdose death rates,Drug overdose deaths involving any opioid,1,"Deaths per 100,000 resident population, age-adjusted",1,Sex and race,4,Female: Black or African American,4.6,2000,2,All ages,1.1,1.5,NULL
Drug overdose death rates,Drug overdose deaths involving any opioid,1,"Deaths per 100,000 resident population, age-adjusted",1,Sex and race,4,Female: Black or African American,4.6,2001,3,All ages,1.1,1.6,NULL
Drug overdose death rates,Drug overdose deaths involving any opioid,1,"Deaths per 100,000 resident population, age-adjusted",1,Sex and race,4,Female: Black or African American,4.6,2002,4,All ages,1.1,2.0,NULL
Drug overdose death rates,Drug overdose deaths involving any opioid,1,"Deaths per 100,000 resident population, age-adjusted",1,Sex and race,4,Female: Black or African American,4.6,2003,5,All ages,1.1,2.0,NULL
Drug overdose death rates,Drug overdose deaths involving any opioid,1,"Deaths per 100,000 resident population, age-adjusted",1,Sex and race,4,Female: Black or African American,4.6,2004,6,All ages,1.1,2.0,NULL
Drug overdose death rates,Drug overdose deaths involving any opioid,1,"Deaths per 100,000 resident population, age-adjusted",1,Sex and race,4,Female: Black or African American,4.6,2005,7,All ages,1.1,2.1,NULL
Drug overdose death rates,Drug overdose deaths involving any opioid,1,"Deaths per 100,000 resident population, age-adjusted",1,Sex and race,4,Female: Black or African American,4.6,2006,8,All ages,1.1,2.4,NULL
Drug overdose death rates,Drug overdose deaths involving any opioid,1,"Deaths per 100,000 resident population, age-adjusted",1,Sex and race,4,Female: Black or African American,4.6,2007,9,All ages,1.1,2.4,NULL
Drug overdose death rates,Drug overdose deaths involving any opioid,1,"Deaths per 100,000 resident population, age-adjusted",1,Sex and race,4,Female: Black or African American,4.6,2008,10,All ages,1.1,2.3,NULL
Drug overdose death rates,Drug overdose deaths involving any opioid,1,"Deaths per 100,000 resident population, age-adjusted",1,Sex and race,4,Female: Black or African American,4.6,2009,11,All ages,1.1,2.4,NULL
Drug overdose death rates,Drug overdose deaths involving any opioid,1,"Deaths per 100,000 resident population, age-adjusted",1,Sex and race,4,Female: Black or African American,4.6,2010,12,All ages,1.1,2.5,NULL
Drug overdose death rates,Drug overdose deaths involving any opioid,1,"Deaths per 100,000 resident population, age-adjusted",1,Sex and race,4,Female: Black or African American,4.6,2011,13,All ages,1.1,2.6,NULL
Drug overdose death rates,Drug overdose deaths involving any opioid,1,"Deaths per 100,000 resident population, age-adjusted",1,Sex and race,4,Female: Black or African American,4.6,2012,14,All ages,1.1,2.8,NULL
Drug overdose death rates,Drug overdose deaths involving any opioid,1,"Deaths per 100,000 resident population, age-adjusted",1,Sex and race,4,Female: Black or African American,4.6,2013,15,All ages,1.1,3.0,NULL
Drug overdose death rates,Drug overdose deaths involving any opioid,1,"Deaths per 100,000 resident population, age-adjusted",1,Sex and race,4,Female: Black or African American,4.6,2014,16,All ages,1.1,3.6,NULL
Drug overdose death rates,Drug overdose deaths involving any opioid,1,"Deaths per 100,000 resident population, age-adjusted",1,Sex and race,4,Female: Black or African American,4.6,2015,17,All ages,1.1,4.0,NULL
Drug overdose death rates,Drug overdose deaths involving any opioid,1,"Deaths per 100,000 resident population, age-adjusted",1,Sex and race,4,Female: Black or African American,4.6,2016,18,All ages,1.1,5.9,NULL
Drug overdose death rates,Drug overdose deaths involving any opioid,1,"Deaths per 100,000 resident population, age-adjusted",1,Sex and race,4,Female: Black or African American,4.6,2017,19,All ages,1.1,6.9,NULL
Drug overdose death rates,Drug overdose deaths involving any opioid,1,"Deaths per 100,000 resident population, age-adjusted",1,Sex and race,4,Female: Black or African American,4.6,2018,20,All ages,1.1,7.4,NULL
Drug overdose death rates,Drug overdose deaths involving any opioid,1,"Deaths per 100,000 resident population, age-adjusted",1,Sex and race,4,Female: American Indian or Alaska Native,4.7,1999,1,All ages,1.1,1.9,NULL
Drug overdose death rates,Drug overdose deaths involving any opioid,1,"Deaths per 100,000 resident population, age-adjusted",1,Sex and race,4,Female: American Indian or Alaska Native,4.7,2000,2,All ages,1.1,1.4,NULL
Drug overdose death rates,Drug overdose deaths involving any opioid,1,"Deaths per 100,000 resident population, age-adjusted",1,Sex and race,4,Female: American Indian or Alaska Native,4.7,2001,3,All ages,1.1,2.5,NULL
Drug overdose death rates,Drug overdose deaths involving any opioid,1,"Deaths per 100,000 resident population, age-adjusted",1,Sex and race,4,Female: American Indian or Alaska Native,4.7,2002,4,All ages,1.1,2.6,NULL
Drug overdose death rates,Drug overdose deaths involving any opioid,1,"Deaths per 100,000 resident population, age-adjusted",1,Sex and race,4,Female: American Indian or Alaska Native,4.7,2003,5,All ages,1.1,3.3,NULL
Drug overdose death rates,Drug overdose deaths involving any opioid,1,"Deaths per 100,000 resident population, age-adjusted",1,Sex and race,4,Female: American Indian or Alaska Native,4.7,2004,6,All ages,1.1,3.3,NULL
Drug overdose death rates,Drug overdose deaths involving any opioid,1,"Deaths per 100,000 resident population, age-adjusted",1,Sex and race,4,Female: American Indian or Alaska Native,4.7,2005,7,All ages,1.1,4.6,NULL
Drug overdose death rates,Drug overdose deaths involving any opioid,1,"Deaths per 100,000 resident population, age-adjusted",1,Sex and race,4,Female: American Indian or Alaska Native,4.7,2006,8,All ages,1.1,3.6,NULL
Drug overdose death rates,Drug overdose deaths involving any opioid,1,"Deaths per 100,000 resident population, age-adjusted",1,Sex and race,4,Female: American Indian or Alaska Native,4.7,2007,9,All ages,1.1,5.2,NULL
Drug overdose death rates,Drug overdose deaths involving any opioid,1,"Deaths per 100,000 resident population, age-adjusted",1,Sex and race,4,Female: American Indian or Alaska Native,4.7,2008,10,All ages,1.1,5.2,NULL
Drug overdose death rates,Drug overdose deaths involving any opioid,1,"Deaths per 100,000 resident population, age-adjusted",1,Sex and race,4,Female: American Indian or Alaska Native,4.7,2009,11,All ages,1.1,5.3,NULL
Drug overdose death rates,Drug overdose deaths involving any opioid,1,"Deaths per 100,000 resident population, age-adjusted",1,Sex and race,4,Female: American Indian or Alaska Native,4.7,2010,12,All ages,1.1,5.7,NULL
Drug overdose death rates,Drug overdose deaths involving any opioid,1,"Deaths per 100,000 resident population, age-adjusted",1,Sex and race,4,Female: American Indian or Alaska Native,4.7,2011,13,All ages,1.1,5.9,NULL
Drug overdose death rates,Drug overdose deaths involving any opioid,1,"Deaths per 100,000 resident population, age-adjusted",1,Sex and race,4,Female: American Indian or Alaska Native,4.7,2012,14,All ages,1.1,6.8,NULL
Drug overdose death rates,Drug overdose deaths involving any opioid,1,"Deaths per 100,000 resident population, age-adjusted",1,Sex and race,4,Female: American Indian or Alaska Native,4.7,2013,15,All ages,1.1,6.5,NULL
Drug overdose death rates,Drug overdose deaths involving any opioid,1,"Deaths per 100,000 resident population, age-adjusted",1,Sex and race,4,Female: American Indian or Alaska Native,4.7,2014,16,All ages,1.1,5.8,NULL
Drug overdose death rates,Drug overdose deaths involving any opioid,1,"Deaths per 100,000 resident population, age-adjusted",1,Sex and race,4,Female: American Indian or Alaska Native,4.7,2015,17,All ages,1.1,6.5,NULL
Drug overdose death rates,Drug overdose deaths involving any opioid,1,"Deaths per 100,000 resident population, age-adjusted",1,Sex and race,4,Female: American Indian or Alaska Native,4.7,2016,18,All ages,1.1,7.6,NULL
Drug overdose death rates,Drug overdose deaths involving any opioid,1,"Deaths per 100,000 resident population, age-adjusted",1,Sex and race,4,Female: American Indian or Alaska Native,4.7,2017,19,All ages,1.1,7.5,NULL
Drug overdose death rates,Drug overdose deaths involving any opioid,1,"Deaths per 100,000 resident population, age-adjusted",1,Sex and race,4,Female: American Indian or Alaska Native,4.7,2018,20,All ages,1.1,6.7,NULL
Drug overdose death rates,Drug overdose deaths involving any opioid,1,"Deaths per 100,000 resident population, age-adjusted",1,Sex and race,4,Female: Asian or Pacific Islander,4.8,1999,1,All ages,1.1,NULL,*
Drug overdose death rates,Drug overdose deaths involving any opioid,1,"Deaths per 100,000 resident population, age-adjusted",1,Sex and race,4,Female: Asian or Pacific Islander,4.8,2000,2,All ages,1.1,NULL,*
Drug overdose death rates,Drug overdose deaths involving any opioid,1,"Deaths per 100,000 resident population, age-adjusted",1,Sex and race,4,Female: Asian or Pacific Islander,4.8,2001,3,All ages,1.1,NULL,*
Drug overdose death rates,Drug overdose deaths involving any opioid,1,"Deaths per 100,000 resident population, age-adjusted",1,Sex and race,4,Female: Asian or Pacific Islander,4.8,2002,4,All ages,1.1,NULL,*
Drug overdose death rates,Drug overdose deaths involving any opioid,1,"Deaths per 100,000 resident population, age-adjusted",1,Sex and race,4,Female: Asian or Pacific Islander,4.8,2003,5,All ages,1.1,NULL,*
Drug overdose death rates,Drug overdose deaths involving any opioid,1,"Deaths per 100,000 resident population, age-adjusted",1,Sex and race,4,Female: Asian or Pacific Islander,4.8,2004,6,All ages,1.1,0.3,NULL
Drug overdose death rates,Drug overdose deaths involving any opioid,1,"Deaths per 100,000 resident population, age-adjusted",1,Sex and race,4,Female: Asian or Pacific Islander,4.8,2005,7,All ages,1.1,0.4,NULL
Drug overdose death rates,Drug overdose deaths involving any opioid,1,"Deaths per 100,000 resident population, age-adjusted",1,Sex and race,4,Female: Asian or Pacific Islander,4.8,2006,8,All ages,1.1,0.4,NULL
Drug overdose death rates,Drug overdose deaths involving any opioid,1,"Deaths per 100,000 resident population, age-adjusted",1,Sex and race,4,Female: Asian or Pacific Islander,4.8,2007,9,All ages,1.1,0.4,NULL
Drug overdose death rates,Drug overdose deaths involving any opioid,1,"Deaths per 100,000 resident population, age-adjusted",1,Sex and race,4,Female: Asian or Pacific Islander,4.8,2008,10,All ages,1.1,0.5,NULL
Drug overdose death rates,Drug overdose deaths involving any opioid,1,"Deaths per 100,000 resident population, age-adjusted",1,Sex and race,4,Female: Asian or Pacific Islander,4.8,2009,11,All ages,1.1,0.4,NULL
Drug overdose death rates,Drug overdose deaths involving any opioid,1,"Deaths per 100,000 resident population, age-adjusted",1,Sex and race,4,Female: Asian or Pacific Islander,4.8,2010,12,All ages,1.1,0.5,NULL
Drug overdose death rates,Drug overdose deaths involving any opioid,1,"Deaths per 100,000 resident population, age-adjusted",1,Sex and race,4,Female: Asian or Pacific Islander,4.8,2011,13,All ages,1.1,0.5,NULL
Drug overdose death rates,Drug overdose deaths involving any opioid,1,"Deaths per 100,000 resident population, age-adjusted",1,Sex and race,4,Female: Asian or Pacific Islander,4.8,2012,14,All ages,1.1,0.5,NULL
Drug overdose death rates,Drug overdose deaths involving any opioid,1,"Deaths per 100,000 resident population, age-adjusted",1,Sex and race,4,Female: Asian or Pacific Islander,4.8,2013,15,All ages,1.1,0.4,NULL
Drug overdose death rates,Drug overdose deaths involving any opioid,1,"Deaths per 100,000 resident population, age-adjusted",1,Sex and race,4,Female: Asian or Pacific Islander,4.8,2014,16,All ages,1.1,0.6,NULL
Drug overdose death rates,Drug overdose deaths involving any opioid,1,"Deaths per 100,000 resident population, age-adjusted",1,Sex and race,4,Female: Asian or Pacific Islander,4.8,2015,17,All ages,1.1,0.5,NULL
Drug overdose death rates,Drug overdose deaths involving any opioid,1,"Deaths per 100,000 resident population, age-adjusted",1,Sex and race,4,Female: Asian or Pacific Islander,4.8,2016,18,All ages,1.1,0.8,NULL
Drug overdose death rates,Drug overdose deaths involving any opioid,1,"Deaths per 100,000 resident population, age-adjusted",1,Sex and race,4,Female: Asian or Pacific Islander,4.8,2017,19,All ages,1.1,0.9,NULL
Drug overdose death rates,Drug overdose deaths involving any opioid,1,"Deaths per 100,000 resident population, age-adjusted",1,Sex and race,4,Female: Asian or Pacific Islander,4.8,2018,20,All ages,1.1,0.8,NULL
Drug overdose death rates,Drug overdose deaths involving any opioid,1,"Deaths per 100,000 resident population, age-adjusted",1,Sex and race and Hispanic origin,5,Male: Hispanic or Latino: All races,5.1,1999,1,All ages,1.1,5.8,NULL
Drug overdose death rates,Drug overdose deaths involving any opioid,1,"Deaths per 100,000 resident population, age-adjusted",1,Sex and race and Hispanic origin,5,Male: Hispanic or Latino: All races,5.1,2000,2,All ages,1.1,4.5,NULL
Drug overdose death rates,Drug overdose deaths involving any opioid,1,"Deaths per 100,000 resident population, age-adjusted",1,Sex and race and Hispanic origin,5,Male: Hispanic or Latino: All races,5.1,2001,3,All ages,1.1,4.2,NULL
Drug overdose death rates,Drug overdose deaths involving any opioid,1,"Deaths per 100,000 resident population, age-adjusted",1,Sex and race and Hispanic origin,5,Male: Hispanic or Latino: All races,5.1,2002,4,All ages,1.1,4.8,NULL
Drug overdose death rates,Drug overdose deaths involving any opioid,1,"Deaths per 100,000 resident population, age-adjusted",1,Sex and race and Hispanic origin,5,Male: Hispanic or Latino: All races,5.1,2003,5,All ages,1.1,5.1,NULL
Drug overdose death rates,Drug overdose deaths involving any opioid,1,"Deaths per 100,000 resident population, age-adjusted",1,Sex and race and Hispanic origin,5,Male: Hispanic or Latino: All races,5.1,2004,6,All ages,1.1,4.3,NULL
Drug overdose death rates,Drug overdose deaths involving any opioid,1,"Deaths per 100,000 resident population, age-adjusted",1,Sex and race and Hispanic origin,5,Male: Hispanic or Latino: All races,5.1,2005,7,All ages,1.1,4.5,NULL
Drug overdose death rates,Drug overdose deaths involving any opioid,1,"Deaths per 100,000 resident population, age-adjusted",1,Sex and race and Hispanic origin,5,Male: Hispanic or Latino: All races,5.1,2006,8,All ages,1.1,4.9,NULL
Drug overdose death rates,Drug overdose deaths involving any opioid,1,"Deaths per 100,000 resident population, age-adjusted",1,Sex and race and Hispanic origin,5,Male: Hispanic or Latino: All races,5.1,2007,9,All ages,1.1,4.9,NULL
Drug overdose death rates,Drug overdose deaths involving any opioid,1,"Deaths per 100,000 resident population, age-adjusted",1,Sex and race and Hispanic origin,5,Male: Hispanic or Latino: All races,5.1,2008,10,All ages,1.1,5.1,NULL
Drug overdose death rates,Drug overdose deaths involving any opioid,1,"Deaths per 100,000 resident population, age-adjusted",1,Sex and race and Hispanic origin,5,Male: Hispanic or Latino: All races,5.1,2009,11,All ages,1.1,4.8,NULL
Drug overdose death rates,Drug overdose deaths involving any opioid,1,"Deaths per 100,000 resident population, age-adjusted",1,Sex and race and Hispanic origin,5,Male: Hispanic or Latino: All races,5.1,2010,12,All ages,1.1,4.1,NULL
Drug overdose death rates,Drug overdose deaths involving any opioid,1,"Deaths per 100,000 resident population, age-adjusted",1,Sex and race and Hispanic origin,5,Male: Hispanic or Latino: All races,5.1,2011,13,All ages,1.1,4.6,NULL
Drug overdose death rates,Drug overdose deaths involving any opioid,1,"Deaths per 100,000 resident population, age-adjusted",1,Sex and race and Hispanic origin,5,Male: Hispanic or Latino: All races,5.1,2012,14,All ages,1.1,5.0,NULL
Drug overdose death rates,Drug overdose deaths involving any opioid,1,"Deaths per 100,000 resident population, age-adjusted",1,Sex and race and Hispanic origin,5,Male: Hispanic or Latino: All races,5.1,2013,15,All ages,1.1,5.6,NULL
Drug overdose death rates,Drug overdose deaths involving any opioid,1,"Deaths per 100,000 resident population, age-adjusted",1,Sex and race and Hispanic origin,5,Male: Hispanic or Latino: All races,5.1,2014,16,All ages,1.1,5.7,NULL
Drug overdose death rates,Drug overdose deaths involving any opioid,1,"Deaths per 100,000 resident population, age-adjusted",1,Sex and race and Hispanic origin,5,Male: Hispanic or Latino: All races,5.1,2015,17,All ages,1.1,6.7,NULL
Drug overdose death rates,Drug overdose deaths involving any opioid,1,"Deaths per 100,000 resident population, age-adjusted",1,Sex and race and Hispanic origin,5,Male: Hispanic or Latino: All races,5.1,2016,18,All ages,1.1,9.2,NULL
Drug overdose death rates,Drug overdose deaths involving any opioid,1,"Deaths per 100,000 resident population, age-adjusted",1,Sex and race and Hispanic origin,5,Male: Hispanic or Latino: All races,5.1,2017,19,All ages,1.1,10.5,NULL
Drug overdose death rates,Drug overdose deaths involving any opioid,1,"Deaths per 100,000 resident population, age-adjusted",1,Sex and race and Hispanic origin,5,Male: Hispanic or Latino: All races,5.1,2018,20,All ages,1.1,11.6,NULL
Drug overdose death rates,Drug overdose deaths involving any opioid,1,"Deaths per 100,000 resident population, age-adjusted",1,Sex and race and Hispanic origin,5,Male: Not Hispanic or Latino: White,5.2,9199,1,All ages,1.1,4.1,NULL
Drug overdose death rates,Drug overdose deaths involving any opioid,1,"Deaths per 100,000 resident population, age-adjusted",1,Sex and race and Hispanic origin,5,Male: Not Hispanic or Latino: White,5.2,2000,2,All ages,1.1,4.4,NULL
Drug overdose death rates,Drug overdose deaths involving any opioid,1,"Deaths per 100,000 resident population, age-adjusted",1,Sex and race and Hispanic origin,5,Male: Not Hispanic or Latino: White,5.2,2001,3,All ages,1.1,5.1,NULL
Drug overdose death rates,Drug overdose deaths involving any opioid,1,"Deaths per 100,000 resident population, age-adjusted",1,Sex and race and Hispanic origin,5,Male: Not Hispanic or Latino: White,5.2,2002,4,All ages,1.1,6.4,NULL
Drug overdose death rates,Drug overdose deaths involving any opioid,1,"Deaths per 100,000 resident population, age-adjusted",1,Sex and race and Hispanic origin,5,Male: Not Hispanic or Latino: White,5.2,2003,5,All ages,1.1,7.0,NULL
Drug overdose death rates,Drug overdose deaths involving any opioid,1,"Deaths per 100,000 resident population, age-adjusted",1,Sex and race and Hispanic origin,5,Male: Not Hispanic or Latino: White,5.2,2004,6,All ages,1.1,7.6,NULL
Drug overdose death rates,Drug overdose deaths involving any opioid,1,"Deaths per 100,000 resident population, age-adjusted",1,Sex and race and Hispanic origin,5,Male: Not Hispanic or Latino: White,5.2,2005,7,All ages,1.1,8.0,NULL
Drug overdose death rates,Drug overdose deaths involving any opioid,1,"Deaths per 100,000 resident population, age-adjusted",1,Sex and race and Hispanic origin,5,Male: Not Hispanic or Latino: White,5.2,2006,8,All ages,1.1,9.6,NULL
Drug overdose death rates,Drug overdose deaths involving any opioid,1,"Deaths per 100,000 resident population, age-adjusted",1,Sex and race and Hispanic origin,5,Male: Not Hispanic or Latino: White,5.2,2007,9,All ages,1.1,10.1,NULL
Drug overdose death rates,Drug overdose deaths involving any opioid,1,"Deaths per 100,000 resident population, age-adjusted",1,Sex and race and Hispanic origin,5,Male: Not Hispanic or Latino: White,5.2,2008,10,All ages,1.1,10.8,NULL
Drug overdose death rates,Drug overdose deaths involving any opioid,1,"Deaths per 100,000 resident population, age-adjusted",1,Sex and race and Hispanic origin,5,Male: Not Hispanic or Latino: White,5.2,2009,11,All ages,1.1,11.1,NULL
Drug overdose death rates,Drug overdose deaths involving any opioid,1,"Deaths per 100,000 resident population, age-adjusted",1,Sex and race and Hispanic origin,5,Male: Not Hispanic or Latino: White,5.2,2010,12,All ages,1.1,11.6,NULL
Drug overdose death rates,Drug overdose deaths involving any opioid,1,"Deaths per 100,000 resident population, age-adjusted",1,Sex and race and Hispanic origin,5,Male: Not Hispanic or Latino: White,5.2,2011,13,All ages,1.1,12.4,NULL
Drug overdose death rates,Drug overdose deaths involving any opioid,1,"Deaths per 100,000 resident population, age-adjusted",1,Sex and race and Hispanic origin,5,Male: Not Hispanic or Latino: White,5.2,2012,14,All ages,1.1,12.5,NULL
Drug overdose death rates,Drug overdose deaths involving any opioid,1,"Deaths per 100,000 resident population, age-adjusted",1,Sex and race and Hispanic origin,5,Male: Not Hispanic or Latino: White,5.2,2013,15,All ages,1.1,13.3,NULL
Drug overdose death rates,Drug overdose deaths involving any opioid,1,"Deaths per 100,000 resident population, age-adjusted",1,Sex and race and Hispanic origin,5,Male: Not Hispanic or Latino: White,5.2,2014,16,All ages,1.1,15.5,NULL
Drug overdose death rates,Drug overdose deaths involving any opioid,1,"Deaths per 100,000 resident population, age-adjusted",1,Sex and race and Hispanic origin,5,Male: Not Hispanic or Latino: White,5.2,2015,17,All ages,1.1,18.1,NULL
Drug overdose death rates,Drug overdose deaths involving any opioid,1,"Deaths per 100,000 resident population, age-adjusted",1,Sex and race and Hispanic origin,5,Male: Not Hispanic or Latino: White,5.2,2016,18,All ages,1.1,23.4,NULL
Drug overdose death rates,Drug overdose deaths involving any opioid,1,"Deaths per 100,000 resident population, age-adjusted",1,Sex and race and Hispanic origin,5,Male: Not Hispanic or Latino: White,5.2,2017,19,All ages,1.1,26.1,NULL
Drug overdose death rates,Drug overdose deaths involving any opioid,1,"Deaths per 100,000 resident population, age-adjusted",1,Sex and race and Hispanic origin,5,Male: Not Hispanic or Latino: White,5.2,2018,20,All ages,1.1,25.0,NULL
Drug overdose death rates,Drug overdose deaths involving any opioid,1,"Deaths per 100,000 resident population, age-adjusted",1,Sex and race and Hispanic origin,5,Male: Not Hispanic or Latino: Black,5.3,p1999,1,All ages,1.1,5.7,NULL
Drug overdose death rates,Drug overdose deaths involving any opioid,1,"Deaths per 100,000 resident population, age-adjusted",1,Sex and race and Hispanic origin,5,Male: Not Hispanic or Latino: Black,5.3,2000,2,All ages,1.1,5.7,NULL
Drug overdose death rates,Drug overdose deaths involving any opioid,1,"Deaths per 100,000 resident population, age-adjusted",1,Sex and race and Hispanic origin,5,Male: Not Hispanic or Latino: Black,5.3,2001,3,All ages,1.1,5.4,NULL
Drug overdose death rates,Drug overdose deaths involving any opioid,1,"Deaths per 100,000 resident population, age-adjusted",1,Sex and race and Hispanic origin,5,Male: Not Hispanic or Latino: Black,5.3,2002,4,All ages,1.1,5.4,NULL
Drug overdose death rates,Drug overdose deaths involving any opioid,1,"Deaths per 100,000 resident population, age-adjusted",1,Sex and race and Hispanic origin,5,Male: Not Hispanic or Latino: Black,5.3,2003,5,All ages,1.1,5.1,NULL
Drug overdose death rates,Drug overdose deaths involving any opioid,1,"Deaths per 100,000 resident population, age-adjusted",1,Sex and race and Hispanic origin,5,Male: Not Hispanic or Latino: Black,5.3,2004,6,All ages,1.1,4.5,NULL
Drug overdose death rates,Drug overdose deaths involving any opioid,1,"Deaths per 100,000 resident population, age-adjusted",1,Sex and race and Hispanic origin,5,Male: Not Hispanic or Latino: Black,5.3,2005,7,All ages,1.1,4.8,NULL
Drug overdose death rates,Drug overdose deaths involving any opioid,1,"Deaths per 100,000 resident population, age-adjusted",1,Sex and race and Hispanic origin,5,Male: Not Hispanic or Latino: Black,5.3,2006,8,All ages,1.1,6.2,NULL
Drug overdose death rates,Drug overdose deaths involving any opioid,1,"Deaths per 100,000 resident population, crude",2,Age,1,Under 15 years,1.1,2002,4,Under 15 years,1.2,0.1,NULL
Drug overdose death rates,Drug overdose deaths involving any opioid,1,"Deaths per 100,000 resident population, age-adjusted",1,Sex and race and Hispanic origin,5,Male: Not Hispanic or Latino: Black,5.3,2007,9,All ages,1.1,4.7,NULL
Drug overdose death rates,Drug overdose deaths involving any opioid,1,"Deaths per 100,000 resident population, age-adjusted",1,Sex and race and Hispanic origin,5,Male: Not Hispanic or Latino: Black,5.3,2008,10,All ages,1.1,4.5,NULL
Drug overdose death rates,Drug overdose deaths involving any opioid,1,"Deaths per 100,000 resident population, age-adjusted",1,Sex and race and Hispanic origin,5,Male: Not Hispanic or Latino: Black,5.3,2009,11,All ages,1.1,4.9,NULL
Drug overdose death rates,Drug overdose deaths involving any opioid,1,"Deaths per 100,000 resident population, age-adjusted",1,Sex and race and Hispanic origin,5,Male: Not Hispanic or Latino: Black,5.3,2010,12,All ages,1.1,4.3,NULL
Drug overdose death rates,Drug overdose deaths involving any opioid,1,"Deaths per 100,000 resident population, age-adjusted",1,Sex and race and Hispanic origin,5,Male: Not Hispanic or Latino: Black,5.3,2011,13,All ages,1.1,4.9,NULL
Drug overdose death rates,Drug overdose deaths involving any opioid,1,"Deaths per 100,000 resident population, age-adjusted",1,Sex and race and Hispanic origin,5,Male: Not Hispanic or Latino: Black,5.3,2012,14,All ages,1.1,5.3,NULL
Drug overdose death rates,Drug overdose deaths involving any opioid,1,"Deaths per 100,000 resident population, age-adjusted",1,Sex and race and Hispanic origin,5,Male: Not Hispanic or Latino: Black,5.3,2013,15,All ages,1.1,6.5,NULL
Drug overdose death rates,Drug overdose deaths involving any opioid,1,"Deaths per 100,000 resident population, age-adjusted",1,Sex and race and Hispanic origin,5,Male: Not Hispanic or Latino: Black,5.3,2014,16,All ages,1.1,7.6,NULL
Drug overdose death rates,Drug overdose deaths involving any opioid,1,"Deaths per 100,000 resident population, age-adjusted",1,Sex and race and Hispanic origin,5,Male: Not Hispanic or Latino: Black,5.3,2015,17,All ages,1.1,9.3,NULL
Drug overdose death rates,Drug overdose deaths involving any opioid,1,"Deaths per 100,000 resident population, age-adjusted",1,Sex and race and Hispanic origin,5,Male: Not Hispanic or Latino: Black,5.3,2016,18,All ages,1.1,15.1,NULL
Drug overdose death rates,Drug overdose deaths involving any opioid,1,"Deaths per 100,000 resident population, age-adjusted",1,Sex and race and Hispanic origin,5,Male: Not Hispanic or Latino: Black,5.3,2017,19,All ages,1.1,19.4,NULL
Drug overdose death rates,Drug overdose deaths involving any opioid,1,"Deaths per 100,000 resident population, age-adjusted",1,Sex and race and Hispanic origin,5,Male: Not Hispanic or Latino: Black,5.3,2018,20,All ages,1.1,21.2,NULL
Drug overdose death rates,Drug overdose deaths involving any opioid,1,"Deaths per 100,000 resident population, age-adjusted",1,Sex and race and Hispanic origin,5,Male: Not Hispanic or Latino: American Indian or Alaska Native,5.4,1r999,1,All ages,1.1,3.6,NULL
Drug overdose death rates,Drug overdose deaths involving any opioid,1,"Deaths per 100,000 resident population, age-adjusted",1,Sex and race and Hispanic origin,5,Male: Not Hispanic or Latino: American Indian or Alaska Native,5.4,2000,2,All ages,1.1,3.7,NULL
Drug overdose death rates,Drug overdose deaths involving any opioid,1,"Deaths per 100,000 resident population, age-adjusted",1,Sex and race and Hispanic origin,5,Male: Not Hispanic or Latino: American Indian or Alaska Native,5.4,2001,3,All ages,1.1,3.8,NULL
Drug overdose death rates,Drug overdose deaths involving any opioid,1,"Deaths per 100,000 resident population, age-adjusted",1,Sex and race and Hispanic origin,5,Male: Not Hispanic or Latino: American Indian or Alaska Native,5.4,2002,4,All ages,1.1,5.1,NULL
Drug overdose death rates,Drug overdose deaths involving any opioid,1,"Deaths per 100,000 resident population, age-adjusted",1,Sex and race and Hispanic origin,5,Male: Not Hispanic or Latino: American Indian or Alaska Native,5.4,2003,5,All ages,1.1,6.3,NULL
Drug overdose death rates,Drug overdose deaths involving any opioid,1,"Deaths per 100,000 resident population, age-adjusted",1,Sex and race and Hispanic origin,5,Male: Not Hispanic or Latino: American Indian or Alaska Native,5.4,2004,6,All ages,1.1,8.2,NULL
Drug overdose death rates,Drug overdose deaths involving any opioid,1,"Deaths per 100,000 resident population, age-adjusted",1,Sex and race and Hispanic origin,5,Male: Not Hispanic or Latino: American Indian or Alaska Native,5.4,2005,7,All ages,1.1,7.8,NULL
Drug overdose death rates,Drug overdose deaths involving any opioid,1,"Deaths per 100,000 resident population, age-adjusted",1,Sex and race and Hispanic origin,5,Male: Not Hispanic or Latino: American Indian or Alaska Native,5.4,2006,8,All ages,1.1,9.1,NULL
Drug overdose death rates,Drug overdose deaths involving any opioid,1,"Deaths per 100,000 resident population, age-adjusted",1,Sex and race and Hispanic origin,5,Male: Not Hispanic or Latino: American Indian or Alaska Native,5.4,2007,9,All ages,1.1,8.2,NULL
Drug overdose death rates,Drug overdose deaths involving any opioid,1,"Deaths per 100,000 resident population, age-adjusted",1,Sex and race and Hispanic origin,5,Male: Not Hispanic or Latino: American Indian or Alaska Native,5.4,2008,10,All ages,1.1,11.5,NULL
Drug overdose death rates,Drug overdose deaths involving any opioid,1,"Deaths per 100,000 resident population, age-adjusted",1,Sex and race and Hispanic origin,5,Male: Not Hispanic or Latino: American Indian or Alaska Native,5.4,2009,11,All ages,1.1,15.2,NULL
Drug overdose death rates,Drug overdose deaths involving any opioid,1,"Deaths per 100,000 resident population, age-adjusted",1,Sex and race and Hispanic origin,5,Male: Not Hispanic or Latino: American Indian or Alaska Native,5.4,2010,12,All ages,1.1,10.0,NULL
Drug overdose death rates,Drug overdose deaths involving any opioid,1,"Deaths per 100,000 resident population, crude",2,Age,1,Under 15 years,1.1,2003,5,Under 15 years,1.2,0.1,NULL
Drug overdose death rates,Drug overdose deaths involving any opioid,1,"Deaths per 100,000 resident population, age-adjusted",1,Sex and race and Hispanic origin,5,Male: Not Hispanic or Latino: American Indian or Alaska Native,5.4,2011,13,All ages,1.1,11.7,NULL
Drug overdose death rates,Drug overdose deaths involving any opioid,1,"Deaths per 100,000 resident population, age-adjusted",1,Sex and race and Hispanic origin,5,Male: Not Hispanic or Latino: American Indian or Alaska Native,5.4,2012,14,All ages,1.1,12.2,NULL
Drug overdose death rates,Drug overdose deaths involving any opioid,1,"Deaths per 100,000 resident population, age-adjusted",1,Sex and race and Hispanic origin,5,Male: Not Hispanic or Latino: American Indian or Alaska Native,5.4,2013,15,All ages,1.1,11.3,NULL
Drug overdose death rates,Drug overdose deaths involving any opioid,1,"Deaths per 100,000 resident population, age-adjusted",1,Sex and race and Hispanic origin,5,Male: Not Hispanic or Latino: American Indian or Alaska Native,5.4,2014,16,All ages,1.1,15.2,NULL
Drug overdose death rates,Drug overdose deaths involving any opioid,1,"Deaths per 100,000 resident population, age-adjusted",1,Sex and race and Hispanic origin,5,Male: Not Hispanic or Latino: American Indian or Alaska Native,5.4,2015,17,All ages,1.1,14.9,NULL
Drug overdose death rates,Drug overdose deaths involving any opioid,1,"Deaths per 100,000 resident population, age-adjusted",1,Sex and race and Hispanic origin,5,Male: Not Hispanic or Latino: American Indian or Alaska Native,5.4,2016,18,All ages,1.1,16.1,NULL
Drug overdose death rates,Drug overdose deaths involving any opioid,1,"Deaths per 100,000 resident population, age-adjusted",1,Sex and race and Hispanic origin,5,Male: Not Hispanic or Latino: American Indian or Alaska Native,5.4,2017,19,All ages,1.1,19.5,NULL
Drug overdose death rates,Drug overdose deaths involving any opioid,1,"Deaths per 100,000 resident population, age-adjusted",1,Sex and race and Hispanic origin,5,Male: Not Hispanic or Latino: American Indian or Alaska Native,5.4,2018,20,All ages,1.1,18.3,NULL
Drug overdose death rates,Drug overdose deaths involving any opioid,1,"Deaths per 100,000 resident population, age-adjusted",1,Sex and race and Hispanic origin,5,Male: Not Hispanic or Latino: Asian or Pacific Islander,5.5,1999,1,All ages,1.1,NULL,*
Drug overdose death rates,Drug overdose deaths involving any opioid,1,"Deaths per 100,000 resident population, age-adjusted",1,Sex and race and Hispanic origin,5,Male: Not Hispanic or Latino: Asian or Pacific Islander,5.5,2000,2,All ages,1.1,0.5,NULL
Drug overdose death rates,Drug overdose deaths involving any opioid,1,"Deaths per 100,000 resident population, age-adjusted",1,Sex and race and Hispanic origin,5,Male: Not Hispanic or Latino: Asian or Pacific Islander,5.5,2001,3,All ages,1.1,0.4,NULL
Drug overdose death rates,Drug overdose deaths involving any opioid,1,"Deaths per 100,000 resident population, age-adjusted",1,Sex and race and Hispanic origin,5,Male: Not Hispanic or Latino: Asian or Pacific Islander,5.5,2002,4,All ages,1.1,0.8,NULL
Drug overdose death rates,Drug overdose deaths involving any opioid,1,"Deaths per 100,000 resident population, age-adjusted",1,Sex and race and Hispanic origin,5,Male: Not Hispanic or Latino: Asian or Pacific Islander,5.5,2003,5,All ages,1.1,0.5,NULL
Drug overdose death rates,Drug overdose deaths involving any opioid,1,"Deaths per 100,000 resident population, age-adjusted",1,Sex and race and Hispanic origin,5,Male: Not Hispanic or Latino: Asian or Pacific Islander,5.5,2004,6,All ages,1.1,0.6,NULL
Drug overdose death rates,Drug overdose deaths involving any opioid,1,"Deaths per 100,000 resident population, age-adjusted",1,Sex and race and Hispanic origin,5,Male: Not Hispanic or Latino: Asian or Pacific Islander,5.5,2005,7,All ages,1.1,0.9,NULL
Drug overdose death rates,Drug overdose deaths involving any opioid,1,"Deaths per 100,000 resident population, age-adjusted",1,Sex and race and Hispanic origin,5,Male: Not Hispanic or Latino: Asian or Pacific Islander,5.5,2006,8,All ages,1.1,0.7,NULL
Drug overdose death rates,Drug overdose deaths involving any opioid,1,"Deaths per 100,000 resident population, age-adjusted",1,Sex and race and Hispanic origin,5,Male: Not Hispanic or Latino: Asian or Pacific Islander,5.5,2007,9,All ages,1.1,0.6,NULL
Drug overdose death rates,Drug overdose deaths involving any opioid,1,"Deaths per 100,000 resident population, age-adjusted",1,Sex and race and Hispanic origin,5,Male: Not Hispanic or Latino: Asian or Pacific Islander,5.5,2008,10,All ages,1.1,0.7,NULL
Drug overdose death rates,Drug overdose deaths involving any opioid,1,"Deaths per 100,000 resident population, age-adjusted",1,Sex and race and Hispanic origin,5,Male: Not Hispanic or Latino: Asian or Pacific Islander,5.5,2009,11,All ages,1.1,0.9,NULL
Drug overdose death rates,Drug overdose deaths involving any opioid,1,"Deaths per 100,000 resident population, age-adjusted",1,Sex and race and Hispanic origin,5,Male: Not Hispanic or Latino: Asian or Pacific Islander,5.5,2010,12,All ages,1.1,0.9,NULL
Drug overdose death rates,Drug overdose deaths involving any opioid,1,"Deaths per 100,000 resident population, age-adjusted",1,Sex and race and Hispanic origin,5,Male: Not Hispanic or Latino: Asian or Pacific Islander,5.5,2011,13,All ages,1.1,1.2,NULL
Drug overdose death rates,Drug overdose deaths involving any opioid,1,"Deaths per 100,000 resident population, age-adjusted",1,Sex and race and Hispanic origin,5,Male: Not Hispanic or Latino: Asian or Pacific Islander,5.5,2012,14,All ages,1.1,1.2,NULL
Drug overdose death rates,Drug overdose deaths involving any opioid,1,"Deaths per 100,000 resident population, age-adjusted",1,Sex and race and Hispanic origin,5,Male: Not Hispanic or Latino: Asian or Pacific Islander,5.5,2013,15,All ages,1.1,1.3,NULL
Drug overdose death rates,Drug overdose deaths involving any opioid,1,"Deaths per 100,000 resident population, age-adjusted",1,Sex and race and Hispanic origin,5,Male: Not Hispanic or Latino: Asian or Pacific Islander,5.5,2014,16,All ages,1.1,1.3,NULL
Drug overdose death rates,Drug overdose deaths involving any opioid,1,"Deaths per 100,000 resident population, age-adjusted",1,Sex and race and Hispanic origin,5,Male: Not Hispanic or Latino: Asian or Pacific Islander,5.5,2015,17,All ages,1.1,1.7,NULL
Drug overdose death rates,Drug overdose deaths involving any opioid,1,"Deaths per 100,000 resident population, age-adjusted",1,Sex and race and Hispanic origin,5,Male: Not Hispanic or Latino: Asian or Pacific Islander,5.5,2016,18,All ages,1.1,2.3,NULL
Drug overdose death rates,Drug overdose deaths involving any opioid,1,"Deaths per 100,000 resident population, age-adjusted",1,Sex and race and Hispanic origin,5,Male: Not Hispanic or Latino: Asian or Pacific Islander,5.5,2017,19,All ages,1.1,2.3,NULL
Drug overdose death rates,Drug overdose deaths involving any opioid,1,"Deaths per 100,000 resident population, age-adjusted",1,Sex and race and Hispanic origin,5,Male: Not Hispanic or Latino: Asian or Pacific Islander,5.5,2018,20,All ages,1.1,2.4,NULL
Drug overdose death rates,Drug overdose deaths involving any opioid,1,"Deaths per 100,000 resident population, age-adjusted",1,Sex and race and Hispanic origin,5,Female: Hispanic or Latino: All races,5.6,1999,1,All ages,1.1,1.0,NULL
Drug overdose death rates,Drug overdose deaths involving any opioid,1,"Deaths per 100,000 resident population, age-adjusted",1,Sex and race and Hispanic origin,5,Female: Hispanic or Latino: All races,5.6,2000,2,All ages,1.1,0.8,NULL
Drug overdose death rates,Drug overdose deaths involving any opioid,1,"Deaths per 100,000 resident population, age-adjusted",1,Sex and race and Hispanic origin,5,Female: Hispanic or Latino: All races,5.6,2001,3,All ages,1.1,1.0,NULL
Drug overdose death rates,Drug overdose deaths involving any opioid,1,"Deaths per 100,000 resident population, age-adjusted",1,Sex and race and Hispanic origin,5,Female: Hispanic or Latino: All races,5.6,2002,4,All ages,1.1,1.5,NULL
Drug overdose death rates,Drug overdose deaths involving any opioid,1,"Deaths per 100,000 resident population, age-adjusted",1,Sex and race and Hispanic origin,5,Female: Hispanic or Latino: All races,5.6,2003,5,All ages,1.1,1.3,NULL
Drug overdose death rates,Drug overdose deaths involving any opioid,1,"Deaths per 100,000 resident population, age-adjusted",1,Sex and race and Hispanic origin,5,Female: Hispanic or Latino: All races,5.6,2004,6,All ages,1.1,1.4,NULL
Drug overdose death rates,Drug overdose deaths involving any opioid,1,"Deaths per 100,000 resident population, age-adjusted",1,Sex and race and Hispanic origin,5,Female: Hispanic or Latino: All races,5.6,2005,7,All ages,1.1,1.4,NULL
Drug overdose death rates,Drug overdose deaths involving any opioid,1,"Deaths per 100,000 resident population, age-adjusted",1,Sex and race and Hispanic origin,5,Female: Hispanic or Latino: All races,5.6,2006,8,All ages,1.1,1.6,NULL
Drug overdose death rates,Drug overdose deaths involving any opioid,1,"Deaths per 100,000 resident population, age-adjusted",1,Sex and race and Hispanic origin,5,Female: Hispanic or Latino: All races,5.6,2007,9,All ages,1.1,1.5,NULL
Drug overdose death rates,Drug overdose deaths involving any opioid,1,"Deaths per 100,000 resident population, age-adjusted",1,Sex and race and Hispanic origin,5,Female: Hispanic or Latino: All races,5.6,2008,10,All ages,1.1,1.6,NULL
Drug overdose death rates,Drug overdose deaths involving any opioid,1,"Deaths per 100,000 resident population, age-adjusted",1,Sex and race and Hispanic origin,5,Female: Hispanic or Latino: All races,5.6,2009,11,All ages,1.1,1.6,NULL
Drug overdose death rates,Drug overdose deaths involving any opioid,1,"Deaths per 100,000 resident population, age-adjusted",1,Sex and race and Hispanic origin,5,Female: Hispanic or Latino: All races,5.6,2010,12,All ages,1.1,1.6,NULL
Drug overdose death rates,Drug overdose deaths involving any opioid,1,"Deaths per 100,000 resident population, age-adjusted",1,Sex and race and Hispanic origin,5,Female: Hispanic or Latino: All races,5.6,2011,13,All ages,1.1,1.9,NULL
Drug overdose death rates,Drug overdose deaths involving any opioid,1,"Deaths per 100,000 resident population, age-adjusted",1,Sex and race and Hispanic origin,5,Female: Hispanic or Latino: All races,5.6,2012,14,All ages,1.1,1.9,NULL
Drug overdose death rates,Drug overdose deaths involving any opioid,1,"Deaths per 100,000 resident population, age-adjusted",1,Sex and race and Hispanic origin,5,Female: Hispanic or Latino: All races,5.6,2013,15,All ages,1.1,2.1,NULL
Drug overdose death rates,Drug overdose deaths involving any opioid,1,"Deaths per 100,000 resident population, age-adjusted",1,Sex and race and Hispanic origin,5,Female: Hispanic or Latino: All races,5.6,2014,16,All ages,1.1,2.3,NULL
Drug overdose death rates,Drug overdose deaths involving any opioid,1,"Deaths per 100,000 resident population, age-adjusted",1,Sex and race and Hispanic origin,5,Female: Hispanic or Latino: All races,5.6,2015,17,All ages,1.1,2.4,NULL
Drug overdose death rates,Drug overdose deaths involving any opioid,1,"Deaths per 100,000 resident population, age-adjusted",1,Sex and race and Hispanic origin,5,Female: Hispanic or Latino: All races,5.6,2016,18,All ages,1.1,3.0,NULL
Drug overdose death rates,Drug overdose deaths involving any opioid,1,"Deaths per 100,000 resident population, age-adjusted",1,Sex and race and Hispanic origin,5,Female: Hispanic or Latino: All races,5.6,2017,19,All ages,1.1,3.1,NULL
Drug overdose death rates,Drug overdose deaths involving any opioid,1,"Deaths per 100,000 resident population, age-adjusted",1,Sex and race and Hispanic origin,5,Female: Hispanic or Latino: All races,5.6,2018,20,All ages,1.1,3.3,NULL
Drug overdose death rates,Drug overdose deaths involving any opioid,1,"Deaths per 100,000 resident population, age-adjusted",1,Sex and race and Hispanic origin,5,Female: Not Hispanic or Latino: White,5.7,1999,1,All ages,1.1,1.6,NULL
Drug overdose death rates,Drug overdose deaths involving any opioid,1,"Deaths per 100,000 resident population, age-adjusted",1,Sex and race and Hispanic origin,5,Female: Not Hispanic or Latino: White,5.7,2000,2,All ages,1.1,1.8,NULL
Drug overdose death rates,Drug overdose deaths involving any opioid,1,"Deaths per 100,000 resident population, age-adjusted",1,Sex and race and Hispanic origin,5,Female: Not Hispanic or Latino: White,5.7,2001,3,All ages,1.1,2.2,NULL
Drug overdose death rates,Drug overdose deaths involving any opioid,1,"Deaths per 100,000 resident population, age-adjusted",1,Sex and race and Hispanic origin,5,Female: Not Hispanic or Latino: White,5.7,2002,4,All ages,1.1,3.1,NULL
Drug overdose death rates,Drug overdose deaths involving any opioid,1,"Deaths per 100,000 resident population, age-adjusted",1,Sex and race and Hispanic origin,5,Female: Not Hispanic or Latino: White,5.7,2003,5,All ages,1.1,3.4,NULL
Drug overdose death rates,Drug overdose deaths involving any opioid,1,"Deaths per 100,000 resident population, age-adjusted",1,Sex and race and Hispanic origin,5,Female: Not Hispanic or Latino: White,5.7,2004,6,All ages,1.1,3.9,NULL
Drug overdose death rates,Drug overdose deaths involving any opioid,1,"Deaths per 100,000 resident population, age-adjusted",1,Sex and race and Hispanic origin,5,Female: Not Hispanic or Latino: White,5.7,2005,7,All ages,1.1,4.3,NULL
Drug overdose death rates,Drug overdose deaths involving any opioid,1,"Deaths per 100,000 resident population, age-adjusted",1,Sex and race and Hispanic origin,5,Female: Not Hispanic or Latino: White,5.7,2006,8,All ages,1.1,4.9,NULL
Drug overdose death rates,Drug overdose deaths involving any opioid,1,"Deaths per 100,000 resident population, age-adjusted",1,Sex and race and Hispanic origin,5,Female: Not Hispanic or Latino: White,5.7,2007,9,All ages,1.1,5.5,NULL
Drug overdose death rates,Drug overdose deaths involving any opioid,1,"Deaths per 100,000 resident population, age-adjusted",1,Sex and race and Hispanic origin,5,Female: Not Hispanic or Latino: White,5.7,2008,10,All ages,1.1,5.7,NULL
Drug overdose death rates,Drug overdose deaths involving any opioid,1,"Deaths per 100,000 resident population, age-adjusted",1,Sex and race and Hispanic origin,5,Female: Not Hispanic or Latino: White,5.7,2009,11,All ages,1.1,6.1,NULL
Drug overdose death rates,Drug overdose deaths involving any opioid,1,"Deaths per 100,000 resident population, age-adjusted",1,Sex and race and Hispanic origin,5,Female: Not Hispanic or Latino: White,5.7,2010,12,All ages,1.1,6.5,NULL
Drug overdose death rates,Drug overdose deaths involving any opioid,1,"Deaths per 100,000 resident population, age-adjusted",1,Sex and race and Hispanic origin,5,Female: Not Hispanic or Latino: White,5.7,2011,13,All ages,1.1,7.0,NULL
Drug overdose death rates,Drug overdose deaths involving any opioid,1,"Deaths per 100,000 resident population, age-adjusted",1,Sex and race and Hispanic origin,5,Female: Not Hispanic or Latino: White,5.7,2012,14,All ages,1.1,7.0,NULL
Drug overdose death rates,Drug overdose deaths involving any opioid,1,"Deaths per 100,000 resident population, age-adjusted",1,Sex and race and Hispanic origin,5,Female: Not Hispanic or Latino: White,5.7,2013,15,All ages,1.1,7.6,NULL
Drug overdose death rates,Drug overdose deaths involving any opioid,1,"Deaths per 100,000 resident population, age-adjusted",1,Sex and race and Hispanic origin,5,Female: Not Hispanic or Latino: White,5.7,2014,16,All ages,1.1,8.5,NULL
Drug overdose death rates,Drug overdose deaths involving any opioid,1,"Deaths per 100,000 resident population, age-adjusted",1,Sex and race and Hispanic origin,5,Female: Not Hispanic or Latino: White,5.7,2015,17,All ages,1.1,9.6,NULL
Drug overdose death rates,Drug overdose deaths involving any opioid,1,"Deaths per 100,000 resident population, age-adjusted",1,Sex and race and Hispanic origin,5,Female: Not Hispanic or Latino: White,5.7,2016,18,All ages,1.1,11.4,NULL
Drug overdose death rates,Drug overdose deaths involving any opioid,1,"Deaths per 100,000 resident population, age-adjusted",1,Sex and race and Hispanic origin,5,Female: Not Hispanic or Latino: White,5.7,2017,19,All ages,1.1,12.7,NULL
Drug overdose death rates,Drug overdose deaths involving any opioid,1,"Deaths per 100,000 resident population, age-adjusted",1,Sex and race and Hispanic origin,5,Female: Not Hispanic or Latino: White,5.7,2018,20,All ages,1.1,12.1,NULL
Drug overdose death rates,Drug overdose deaths involving any opioid,1,"Deaths per 100,000 resident population, age-adjusted",1,Sex and race and Hispanic origin,5,Female: Not Hispanic or Latino: Black,5.8,1999,1,All ages,1.1,1.6,NULL
Drug overdose death rates,Drug overdose deaths involving any opioid,1,"Deaths per 100,000 resident population, age-adjusted",1,Sex and race and Hispanic origin,5,Female: Not Hispanic or Latino: Black,5.8,2000,2,All ages,1.1,1.6,NULL
Drug overdose death rates,Drug overdose deaths involving any opioid,1,"Deaths per 100,000 resident population, age-adjusted",1,Sex and race and Hispanic origin,5,Female: Not Hispanic or Latino: Black,5.8,2001,3,All ages,1.1,1.6,NULL
Drug overdose death rates,Drug overdose deaths involving any opioid,1,"Deaths per 100,000 resident population, age-adjusted",1,Sex and race and Hispanic origin,5,Female: Not Hispanic or Latino: Black,5.8,2002,4,All ages,1.1,2.0,NULL
Drug overdose death rates,Drug overdose deaths involving any opioid,1,"Deaths per 100,000 resident population, age-adjusted",1,Sex and race and Hispanic origin,5,Female: Not Hispanic or Latino: Black,5.8,2003,5,All ages,1.1,2.1,NULL
Drug overdose death rates,Drug overdose deaths involving any opioid,1,"Deaths per 100,000 resident population, age-adjusted",1,Sex and race and Hispanic origin,5,Female: Not Hispanic or Latino: Black,5.8,2004,6,All ages,1.1,2.1,NULL
Drug overdose death rates,Drug overdose deaths involving any opioid,1,"Deaths per 100,000 resident population, crude",2,Age,1,Under 15 years,1.1,2004,6,Under 15 years,1.2,0.1,NULL
Drug overdose death rates,Drug overdose deaths involving any opioid,1,"Deaths per 100,000 resident population, age-adjusted",1,Sex and race and Hispanic origin,5,Female: Not Hispanic or Latino: Black,5.8,2005,7,All ages,1.1,2.2,NULL
Drug overdose death rates,Drug overdose deaths involving any opioid,1,"Deaths per 100,000 resident population, age-adjusted",1,Sex and race and Hispanic origin,5,Female: Not Hispanic or Latino: Black,5.8,2006,8,All ages,1.1,2.5,NULL
Drug overdose death rates,Drug overdose deaths involving any opioid,1,"Deaths per 100,000 resident population, age-adjusted",1,Sex and race and Hispanic origin,5,Female: Not Hispanic or Latino: Black,5.8,2007,9,All ages,1.1,2.5,NULL
Drug overdose death rates,Drug overdose deaths involving any opioid,1,"Deaths per 100,000 resident population, age-adjusted",1,Sex and race and Hispanic origin,5,Female: Not Hispanic or Latino: Black,5.8,2008,10,All ages,1.1,2.4,NULL
Drug overdose death rates,Drug overdose deaths involving any opioid,1,"Deaths per 100,000 resident population, age-adjusted",1,Sex and race and Hispanic origin,5,Female: Not Hispanic or Latino: Black,5.8,2009,11,All ages,1.1,2.5,NULL
Drug overdose death rates,Drug overdose deaths involving any opioid,1,"Deaths per 100,000 resident population, age-adjusted",1,Sex and race and Hispanic origin,5,Female: Not Hispanic or Latino: Black,5.8,2010,12,All ages,1.1,2.6,NULL
Drug overdose death rates,Drug overdose deaths involving any opioid,1,"Deaths per 100,000 resident population, age-adjusted",1,Sex and race and Hispanic origin,5,Female: Not Hispanic or Latino: Black,5.8,2011,13,All ages,1.1,2.7,NULL
Drug overdose death rates,Drug overdose deaths involving any opioid,1,"Deaths per 100,000 resident population, age-adjusted",1,Sex and race and Hispanic origin,5,Female: Not Hispanic or Latino: Black,5.8,2012,14,All ages,1.1,2.9,NULL
Drug overdose death rates,Drug overdose deaths involving any opioid,1,"Deaths per 100,000 resident population, age-adjusted",1,Sex and race and Hispanic origin,5,Female: Not Hispanic or Latino: Black,5.8,2013,15,All ages,1.1,3.1,NULL
Drug overdose death rates,Drug overdose deaths involving any opioid,1,"Deaths per 100,000 resident population, age-adjusted",1,Sex and race and Hispanic origin,5,Female: Not Hispanic or Latino: Black,5.8,2014,16,All ages,1.1,3.7,NULL
Drug overdose death rates,Drug overdose deaths involving any opioid,1,"Deaths per 100,000 resident population, age-adjusted",1,Sex and race and Hispanic origin,5,Female: Not Hispanic or Latino: Black,5.8,2015,17,All ages,1.1,4.1,NULL
Drug overdose death rates,Drug overdose deaths involving any opioid,1,"Deaths per 100,000 resident population, age-adjusted",1,Sex and race and Hispanic origin,5,Female: Not Hispanic or Latino: Black,5.8,2016,18,All ages,1.1,6.1,NULL
Drug overdose death rates,Drug overdose deaths involving any opioid,1,"Deaths per 100,000 resident population, age-adjusted",1,Sex and race and Hispanic origin,5,Female: Not Hispanic or Latino: Black,5.8,2017,19,All ages,1.1,7.2,NULL
Drug overdose death rates,Drug overdose deaths involving any opioid,1,"Deaths per 100,000 resident population, age-adjusted",1,Sex and race and Hispanic origin,5,Female: Not Hispanic or Latino: Black,5.8,2018,20,All ages,1.1,7.7,NULL
Drug overdose death rates,Drug overdose deaths involving any opioid,1,"Deaths per 100,000 resident population, age-adjusted",1,Sex and race and Hispanic origin,5,Female: Not Hispanic or Latino: American Indian or Alaska Native,5.9,1999,1,All ages,1.1,2.2,NULL
Drug overdose death rates,Drug overdose deaths involving any opioid,1,"Deaths per 100,000 resident population, age-adjusted",1,Sex and race and Hispanic origin,5,Female: Not Hispanic or Latino: American Indian or Alaska Native,5.9,2000,2,All ages,1.1,1.8,NULL
Drug overdose death rates,Drug overdose deaths involving any opioid,1,"Deaths per 100,000 resident population, age-adjusted",1,Sex and race and Hispanic origin,5,Female: Not Hispanic or Latino: American Indian or Alaska Native,5.9,2001,3,All ages,1.1,3.2,NULL
Drug overdose death rates,Drug overdose deaths involving any opioid,1,"Deaths per 100,000 resident population, age-adjusted",1,Sex and race and Hispanic origin,5,Female: Not Hispanic or Latino: American Indian or Alaska Native,5.9,2002,4,All ages,1.1,3.2,NULL
Drug overdose death rates,Drug overdose deaths involving any opioid,1,"Deaths per 100,000 resident population, age-adjusted",1,Sex and race and Hispanic origin,5,Female: Not Hispanic or Latino: American Indian or Alaska Native,5.9,2003,5,All ages,1.1,4.3,NULL
Drug overdose death rates,Drug overdose deaths involving any opioid,1,"Deaths per 100,000 resident population, age-adjusted",1,Sex and race and Hispanic origin,5,Female: Not Hispanic or Latino: American Indian or Alaska Native,5.9,2004,6,All ages,1.1,4.4,NULL
Drug overdose death rates,Drug overdose deaths involving any opioid,1,"Deaths per 100,000 resident population, age-adjusted",1,Sex and race and Hispanic origin,5,Female: Not Hispanic or Latino: American Indian or Alaska Native,5.9,2005,7,All ages,1.1,6.0,NULL
Drug overdose death rates,Drug overdose deaths involving any opioid,1,"Deaths per 100,000 resident population, age-adjusted",1,Sex and race and Hispanic origin,5,Female: Not Hispanic or Latino: American Indian or Alaska Native,5.9,2006,8,All ages,1.1,5.1,NULL
Drug overdose death rates,Drug overdose deaths involving any opioid,1,"Deaths per 100,000 resident population, age-adjusted",1,Sex and race and Hispanic origin,5,Female: Not Hispanic or Latino: American Indian or Alaska Native,5.9,2007,9,All ages,1.1,7.4,NULL
Drug overdose death rates,Drug overdose deaths involving any opioid,1,"Deaths per 100,000 resident population, age-adjusted",1,Sex and race and Hispanic origin,5,Female: Not Hispanic or Latino: American Indian or Alaska Native,5.9,2008,10,All ages,1.1,7.2,NULL
Drug overdose death rates,Drug overdose deaths involving any opioid,1,"Deaths per 100,000 resident population, crude",2,Age,1,Under 15 years,1.1,2005,7,Under 15 years,1.2,0.1,NULL
Drug overdose death rates,Drug overdose deaths involving any opioid,1,"Deaths per 100,000 resident population, age-adjusted",1,Sex and race and Hispanic origin,5,Female: Not Hispanic or Latino: American Indian or Alaska Native,5.9,2009,11,All ages,1.1,7.6,NULL
Drug overdose death rates,Drug overdose deaths involving any opioid,1,"Deaths per 100,000 resident population, age-adjusted",1,Sex and race and Hispanic origin,5,Female: Not Hispanic or Latino: American Indian or Alaska Native,5.9,2010,12,All ages,1.1,8.7,NULL
Drug overdose death rates,Drug overdose deaths involving any opioid,1,"Deaths per 100,000 resident population, age-adjusted",1,Sex and race and Hispanic origin,5,Female: Not Hispanic or Latino: American Indian or Alaska Native,5.9,2011,13,All ages,1.1,9.0,NULL
Drug overdose death rates,Drug overdose deaths involving any opioid,1,"Deaths per 100,000 resident population, age-adjusted",1,Sex and race and Hispanic origin,5,Female: Not Hispanic or Latino: American Indian or Alaska Native,5.9,2012,14,All ages,1.1,9.8,NULL
Drug overdose death rates,Drug overdose deaths involving any opioid,1,"Deaths per 100,000 resident population, age-adjusted",1,Sex and race and Hispanic origin,5,Female: Not Hispanic or Latino: American Indian or Alaska Native,5.9,2013,15,All ages,1.1,9.9,NULL
Drug overdose death rates,Drug overdose deaths involving any opioid,1,"Deaths per 100,000 resident population, age-adjusted",1,Sex and race and Hispanic origin,5,Female: Not Hispanic or Latino: American Indian or Alaska Native,5.9,2014,16,All ages,1.1,8.9,NULL
Drug overdose death rates,Drug overdose deaths involving any opioid,1,"Deaths per 100,000 resident population, age-adjusted",1,Sex and race and Hispanic origin,5,Female: Not Hispanic or Latino: American Indian or Alaska Native,5.9,2015,17,All ages,1.1,9.4,NULL
Drug overdose death rates,Drug overdose deaths involving any opioid,1,"Deaths per 100,000 resident population, age-adjusted",1,Sex and race and Hispanic origin,5,Female: Not Hispanic or Latino: American Indian or Alaska Native,5.9,2016,18,All ages,1.1,11.8,NULL
Drug overdose death rates,Drug overdose deaths involving any opioid,1,"Deaths per 100,000 resident population, age-adjusted",1,Sex and race and Hispanic origin,5,Female: Not Hispanic or Latino: American Indian or Alaska Native,5.9,2017,19,All ages,1.1,12.0,NULL
Drug overdose death rates,Drug overdose deaths involving any opioid,1,"Deaths per 100,000 resident population, age-adjusted",1,Sex and race and Hispanic origin,5,Female: Not Hispanic or Latino: American Indian or Alaska Native,5.9,2018,20,All ages,1.1,10.3,NULL
Drug overdose death rates,Drug overdose deaths involving any opioid,1,"Deaths per 100,000 resident population, age-adjusted",1,Sex and race and Hispanic origin,5,Female: Not Hispanic or Latino: Asian or Pacific Islander,5.91,1999,1,All ages,1.1,NULL,*
Drug overdose death rates,Drug overdose deaths involving any opioid,1,"Deaths per 100,000 resident population, age-adjusted",1,Sex and race and Hispanic origin,5,Female: Not Hispanic or Latino: Asian or Pacific Islander,5.91,2000,2,All ages,1.1,NULL,*
Drug overdose death rates,Drug overdose deaths involving any opioid,1,"Deaths per 100,000 resident population, age-adjusted",1,Sex and race and Hispanic origin,5,Female: Not Hispanic or Latino: Asian or Pacific Islander,5.91,2001,3,All ages,1.1,NULL,*
Drug overdose death rates,Drug overdose deaths involving any opioid,1,"Deaths per 100,000 resident population, age-adjusted",1,Sex and race and Hispanic origin,5,Female: Not Hispanic or Latino: Asian or Pacific Islander,5.91,2002,4,All ages,1.1,NULL,*
Drug overdose death rates,Drug overdose deaths involving any opioid,1,"Deaths per 100,000 resident population, age-adjusted",1,Sex and race and Hispanic origin,5,Female: Not Hispanic or Latino: Asian or Pacific Islander,5.91,2003,5,All ages,1.1,NULL,*
Drug overdose death rates,Drug overdose deaths involving any opioid,1,"Deaths per 100,000 resident population, age-adjusted",1,Sex and race and Hispanic origin,5,Female: Not Hispanic or Latino: Asian or Pacific Islander,5.91,2004,6,All ages,1.1,NULL,*
Drug overdose death rates,Drug overdose deaths involving any opioid,1,"Deaths per 100,000 resident population, age-adjusted",1,Sex and race and Hispanic origin,5,Female: Not Hispanic or Latino: Asian or Pacific Islander,5.91,2005,7,All ages,1.1,0.4,NULL
Drug overdose death rates,Drug overdose deaths involving any opioid,1,"Deaths per 100,000 resident population, age-adjusted",1,Sex and race and Hispanic origin,5,Female: Not Hispanic or Latino: Asian or Pacific Islander,5.91,2006,8,All ages,1.1,0.4,NULL
Drug overdose death rates,Drug overdose deaths involving any opioid,1,"Deaths per 100,000 resident population, age-adjusted",1,Sex and race and Hispanic origin,5,Female: Not Hispanic or Latino: Asian or Pacific Islander,5.91,2007,9,All ages,1.1,0.3,NULL
Drug overdose death rates,Drug overdose deaths involving any opioid,1,"Deaths per 100,000 resident population, age-adjusted",1,Sex and race and Hispanic origin,5,Female: Not Hispanic or Latino: Asian or Pacific Islander,5.91,2008,10,All ages,1.1,0.5,NULL
Drug overdose death rates,Drug overdose deaths involving any opioid,1,"Deaths per 100,000 resident population, age-adjusted",1,Sex and race and Hispanic origin,5,Female: Not Hispanic or Latino: Asian or Pacific Islander,5.91,2009,11,All ages,1.1,0.4,NULL
Drug overdose death rates,Drug overdose deaths involving any opioid,1,"Deaths per 100,000 resident population, age-adjusted",1,Sex and race and Hispanic origin,5,Female: Not Hispanic or Latino: Asian or Pacific Islander,5.91,2010,12,All ages,1.1,0.5,NULL
Drug overdose death rates,Drug overdose deaths involving any opioid,1,"Deaths per 100,000 resident population, age-adjusted",1,Sex and race and Hispanic origin,5,Female: Not Hispanic or Latino: Asian or Pacific Islander,5.91,2011,13,All ages,1.1,0.5,NULL
Drug overdose death rates,Drug overdose deaths involving any opioid,1,"Deaths per 100,000 resident population, crude",2,Age,1,Under 15 years,1.1,2006,8,Under 15 years,1.2,0.1,NULL
Drug overdose death rates,Drug overdose deaths involving any opioid,1,"Deaths per 100,000 resident population, age-adjusted",1,Sex and race and Hispanic origin,5,Female: Not Hispanic or Latino: Asian or Pacific Islander,5.91,2012,14,All ages,1.1,0.5,NULL
Drug overdose death rates,Drug overdose deaths involving any opioid,1,"Deaths per 100,000 resident population, age-adjusted",1,Sex and race and Hispanic origin,5,Female: Not Hispanic or Latino: Asian or Pacific Islander,5.91,2013,15,All ages,1.1,0.4,NULL
Drug overdose death rates,Drug overdose deaths involving any opioid,1,"Deaths per 100,000 resident population, age-adjusted",1,Sex and race and Hispanic origin,5,Female: Not Hispanic or Latino: Asian or Pacific Islander,5.91,2014,16,All ages,1.1,0.6,NULL
Drug overdose death rates,Drug overdose deaths involving any opioid,1,"Deaths per 100,000 resident population, age-adjusted",1,Sex and race and Hispanic origin,5,Female: Not Hispanic or Latino: Asian or Pacific Islander,5.91,2015,17,All ages,1.1,0.5,NULL
Drug overdose death rates,Drug overdose deaths involving any opioid,1,"Deaths per 100,000 resident population, age-adjusted",1,Sex and race and Hispanic origin,5,Female: Not Hispanic or Latino: Asian or Pacific Islander,5.91,2016,18,All ages,1.1,0.8,NULL
Drug overdose death rates,Drug overdose deaths involving any opioid,1,"Deaths per 100,000 resident population, age-adjusted",1,Sex and race and Hispanic origin,5,Female: Not Hispanic or Latino: Asian or Pacific Islander,5.91,2017,19,All ages,1.1,0.9,NULL
Drug overdose death rates,Drug overdose deaths involving any opioid,1,"Deaths per 100,000 resident population, age-adjusted",1,Sex and race and Hispanic origin,5,Female: Not Hispanic or Latino: Asian or Pacific Islander,5.91,2018,20,All ages,1.1,0.8,NULL
Drug overdose death rates,Drug overdose deaths involving any opioid,1,"Deaths per 100,000 resident population, crude",2,Total,0,All persons,0.1,1999,1,All ages,1.1,2.9,NULL
Drug overdose death rates,Drug overdose deaths involving any opioid,1,"Deaths per 100,000 resident population, crude",2,Total,0,All persons,0.1,2000,2,All ages,1.1,3.0,NULL
Drug overdose death rates,Drug overdose deaths involving any opioid,1,"Deaths per 100,000 resident population, crude",2,Total,0,All persons,0.1,2001,3,All ages***,1.1,3.3,NULL
Drug overdose death rates,Drug overdose deaths involving any opioid,1,"Deaths per 100,000 resident population, crude",2,Total,0,All persons,0.1,2002,4,lAll ages,1.1,4.1,NULL
Drug overdose death rates,Drug overdose deaths involving any opioid,1,"Deaths per 100,000 resident population, crude",2,Total,0,All persons,0.1,2003,5,All ages,1.1,4.5,NULL
Drug overdose death rates,Drug overdose deaths involving any opioid,1,"Deaths per 100,000 resident population, crude",2,Total,0,All persons,0.1,2004,6,All ages,1.1,4.7,NULL
Drug overdose death rates,Drug overdose deaths involving any opioid,1,"Deaths per 100,000 resident population, crude",2,Total,0,All persons,0.1,2005,7,All ages,1.1,5.0,NULL
Drug overdose death rates,Drug overdose deaths involving any opioid,1,"Deaths per 100,000 resident population, crude",2,Total,0,All persons,0.1,2006,8,All ages,1.1,5.9,NULL
Drug overdose death rates,Drug overdose deaths involving any opioid,1,"Deaths per 100,000 resident population, crude",2,Total,0,All persons,0.1,2007,9,All ages,1.1,6.1,NULL
Drug overdose death rates,Drug overdose deaths involving any opioid,1,"Deaths per 100,000 resident population, crude",2,Total,0,All persons,0.1,2008,10,All ages,1.1,6.4,NULL
Drug overdose death rates,Drug overdose deaths involving any opioid,1,"Deaths per 100,000 resident population, crude",2,Total,0,All persons,0.1,2009,11,ll ages,1.1,6.7,NULL
Drug overdose death rates,Drug overdose deaths involving any opioid,1,"Deaths per 100,000 resident population, crude",2,Total,0,All persons,0.1,2010,12,All ages,1.1,6.8,NULL
Drug overdose death rates,Drug overdose deaths involving any opioid,1,"Deaths per 100,000 resident population, crude",2,Total,0,All persons,0.1,2011,13,All ages,1.1,7.3,NULL
Drug overdose death rates,Drug overdose deaths involving any opioid,1,"Deaths per 100,000 resident population, crude",2,Total,0,All persons,0.1,2012,14,All ages,1.1,7.4,NULL
Drug overdose death rates,Drug overdose deaths involving any opioid,1,"Deaths per 100,000 resident population, crude",2,Total,0,All persons,0.1,2013,15,Al ages,1.1,7.9,NULL
Drug overdose death rates,Drug overdose deaths involving any opioid,1,"Deaths per 100,000 resident population, crude",2,Total,0,All persons,0.1,2014,16,All ages,1.1,9.0,NULL
Drug overdose death rates,Drug overdose deaths involving any opioid,1,"Deaths per 100,000 resident population, crude",2,Total,0,All persons,0.1,2015,17,All ages,1.1,10.3,NULL
Drug overdose death rates,Drug overdose deaths involving any opioid,1,"Deaths per 100,000 resident population, crude",2,Total,0,All persons,0.1,2016,18,All ages,1.1,13.1,NULL
Drug overdose death rates,Drug overdose deaths involving any opioid,1,"Deaths per 100,000 resident population, crude",2,Total,0,All persons,0.1,2017,19,All ages,1.1,14.6,NULL
Drug overdose death rates,Drug overdose deaths involving any opioid,1,"Deaths per 100,000 resident population, crude",2,Age,,Under 15 years,1.1,1999,1,Under 15 years,1.2,NULL,*
Drug overdose death rates,Drug overdose deaths involving any opioid,1,"Deaths per 100,000 resident population, crude",2,Age,***,Under 15 years,1.1,2000,2,Under 15 years,1.2,0.1,NULL
Drug overdose death rates,Drug overdose deaths involving any opioid,1,"Deaths per 100,000 resident population, crude",2,Age,1,Under 15 years,1.1,2001,3,Under 15 years,1.2,0.1,NULL
Drug overdose death rates,Drug overdose deaths involving any opioid,1,"Deaths per 100,000 resident population, crude",2,Age,1,Under 15 years,1.1,2007,9,Under 15 years,1.2,0.1,NULL
Drug overdose death rates,Drug overdose deaths involving any opioid,1,"Deaths per 100,000 resident population, crude",2,Age,,Under 15 years,1.1,2008,10,Under 15 years,1.2,0.1,NULL
Drug overdose death rates,Drug overdose deaths involving any opioid,1,"Deaths per 100,000 resident population, crude",2,Age,1,Under 15 years,1.1,2009,11,Under 15 years,1.2,0.1,NULL
Drug overdose death rates,Drug overdose deaths involving any opioid,1,"Deaths per 100,000 resident population, crude",2,Age,,Under 15 years,1.1,2010,12,Under 15 years,1.2,0.1,NULL
Drug overdose death rates,Drug overdose deaths involving any opioid,1,"Deaths per 100,000 resident population, crude",2,Age,1,Under 15 years,1.1,2011,13,Under 15 years,1.2,0.1,NULL
Drug overdose death rates,Drug overdose deaths involving any opioid,1,"Deaths per 100,000 resident population, crude",2,Age,1,Under 15 years,1.1,2012,14,Under 15 years,1.2,0.1,NULL
Drug overdose death rates,Drug overdose deaths involving any opioid,1,"Deaths per 100,000 resident population, crude",2,Age,,Under 15 years,1.1,2013,15,Under 15 years,1.2,0.1,NULL
Drug overdose death rates,Drug overdose deaths involving any opioid,1,"Deaths per 100,000 resident population, crude",2,Age,***,Under 15 years,1.1,2014,16,Under 15 years,1.2,0.1,NULL
Drug overdose death rates,Drug overdose deaths involving any opioid,1,"Deaths per 100,000 resident population, crude",2,Age,1,Under 15 years,1.1,2015,17,Under 15 years,1.2,0.1,NULL
Drug overdose death rates,Drug overdose deaths involving any opioid,1,"Deaths per 100,000 resident population, crude",2,Age,l1,Under 15 years,1.1,2016,18,Under 15 years,1.2,0.1,NULL
Drug overdose death rates,Drug overdose deaths involving any opioid,1,"Deaths per 100,000 resident population, crude",2,Age,,Under 15 years,1.1,2017,19,Under 15 years,1.2,0.1,NULL
Drug overdose death rates,Drug overdose deaths involving any opioid,1,"Deaths per 100,000 resident population, crude",2,Age,***,15-24 years,1.2,1999,1,15-24 years,1.3,1.6,NULL
Drug overdose death rates,Drug overdose deaths involving any opioid,1,"Deaths per 100,000 resident population, crude",2,Age,1,15-24 years,1.2,2000,2,15-24 years,1.3,1.9,NULL
Drug overdose death rates,Drug overdose deaths involving any opioid,1,"Deaths per 100,000 resident population, crude",2,Age,1,15-24 years,1.2,2001,3,15-24 years,1.3,2.3,NULL
Drug overdose death rates,Drug overdose deaths involving any opioid,1,"Deaths per 100,000 resident population, crude",2,Age,***,15-24 years,1.2,2002,4,15-24 years,1.3,2.9,NULL
Drug overdose death rates,Drug overdose deaths involving any opioid,1,"Deaths per 100,000 resident population, crude",2,Age,q1,15-24 years,1.2,2003,5,15-24 years,1.3,3.4,NULL
Drug overdose death rates,Drug overdose deaths involving any opioid,1,"Deaths per 100,000 resident population, crude",2,Age,x1,15-24 years,1.2,2004,6,15-24 years,1.3,3.8,NULL
Drug overdose death rates,Drug overdose deaths involving any opioid,1,"Deaths per 100,000 resident population, crude",2,Age,1,15-24 years,1.2,2005,7,15-24 years,1.3,4.0,NULL
Drug overdose death rates,Drug overdose deaths involving any opioid,1,"Deaths per 100,000 resident population, crude",2,Age,***,15-24 years,1.2,2006,8,15-24 years,1.3,4.9,NULL
Drug overdose death rates,Drug overdose deaths involving any opioid,1,"Deaths per 100,000 resident population, crude",2,Age,1,15-24 years,1.2,2007,9,15-24 years,1.3,5.0,NULL
Drug overdose death rates,Drug overdose deaths involving any opioid,1,"Deaths per 100,000 resident population, crude",2,Age,1,15-24 years,1.2,2008,10,15-24 years,1.3,5.3,NULL
Drug overdose death rates,Drug overdose deaths involving any opioid,1,"Deaths per 100,000 resident population, crude",2,Age,g1,15-24 years,1.2,2009,11,15-24 years,1.3,5.1,NULL
Drug overdose death rates,Drug overdose deaths involving any opioid,1,"Deaths per 100,000 resident population, crude",2,Age,1,15-24 years,1.2,2010,12,15-24 years,1.3,5.5,NULL
Drug overdose death rates,Drug overdose deaths involving any opioid,1,"Deaths per 100,000 resident population, crude",2,Age,1,15-24 years,1.2,2011,13,1524 years,1.3,5.8,NULL
Drug overdose death rates,Drug overdose deaths involving any opioid,1,"Deaths per 100,000 resident population, crude",2,Age,1,15-24 years,1.2,2012,14,15-24 years,1.3,5.3,NULL
Drug overdose death rates,Drug overdose deaths involving any opioid,1,"Deaths per 100,000 resident population, crude",2,Age,c1,15-24 years,1.2,2013,15,15-24 years,1.3,5.7,NULL
Drug overdose death rates,Drug overdose deaths involving any opioid,1,"Deaths per 100,000 resident population, crude",2,Age,g1,15-24 years,1.2,2014,16,15-24 yeagrs,1.3,6.2,NULL
Drug overdose death rates,Drug overdose deaths involving any opioid,1,"Deaths per 100,000 resident population, crude",2,Age,1,15-24 years,1.2,2015,17,15-24 years,1.3,7.0,NULL
Drug overdose death rates,Drug overdose deaths involving any opioid,1,"Deaths per 100,000 resident population, crude",2,Age,1,15-24 years,1.2,2016,18,15-24 yeasr,1.3,9.3,NULL
Drug overdose death rates,Drug overdose deaths involving any opioid,1,"Deaths per 100,000 resident population, crude",2,Age,1,15-24 years,1.2,2017,19,15j-24 years,1.3,9.5,NULL
Drug overdose death rates,Drug overdose deaths involving any opioid,1,"Deaths per 100,000 resident population, crude",2,Age,1,25-34 years,1.3,199,1,25-34 years,1.4,4.1,NULL
Drug overdose death rates,Drug overdose deaths involving any opioid,1,"Deaths per 100,000 resident population, crude",2,Age,1,25-34 years,1.3,2000,2,25-34 years,1.4,4.1,NULL
Drug overdose death rates,Drug overdose deaths involving any opioid,1,"Deaths per 100,000 resident population, crude",2,Age,1,25-34 years,1.3,2001,3,25-34 years,1.4,4.4,NULL
Drug overdose death rates,Drug overdose deaths involving any opioid,1,"Deaths per 100,000 resident population, crude",2,Age,1,25-34 years,1.3,2002,4,25-34 years,1.4,5.6,NULL
Drug overdose death rates,Drug overdose deaths involving any opioid,1,"Deaths per 100,000 resident population, crude",2,Age,1,25-34 years,1.3,2003,5,25-34 years,1.4,6.2,NULL
Drug overdose death rates,Drug overdose deaths involving any opioid,1,"Deaths per 100,000 resident population, crude",2,Age,1,25-34 years,1.3,2004,6,25-34 years,1.4,6.6,NULL
Drug overdose death rates,Drug overdose deaths involving any opioid,1,"Deaths per 100,000 resident population, crude",2,Age,1,25-34 years,1.3,2005,7,25-34 years,1.4,7.4,NULL
Drug overdose death rates,Drug overdose deaths involving any opioid,1,"Deaths per 100,000 resident population, crude",2,Age,1,25-34 years,1.3,2006,8,25-34 years,1.4,9.0,NULL
Drug overdose death rates,Drug overdose deaths involving any opioid,1,"Deaths per 100,000 resident population, crude",2,Age,1,25-34 years,1.3,2007,9,25-34 years,1.4,9.6,NULL
Drug overdose death rates,Drug overdose deaths involving any opioid,1,"Deaths per 100,000 resident population, crude",2,Age,1,25-34 years,1.3,2008,10,25-34 years,1.4,10.0,NULL
Drug overdose death rates,Drug overdose deaths involving any opioid,1,"Deaths per 100,000 resident population, crude",2,Age,1,25-34 years,1.3,2009,11,25-34 years,1.4,10.7,NULL
Drug overdose death rates,Drug overdose deaths involving any opioid,1,"Deaths per 100,000 resident population, crude",2,Age,1,25-34 years,1.3,2010,12,25-34 years,1.4,11.4,NULL
Drug overdose death rates,Drug overdose deaths involving any opioid,1,"Deaths per 100,000 resident population, crude",2,Age,1,25-34 years,1.3,2011,13,25-34 years,1.4,12.6,NULL
Drug overdose death rates,Drug overdose deaths involving any opioid,1,"Deaths per 100,000 resident population, crude",2,Age,1,25-34 years,1.3,2012,14,25-34 years,1.4,12.8,NULL
Drug overdose death rates,Drug overdose deaths involving any opioid,1,"Deaths per 100,000 resident population, crude",2,Age,1,25-34 years,1.3,2013,15,25-34 years,1.4,13.8,NULL
Drug overdose death rates,Drug overdose deaths involving any opioid,1,"Deaths per 100,000 resident population, crude",2,Age,1,25-34 years,1.3,2014,16,25-34 years,1.4,16.2,NULL
Drug overdose death rates,Drug overdose deaths involving any opioid,1,"Deaths per 100,000 resident population, crude",2,Age,1,25-34 years,1.3,2015,17,25-34 years,1.4,19.4,NULL
Drug overdose death rates,Drug overdose deaths involving any opioid,1,"Deaths per 100,000 resident population, crude",2,Age,1,25-34 years,1.3,2016,18,25-34 years,1.4,25.9,NULL
Drug overdose death rates,Drug overdose deaths involving any opioid,1,"Deaths per 100,000 resident population, crude",2,Age,1,25-34 years,1.3,2017,19,25-34 years,1.4,29.1,NULL
Drug overdose death rates,Drug overdose deaths involving any opioid,1,"Deaths per 100,000 resident population, crude",2,Age,1,35-44 years,1.4,9199,1,35-44 years,1.5,7.2,NULL
Drug overdose death rates,Drug overdose deaths involving any opioid,1,"Deaths per 100,000 resident population, crude",2,Age,1,35-44 years,1.4,2000,2,35-44 years,1.5,7.3,NULL
Drug overdose death rates,Drug overdose deaths involving any opioid,1,"Deaths per 100,000 resident population, crude",2,Age,1,35-44 years,1.4,2001,3,35-44 years,1.5,7.8,NULL
Drug overdose death rates,Drug overdose deaths involving any opioid,1,"Deaths per 100,000 resident population, crude",2,Age,1,35-44 years,1.4,2002,4,35-44 years,1.5,9.5,NULL
Drug overdose death rates,Drug overdose deaths involving any opioid,1,"Deaths per 100,000 resident population, crude",2,Age,1,35-44 years,1.4,2003,5,35-44 years,1.5,9.6,NULL
Drug overdose death rates,Drug overdose deaths involving any opioid,1,"Deaths per 100,000 resident population, crude",2,Age,1,35-44 years,1.4,2004,6,35-44 years,1.5,9.7,NULL
Drug overdose death rates,Drug overdose deaths involving any opioid,1,"Deaths per 100,000 resident population, crude",2,Age,1,35-44 years,1.4,2005,7,35-44 years,1.5,9.6,NULL
Drug overdose death rates,Drug overdose deaths involving any opioid,1,"Deaths per 100,000 resident population, crude",2,Age,1,35-44 years,1.4,2006,8,35-44 years,1.5,10.8,NULL
Drug overdose death rates,Drug overdose deaths involving any opioid,1,"Deaths per 100,000 resident population, crude",2,Age,1,35-44 years,1.4,2007,9,35-44 years,1.5,11.0,NULL
Drug overdose death rates,Drug overdose deaths involving any opioid,1,"Deaths per 100,000 resident population, crude",2,Age,1,35-44 years,1.4,2008,10,35-44 years,1.5,11.2,NULL
Drug overdose death rates,Drug overdose deaths involving any opioid,1,"Deaths per 100,000 resident population, crude",2,Age,1,35-44 years,1.4,2009,11,35-44 years,1.5,11.3,NULL
Drug overdose death rates,Drug overdose deaths involving any opioid,1,"Deaths per 100,000 resident population, crude",2,Age,1,35-44 years,1.4,2010,12,35-44 years,1.5,11.6,NULL
Drug overdose death rates,Drug overdose deaths involving any opioid,1,"Deaths per 100,000 resident population, crude",2,Age,1,35-44 years,1.4,2011,13,35-44 years,1.5,12.4,NULL
Drug overdose death rates,Drug overdose deaths involving any opioid,1,"Deaths per 100,000 resident population, crude",2,Age,1,35-44 years,1.4,2012,14,35-44 years,1.5,12.6,NULL
Drug overdose death rates,Drug overdose deaths involving any opioid,1,"Deaths per 100,000 resident population, crude",2,Age,1,35-44 years,1.4,2013,15,35-44 years,1.5,13.3,NULL
Drug overdose death rates,Drug overdose deaths involving any opioid,1,"Deaths per 100,000 resident population, crude",2,Age,1,35-44 years,1.4,2014,16,35-44 years,1.5,15.6,NULL
Drug overdose death rates,Drug overdose deaths involving any opioid,1,"Deaths per 100,000 resident population, crude",2,Age,1,35-44 years,1.4,2015,17,35-44 years,1.5,18.4,NULL
Drug overdose death rates,Drug overdose deaths involving any opioid,1,"Deaths per 100,000 resident population, crude",2,Age,1,35-44 years,1.4,2016,18,35-44 years,1.5,24.1,NULL
Drug overdose death rates,Drug overdose deaths involving any opioid,1,"Deaths per 100,000 resident population, crude",2,Age,1,35-44 years,1.4,2017,19,35-44 years,1.5,27.3,NULL
Drug overdose death rates,Drug overdose deaths involving any opioid,1,"Deaths per 100,000 resident population, crude",2,Age,1,45-54 years,1.5,199,1,45-54 years,1.6,5.4,NULL
Drug overdose death rates,Drug overdose deaths involving any opioid,1,"Deaths per 100,000 resident population, crude",2,Age,1,45-54 years,1.5,2000,2,45-54 years,1.6,5.8,NULL
Drug overdose death rates,Drug overdose deaths involving any opioid,1,"Deaths per 100,000 resident population, crude",2,Age,1,45-54 years,1.5,2001,3,45-54 years,1.6,6.6,NULL
Drug overdose death rates,Drug overdose deaths involving any opioid,1,"Deaths per 100,000 resident population, crude",2,Age,1,45-54 years,1.5,2002,4,45-54 years,1.6,8.4,NULL
Drug overdose death rates,Drug overdose deaths involving any opioid,1,"Deaths per 100,000 resident population, crude",2,Age,1,45-54 years,1.5,2003,5,45-54 years,1.6,9.2,NULL
Drug overdose death rates,Drug overdose deaths involving any opioid,1,"Deaths per 100,000 resident population, crude",2,Age,1,45-54 years,1.5,2004,6,45-54 years,1.6,9.6,NULL
Drug overdose death rates,Drug overdose deaths involving any opioid,1,"Deaths per 100,000 resident population, crude",2,Age,1,45-54 years,1.5,2005,7,45-54 years,1.6,10.7,NULL
Drug overdose death rates,Drug overdose deaths involving any opioid,1,"Deaths per 100,000 resident population, crude",2,Age,1,45-54 years,1.5,2006,8,45-54 years,1.6,12.2,NULL
Drug overdose death rates,Drug overdose deaths involving any opioid,1,"Deaths per 100,000 resident population, crude",2,Age,1,45-54 years,1.5,2007,9,45-54 years,1.6,12.5,NULL
Drug overdose death rates,Drug overdose deaths involving any opioid,1,"Deaths per 100,000 resident population, crude",2,Age,1,45-54 years,1.5,2008,10,45-54 years,1.6,13.2,NULL
Drug overdose death rates,Drug overdose deaths involving any opioid,1,"Deaths per 100,000 resident population, crude",2,Age,1,45-54 years,1.5,2009,11,45-54 years,1.6,13.4,NULL
Drug overdose death rates,Drug overdose deaths involving any opioid,1,"Deaths per 100,000 resident population, crude",2,Age,1,45-54 years,1.5,2010,12,45-54 years,1.6,13.2,NULL
Drug overdose death rates,Drug overdose deaths involving any opioid,1,"Deaths per 100,000 resident population, crude",2,Age,1,45-54 years,1.5,2011,13,45-54 years,1.6,14.0,NULL
Drug overdose death rates,Drug overdose deaths involving any opioid,1,"Deaths per 100,000 resident population, crude",2,Age,1,45-54 years,1.5,2012,14,45-54 years,1.6,14.2,NULL
Drug overdose death rates,Drug overdose deaths involving any opioid,1,"Deaths per 100,000 resident population, crude",2,Age,1,45-54 years,1.5,2013,15,45-54 years,1.6,14.8,NULL
Drug overdose death rates,Drug overdose deaths involving any opioid,1,"Deaths per 100,000 resident population, crude",2,Age,1,45-54 years,1.5,2014,16,45-54 years,1.6,16.1,NULL
Drug overdose death rates,Drug overdose deaths involving any opioid,1,"Deaths per 100,000 resident population, crude",2,Age,1,45-54 years,1.5,2015,17,45-54 years,1.6,17.6,NULL
Drug overdose death rates,Drug overdose deaths involving any opioid,1,"Deaths per 100,000 resident population, crude",2,Age,1,45-54 years,1.5,2016,18,45-54 years,1.6,21.2,NULL
Drug overdose death rates,Drug overdose deaths involving any opioid,1,"Deaths per 100,000 resident population, crude",2,Age,1,45-54 years,1.5,2017,19,45-54 years,1.6,24.1,NULL
Drug overdose death rates,Drug overdose deaths involving any opioid,1,"Deaths per 100,000 resident population, crude",2,Age,1,55-64 years,1.6,1999,1,55-64 years,1.7,1.5,NULL
Drug overdose death rates,Drug overdose deaths involving any opioid,1,"Deaths per 100,000 resident population, crude",2,Age,1,55-64 years,1.6,2000,2,55-64 years,1.7,1.6,NULL
Drug overdose death rates,Drug overdose deaths involving any opioid,1,"Deaths per 100,000 resident population, crude",2,Age,1,55-64 years,1.6,2001,3,55-64 years,1.7,2.0,NULL
Drug overdose death rates,Drug overdose deaths involving any opioid,1,"Deaths per 100,000 resident population, crude",2,Age,1,55-64 years,1.6,2002,4,55-64 years,1.7,2.4,NULL
Drug overdose death rates,Drug overdose deaths involving any opioid,1,"Deaths per 100,000 resident population, crude",2,Age,1,55-64 years,1.6,2003,5,55-64 years,1.7,2.9,NULL
Drug overdose death rates,Drug overdose deaths involving any opioid,1,"Deaths per 100,000 resident population, crude",2,Age,1,55-64 years,1.6,2004,6,55-64 years,1.7,3.4,NULL
Drug overdose death rates,Drug overdose deaths involving any opioid,1,"Deaths per 100,000 resident population, crude",2,Age,1,55-64 years,1.6,2005,7,55-64 years,1.7,3.9,NULL
Drug overdose death rates,Drug overdose deaths involving any opioid,1,"Deaths per 100,000 resident population, crude",2,Age,1,55-64 years,1.6,2006,8,55-64 years,1.7,4.8,NULL
Drug overdose death rates,Drug overdose deaths involving any opioid,1,"Deaths per 100,000 resident population, crude",2,Age,1,55-64 years,1.6,2007,9,55-64 years,1.7,5.6,NULL
Drug overdose death rates,Drug overdose deaths involving any opioid,1,"Deaths per 100,000 resident population, crude",2,Age,1,55-64 years,1.6,2008,10,55-64 years,1.7,6.2,NULL
Drug overdose death rates,Drug overdose deaths involving any opioid,1,"Deaths per 100,000 resident population, crude",2,Age,1,55-64 years,1.6,2009,11,55-64 years,1.7,7.0,NULL
Drug overdose death rates,Drug overdose deaths involving any opioid,1,"Deaths per 100,000 resident population, crude",2,Age,1,55-64 years,1.6,2010,12,55-64 years,1.7,7.4,NULL
Drug overdose death rates,Drug overdose deaths involving any opioid,1,"Deaths per 100,000 resident population, crude",2,Age,1,55-64 years,1.6,2011,13,55-64 years,1.7,7.8,NULL
Drug overdose death rates,Drug overdose deaths involving any opioid,1,"Deaths per 100,000 resident population, crude",2,Age,1,55-64 years,1.6,2012,14,55-64 years,1.7,8.3,NULL
Drug overdose death rates,Drug overdose deaths involving any opioid,1,"Deaths per 100,000 resident population, crude",2,Age,1,55-64 years,1.6,2013,15,55-64 years,1.7,9.9,NULL
Drug overdose death rates,Drug overdose deaths involving any opioid,1,"Deaths per 100,000 resident population, crude",2,Age,1,55-64 years,1.6,2014,16,55-64 years,1.7,11.1,NULL
Drug overdose death rates,Drug overdose deaths involving any opioid,1,"Deaths per 100,000 resident population, crude",2,Age,1,55-64 years,1.6,2015,17,55-64 years,1.7,12.4,NULL
Drug overdose death rates,Drug overdose deaths involving any opioid,1,"Deaths per 100,000 resident population, crude",2,Age,1,55-64 years,1.6,2016,18,55-64 years,1.7,15.2,NULL
Drug overdose death rates,Drug overdose deaths involving any opioid,1,"Deaths per 100,000 resident population, crude",2,Age,1,55-64 years,1.6,2017,19,55-64 years,1.7,17.0,NULL
Drug overdose death rates,Drug overdose deaths involving any opioid,1,"Deaths per 100,000 resident population, crude",2,Age,1,65-74 years,1.7,1999,1,65-74 years,1.8,0.5,NULL
Drug overdose death rates,Drug overdose deaths involving any opioid,1,"Deaths per 100,000 resident population, crude",2,Age,1,65-74 years,1.7,2000,2,65-74 years,1.8,0.5,NULL
Drug overdose death rates,Drug overdose deaths involving any opioid,1,"Deaths per 100,000 resident population, crude",2,Age,1,65-74 years,1.7,2001,3,65-74 years,1.8,0.5,NULL
Drug overdose death rates,Drug overdose deaths involving any opioid,1,"Deaths per 100,000 resident population, crude",2,Age,1,65-74 years,1.7,2002,4,65-74 years,1.8,0.8,NULL
Drug overdose death rates,Drug overdose deaths involving any opioid,1,"Deaths per 100,000 resident population, crude",2,Age,1,65-74 years,1.7,2003,5,65-74 years,1.8,0.9,NULL
Drug overdose death rates,Drug overdose deaths involving any opioid,1,"Deaths per 100,000 resident population, crude",2,Age,1,65-74 years,1.7,2004,6,65-74 years,1.8,1.0,NULL
Drug overdose death rates,Drug overdose deaths involving any opioid,1,"Deaths per 100,000 resident population, crude",2,Age,1,65-74 years,1.7,2005,7,65-74 years,1.8,1.2,NULL
Drug overdose death rates,Drug overdose deaths involving any opioid,1,"Deaths per 100,000 resident population, crude",2,Age,1,65-74 years,1.7,2006,8,65-74 years,1.8,1.2,NULL
Drug overdose death rates,Drug overdose deaths involving any opioid,1,"Deaths per 100,000 resident population, crude",2,Age,1,65-74 years,1.7,2007,9,65-74 years,1.8,1.4,NULL
Drug overdose death rates,Drug overdose deaths involving any opioid,1,"Deaths per 100,000 resident population, crude",2,Age,1,65-74 years,1.7,2008,10,65-74 years,1.8,1.7,NULL
Drug overdose death rates,Drug overdose deaths involving any opioid,1,"Deaths per 100,000 resident population, crude",2,Age,1,65-74 years,1.7,2009,11,65-74 years,1.8,1.9,NULL
Drug overdose death rates,Drug overdose deaths involving any opioid,1,"Deaths per 100,000 resident population, crude",2,Age,1,65-74 years,1.7,2010,12,65-74 years,1.8,1.7,NULL
Drug overdose death rates,Drug overdose deaths involving any opioid,1,"Deaths per 100,000 resident population, crude",2,Age,1,65-74 years,1.7,2011,13,65-74 years,1.8,2.1,NULL
Drug overdose death rates,Drug overdose deaths involving any opioid,1,"Deaths per 100,000 resident population, crude",2,Age,1,65-74 years,1.7,2012,14,65-74 years,1.8,2.3,NULL
Drug overdose death rates,Drug overdose deaths involving any opioid,1,"Deaths per 100,000 resident population, crude",2,Age,1,65-74 years,1.7,2013,15,65-74 years,1.8,2.7,NULL
Drug overdose death rates,Drug overdose deaths involving any opioid,1,"Deaths per 100,000 resident population, crude",2,Age,1,65-74 years,1.7,2014,16,65-74 years,1.8,3.3,NULL
Drug overdose death rates,Drug overdose deaths involving any opioid,1,"Deaths per 100,000 resident population, crude",2,Age,1,65-74 years,1.7,2015,17,65-74 years,1.8,3.5,NULL
Drug overdose death rates,Drug overdose deaths involving any opioid,1,"Deaths per 100,000 resident population, crude",2,Age,1,65-74 years,1.7,2016,18,65-74 years,1.8,4.2,NULL
Drug overdose death rates,Drug overdose deaths involving any opioid,1,"Deaths per 100,000 resident population, crude",2,Age,1,65-74 years,1.7,2017,19,65-74 years,1.8,4.9,NULL
Drug overdose death rates,Drug overdose deaths involving any opioid,1,"Deaths per 100,000 resident population, crude",2,Age,1,75-84 years,1.8,1999,1,75-84 years,1.9,0.4,NULL
Drug overdose death rates,Drug overdose deaths involving any opioid,1,"Deaths per 100,000 resident population, crude",2,Age,1,75-84 years,1.8,2000,2,75-84 years,1.9,0.3,NULL
Drug overdose death rates,Drug overdose deaths involving any opioid,1,"Deaths per 100,000 resident population, crude",2,Age,1,75-84 years,1.8,2001,3,75-84 years,1.9,0.4,NULL
Drug overdose death rates,Drug overdose deaths involving any opioid,1,"Deaths per 100,000 resident population, crude",2,Age,1,75-84 years,1.8,2002,4,75-84 years,1.9,0.5,NULL
Drug overdose death rates,Drug overdose deaths involving any opioid,1,"Deaths per 100,000 resident population, crude",2,Age,1,75-84 years,1.8,2003,5,75-84 years,1.9,0.5,NULL
Drug overdose death rates,Drug overdose deaths involving any opioid,1,"Deaths per 100,000 resident population, crude",2,Age,1,75-84 years,1.8,2004,6,75-84 years,1.9,0.6,NULL
Drug overdose death rates,Drug overdose deaths involving any opioid,1,"Deaths per 100,000 resident population, crude",2,Age,1,75-84 years,1.8,2005,7,75-84 years,1.9,0.7,NULL
Drug overdose death rates,Drug overdose deaths involving any opioid,1,"Deaths per 100,000 resident population, crude",2,Age,1,75-84 years,1.8,2006,8,75-84 years,1.9,0.8,NULL
Drug overdose death rates,Drug overdose deaths involving any opioid,1,"Deaths per 100,000 resident population, crude",2,Age,1,75-84 years,1.8,2007,9,75-84 years,1.9,0.7,NULL
Drug overdose death rates,Drug overdose deaths involving any opioid,1,"Deaths per 100,000 resident population, crude",2,Age,1,75-84 years,1.8,2008,10,75-84 years,1.9,0.7,NULL
Drug overdose death rates,Drug overdose deaths involving any opioid,1,"Deaths per 100,000 resident population, crude",2,Age,1,75-84 years,1.8,2009,11,75-84 years,1.9,0.9,NULL
Drug overdose death rates,Drug overdose deaths involving any opioid,1,"Deaths per 100,000 resident population, crude",2,Age,1,75-84 years,1.8,2010,12,75-84 years,1.9,0.8,NULL
Drug overdose death rates,Drug overdose deaths involving any opioid,1,"Deaths per 100,000 resident population, crude",2,Age,1,75-84 years,1.8,2011,13,75-84 years,1.9,0.8,NULL
Drug overdose death rates,Drug overdose deaths involving any opioid,1,"Deaths per 100,000 resident population, crude",2,Age,1,75-84 years,1.8,2012,14,75-84 years,1.9,1.0,NULL
Drug overdose death rates,Drug overdose deaths involving any opioid,1,"Deaths per 100,000 resident population, crude",2,Age,1,75-84 years,1.8,2013,15,75-84 years,1.9,0.9,NULL
Drug overdose death rates,Drug overdose deaths involving any opioid,1,"Deaths per 100,000 resident population, crude",2,Age,1,75-84 years,1.8,2014,16,75-84 years,1.9,1.0,NULL
Drug overdose death rates,Drug overdose deaths involving any opioid,1,"Deaths per 100,000 resident population, crude",2,Age,1,75-84 years,1.8,2015,17,75-84 years,1.9,1.2,NULL
Drug overdose death rates,Drug overdose deaths involving any opioid,1,"Deaths per 100,000 resident population, crude",2,Age,1,75-84 years,1.8,2016,18,75-84 years,1.9,1.2,NULL
Drug overdose death rates,Drug overdose deaths involving any opioid,1,"Deaths per 100,000 resident population, crude",2,Age,1,75-84 years,1.8,2017,19,75-84 years,1.9,1.4,NULL
Drug overdose death rates,Drug overdose deaths involving any opioid,1,"Deaths per 100,000 resident population, crude",2,Age,1,85 years and over,1.9,1999,1,85 years and over,1.91,NULL,*
Drug overdose death rates,Drug overdose deaths involving any opioid,1,"Deaths per 100,000 resident population, crude",2,Age,1,85 years and over,1.9,2000,2,85 years and over,1.91,NULL,*
Drug overdose death rates,Drug overdose deaths involving any opioid,1,"Deaths per 100,000 resident population, crude",2,Age,1,85 years and over,1.9,2001,3,85 years and over,1.91,0.5,NULL
Drug overdose death rates,Drug overdose deaths involving any opioid,1,"Deaths per 100,000 resident population, crude",2,Age,1,85 years and over,1.9,2002,4,85 years and over,1.91,0.8,NULL
Drug overdose death rates,Drug overdose deaths involving any opioid,1,"Deaths per 100,000 resident population, crude",2,Age,1,85 years and over,1.9,2003,5,85 years and over,1.91,0.7,NULL
Drug overdose death rates,Drug overdose deaths involving any opioid,1,"Deaths per 100,000 resident population, crude",2,Age,1,85 years and over,1.9,2004,6,85 years and over,1.91,0.6,NULL
Drug overdose death rates,Drug overdose deaths involving any opioid,1,"Deaths per 100,000 resident population, crude",2,Age,1,85 years and over,1.9,2005,7,85 years and over,1.91,1.0,NULL
Drug overdose death rates,Drug overdose deaths involving any opioid,1,"Deaths per 100,000 resident population, crude",2,Age,1,85 years and over,1.9,2006,8,85 years and over,1.91,0.8,NULL
Drug overdose death rates,Drug overdose deaths involving any opioid,1,"Deaths per 100,000 resident population, crude",2,Age,1,85 years and over,1.9,2007,9,85 years and over,1.91,1.1,NULL
Drug overdose death rates,Drug overdose deaths involving any opioid,1,"Deaths per 100,000 resident population, crude",2,Age,1,85 years and over,1.9,2008,10,85 years and over,1.91,0.8,NULL
Drug overdose death rates,Drug overdose deaths involving any opioid,1,"Deaths per 100,000 resident population, crude",2,Age,1,85 years and over,1.9,2009,11,85 years and over,1.91,0.8,NULL
Drug overdose death rates,Drug overdose deaths involving any opioid,1,"Deaths per 100,000 resident population, crude",2,Age,1,85 years and over,1.9,2010,12,85 years and over,1.91,1.3,NULL
Drug overdose death rates,Drug overdose deaths involving any opioid,1,"Deaths per 100,000 resident population, crude",2,Age,1,85 years and over,1.9,2011,13,85 years and over,1.91,0.9,NULL
Drug overdose death rates,Drug overdose deaths involving any opioid,1,"Deaths per 100,000 resident population, crude",2,Age,1,85 years and over,1.9,2012,14,85 years and over,1.91,0.9,NULL
Drug overdose death rates,Drug overdose deaths involving any opioid,1,"Deaths per 100,000 resident population, crude",2,Age,1,85 years and over,1.9,2013,15,85 years and over,1.91,1.0,NULL
Drug overdose death rates,Drug overdose deaths involving any opioid,1,"Deaths per 100,000 resident population, crude",2,Age,1,85 years and over,1.9,2014,16,85 years and over,1.91,1.1,NULL
Drug overdose death rates,Drug overdose deaths involving any opioid,1,"Deaths per 100,000 resident population, crude",2,Age,1,85 years and over,1.9,2015,17,85 years and over,1.91,0.9,NULL
Drug overdose death rates,Drug overdose deaths involving any opioid,1,"Deaths per 100,000 resident population, crude",2,Age,1,85 years and over,1.9,2016,18,85 years and over,1.91,0.9,NULL
Drug overdose death rates,Drug overdose deaths involving any opioid,1,"Deaths per 100,000 resident population, crude",2,Age,1,85 years and over,1.9,2017,19,85 years and over,1.91,1.2,NULL
Drug overdose death rates,Drug overdose deaths involving any opioid,1,"Deaths per 100,000 resident population, crude",2,Sex,2,Male,2.1,1999,1,All ages,1.1,4.4,NULL
Drug overdose death rates,Drug overdose deaths involving any opioid,1,"Deaths per 100,000 resident population, crude",2,Sex,2,Male,2.1,2000,2,All ages,1.1,4.4,NULL
Drug overdose death rates,Drug overdose deaths involving any opioid,1,"Deaths per 100,000 resident population, crude",2,Sex,2,Male,2.1,2001,3,All ages,1.1,4.8,NULL
Drug overdose death rates,Drug overdose deaths involving any opioid,1,"Deaths per 100,000 resident population, crude",2,Sex,2,Male,2.1,2002,4,All ages,1.1,5.8,NULL
Drug overdose death rates,Drug overdose deaths involving any opioid,1,"Deaths per 100,000 resident population, crude",2,Sex,2,Male,2.1,2003,5,All ages,1.1,6.2,NULL
Drug overdose death rates,Drug overdose deaths involving any opioid,1,"Deaths per 100,000 resident population, crude",2,Sex,2,Male,2.1,2004,6,All ages,1.1,6.3,NULL
Drug overdose death rates,Drug overdose deaths involving any opioid,1,"Deaths per 100,000 resident population, crude",2,Sex,2,Male,2.1,2005,7,All ages,1.1,6.7,NULL
Drug overdose death rates,Drug overdose deaths involving any opioid,1,"Deaths per 100,000 resident population, crude",2,Sex,2,Male,2.1,2006,8,All ages,1.1,7.9,NULL
Drug overdose death rates,Drug overdose deaths involving any opioid,1,"Deaths per 100,000 resident population, crude",2,Sex,2,Male,2.1,2007,9,All ages,1.1,8.1,NULL
Drug overdose death rates,Drug overdose deaths involving any opioid,1,"Deaths per 100,000 resident population, crude",2,Sex,2,Male,2.1,2008,10,All ages,1.1,8.5,NULL
Drug overdose death rates,Drug overdose deaths involving any opioid,1,"Deaths per 100,000 resident population, crude",2,Sex,2,Male,2.1,2009,11,All ages,1.1,8.7,NULL
Drug overdose death rates,Drug overdose deaths involving any opioid,1,"Deaths per 100,000 resident population, crude",2,Sex,2,Male,2.1,2010,12,All ages,1.1,8.8,NULL
Drug overdose death rates,Drug overdose deaths involving any opioid,1,"Deaths per 100,000 resident population, crude",2,Sex,2,Male,2.1,2011,13,All ages,1.1,9.4,NULL
Drug overdose death rates,Drug overdose deaths involving any opioid,1,"Deaths per 100,000 resident population, crude",2,Sex,2,Male,2.1,2012,14,All ages,1.1,9.5,NULL
Drug overdose death rates,Drug overdose deaths involving any opioid,1,"Deaths per 100,000 resident population, crude",2,Sex,2,Male,2.1,2013,15,All ages,1.1,10.3,NULL
Drug overdose death rates,Drug overdose deaths involving any opioid,1,"Deaths per 100,000 resident population, crude",2,Sex,2,Male,2.1,2014,16,All ages,1.1,11.7,NULL
Drug overdose death rates,Drug overdose deaths involving any opioid,1,"Deaths per 100,000 resident population, crude",2,Sex,2,Male,2.1,2015,17,All ages,1.1,13.7,NULL
Drug overdose death rates,Drug overdose deaths involving any opioid,1,"Deaths per 100,000 resident population, crude",2,Sex,2,Male,2.1,2016,18,All ages,1.1,17.9,NULL
Drug overdose death rates,Drug overdose deaths involving any opioid,1,"Deaths per 100,000 resident population, crude",2,Sex,2,Male,2.1,2017,19,All ages,1.1,20.2,NULL
Drug overdose death rates,Drug overdose deaths involving any opioid,1,"Deaths per 100,000 resident population, crude",2,Sex,2,Female,2.2,1999,o1,All ages,1.1,1.4,NULL
Drug overdose death rates,Drug overdose deaths involving any opioid,1,"Deaths per 100,000 resident population, crude",2,Sex,2,Female,2.2,2000,2,All ages,1.1,1.6,NULL
Drug overdose death rates,Drug overdose deaths involving any opioid,1,"Deaths per 100,000 resident population, crude",2,Sex,2,Female,2.2,2001,3,All ages,1.1,1.9,NULL
Drug overdose death rates,Drug overdose deaths involving any opioid,1,"Deaths per 100,000 resident population, crude",2,Sex,2,Female,2.2,2002,4,All ages,1.1,2.6,NULL
Drug overdose death rates,Drug overdose deaths involving any opioid,1,"Deaths per 100,000 resident population, crude",2,Sex,2,Female,2.2,2003,5,All ages,1.1,2.8,NULL
Drug overdose death rates,Drug overdose deaths involving any opioid,1,"Deaths per 100,000 resident population, crude",2,Sex,2,Female,2.2,2004,6,All ages,1.1,3.1,NULL
Drug overdose death rates,Drug overdose deaths involving any opioid,1,"Deaths per 100,000 resident population, crude",2,Sex,2,Female,2.2,2005,7,All ages,1.1,3.4,NULL
Drug overdose death rates,Drug overdose deaths involving any opioid,1,"Deaths per 100,000 resident population, crude",2,Sex,2,Female,2.2,2006,8,All ages,1.1,3.9,NULL
Drug overdose death rates,Drug overdose deaths involving any opioid,1,"Deaths per 100,000 resident population, crude",2,Sex,2,Female,2.2,2007,9,All ages,1.1,4.3,NULL
Drug overdose death rates,Drug overdose deaths involving any opioid,1,"Deaths per 100,000 resident population, crude",2,Sex,2,Female,2.2,2008,10,All ages,1.1,4.4,NULL
Drug overdose death rates,Drug overdose deaths involving any opioid,1,"Deaths per 100,000 resident population, crude",2,Sex,2,Female,2.2,2009,11,All ages,1.1,4.7,NULL
Drug overdose death rates,Drug overdose deaths involving any opioid,1,"Deaths per 100,000 resident population, crude",2,Sex,2,Female,2.2,2010,12,All ages,1.1,4.9,NULL
Drug overdose death rates,Drug overdose deaths involving any opioid,1,"Deaths per 100,000 resident population, crude",2,Sex,2,Female,2.2,2011,13,All ages,1.1,5.3,NULL
Drug overdose death rates,Drug overdose deaths involving any opioid,1,"Deaths per 100,000 resident population, crude",2,Sex,2,Female,2.2,2012,14,All ages,1.1,5.3,NULL
Drug overdose death rates,Drug overdose deaths involving any opioid,1,"Deaths per 100,000 resident population, crude",2,Sex,2,Female,2.2,2013,15,All ages,1.1,5.6,NULL
Drug overdose death rates,Drug overdose deaths involving any opioid,1,"Deaths per 100,000 resident population, crude",2,Sex,2,Female,2.2,2014,16,All ages,1.1,6.3,NULL
Drug overdose death rates,Drug overdose deaths involving any opioid,1,"Deaths per 100,000 resident population, crude",2,Sex,2,Female,2.2,2015,17,All ages,1.1,7.0,NULL
Drug overdose death rates,Drug overdose deaths involving any opioid,1,"Deaths per 100,000 resident population, crude",2,Sex,2,Female,2.2,2016,18,All ages,1.1,8.4,NULL
Drug overdose death rates,Drug overdose deaths involving any opioid,1,"Deaths per 100,000 resident population, crude",2,Sex,2,Female,2.2,2017,19,All ages,1.1,9.2,NULL
Drug overdose death rates,Drug overdose deaths involving any opioid,1,"Deaths per 100,000 resident population, crude",2,Sex and age,3,Male: Under 15 years,3.11,1999,1,Under 15 years,1.2,NULL,*
Drug overdose death rates,Drug overdose deaths involving any opioid,1,"Deaths per 100,000 resident population, crude",2,Sex and age,3,Male: Under 15 years,3.11,2000,2,Under 15 years,1.2,0.1,NULL
Drug overdose death rates,Drug overdose deaths involving any opioid,1,"Deaths per 100,000 resident population, crude",2,Sex and age,3,Male: Under 15 years,3.11,2001,3,Under 15 years,1.2,0.1,NULL
Drug overdose death rates,Drug overdose deaths involving any opioid,1,"Deaths per 100,000 resident population, crude",2,Sex and age,3,Male: Under 15 years,3.11,2002,4,Under 15 years,1.2,0.1,NULL
Drug overdose death rates,Drug overdose deaths involving any opioid,1,"Deaths per 100,000 resident population, crude",2,Sex and age,3,Male: Under 15 years,3.11,2003,5,Under 15 years,1.2,0.1,NULL
Drug overdose death rates,Drug overdose deaths involving any opioid,1,"Deaths per 100,000 resident population, crude",2,Sex and age,3,Male: Under 15 years,3.11,2004,6,Under 15 years,1.2,0.1,NULL
Drug overdose death rates,Drug overdose deaths involving any opioid,1,"Deaths per 100,000 resident population, crude",2,Sex and age,3,Male: Under 15 years,3.11,2005,7,Under 15 years,1.2,0.1,NULL
Drug overdose death rates,Drug overdose deaths involving any opioid,1,"Deaths per 100,000 resident population, crude",2,Sex and age,3,Male: Under 15 years,3.11,2006,8,Under 15 years,1.2,0.1,NULL
Drug overdose death rates,Drug overdose deaths involving any opioid,1,"Deaths per 100,000 resident population, crude",2,Sex and age,3,Male: Under 15 years,3.11,2007,9,Under 15 years,1.2,0.1,NULL
Drug overdose death rates,Drug overdose deaths involving any opioid,1,"Deaths per 100,000 resident population, crude",2,Sex and age,3,Male: Under 15 years,3.11,2008,10,Under 15 years,1.2,0.1,NULL
Drug overdose death rates,Drug overdose deaths involving any opioid,1,"Deaths per 100,000 resident population, crude",2,Sex and age,3,Male: Under 15 years,3.11,2009,11,Under 15 years,1.2,0.1,NULL
Drug overdose death rates,Drug overdose deaths involving any opioid,1,"Deaths per 100,000 resident population, crude",2,Sex and age,3,Male: Under 15 years,3.11,2010,12,Under 15 years,1.2,0.2,NULL
Drug overdose death rates,Drug overdose deaths involving any opioid,1,"Deaths per 100,000 resident population, crude",2,Sex and age,3,Male: Under 15 years,3.11,2011,13,Under 15 years,1.2,0.1,NULL
Drug overdose death rates,Drug overdose deaths involving any opioid,1,"Deaths per 100,000 resident population, crude",2,Sex and age,3,Male: Under 15 years,3.11,2012,14,Under 15 years,1.2,0.1,NULL
Drug overdose death rates,Drug overdose deaths involving any opioid,1,"Deaths per 100,000 resident population, crude",2,Sex and age,3,Male: Under 15 years,3.11,2013,15,Under 15 years,1.2,0.1,NULL
Drug overdose death rates,Drug overdose deaths involving any opioid,1,"Deaths per 100,000 resident population, crude",2,Sex and age,3,Male: Under 15 years,3.11,2014,16,Under 15 years,1.2,0.1,NULL
Drug overdose death rates,Drug overdose deaths involving any opioid,1,"Deaths per 100,000 resident population, crude",2,Sex and age,3,Male: Under 15 years,3.11,2015,17,Under 15 years,1.2,0.1,NULL
Drug overdose death rates,Drug overdose deaths involving any opioid,1,"Deaths per 100,000 resident population, crude",2,Sex and age,3,Male: Under 15 years,3.11,2016,18,Under 15 years,1.2,0.1,NULL
Drug overdose death rates,Drug overdose deaths involving any opioid,1,"Deaths per 100,000 resident population, crude",2,Sex and age,3,Male: Under 15 years,3.11,2017,19,Under 15 years,1.2,0.1,NULL
Drug overdose death rates,Drug overdose deaths involving any opioid,1,"Deaths per 100,000 resident population, crude",2,Sex and age,3,Male: 15-24 years,3.12,1999,1,15-24 years,1.3,2.4,NULL
Drug overdose death rates,Drug overdose deaths involving any opioid,1,"Deaths per 100,000 resident population, crude",2,Sex and age,3,Male: 15-24 years,3.12,2000,2,15-24 years,1.3,2.9,NULL
Drug overdose death rates,Drug overdose deaths involving any opioid,1,"Deaths per 100,000 resident population, crude",2,Sex and age,3,Male: 15-24 years,3.12,2001,3,15-24 years,1.3,3.6,NULL
Drug overdose death rates,Drug overdose deaths involving any opioid,1,"Deaths per 100,000 resident population, crude",2,Sex and age,3,Male: 15-24 years,3.12,2002,4,15-24 years,1.3,4.3,NULL
Drug overdose death rates,Drug overdose deaths involving any opioid,1,"Deaths per 100,000 resident population, crude",2,Sex and age,3,Male: 15-24 years,3.12,2003,5,15-24 years,1.3,5.2,NULL
Drug overdose death rates,Drug overdose deaths involving any opioid,1,"Deaths per 100,000 resident population, crude",2,Sex and age,3,Male: 15-24 years,3.12,2004,6,15-24 years,1.3,5.9,NULL
Drug overdose death rates,Drug overdose deaths involving any opioid,1,"Deaths per 100,000 resident population, crude",2,Sex and age,3,Male: 15-24 years,3.12,2005,7,15-24 years,1.3,6.0,NULL
Drug overdose death rates,Drug overdose deaths involving any opioid,1,"Deaths per 100,000 resident population, crude",2,Sex and age,3,Male: 15-24 years,3.12,2006,8,15-24 years,1.3,7.5,NULL
Drug overdose death rates,Drug overdose deaths involving any opioid,1,"Deaths per 100,000 resident population, crude",2,Sex and age,3,Male: 15-24 years,3.12,2007,9,15-24 years,1.3,7.6,NULL
Drug overdose death rates,Drug overdose deaths involving any opioid,1,"Deaths per 100,000 resident population, crude",2,Sex and age,3,Male: 15-24 years,3.12,2008,10,15-24 years,1.3,8.1,NULL
Drug overdose death rates,Drug overdose deaths involving any opioid,1,"Deaths per 100,000 resident population, crude",2,Sex and age,3,Male: 15-24 years,3.12,2009,11,15-24 years,1.3,7.7,NULL
Drug overdose death rates,Drug overdose deaths involving any opioid,1,"Deaths per 100,000 resident population, crude",2,Sex and age,3,Male: 15-24 years,3.12,2010,12,15-24 years,1.3,8.0,NULL
Drug overdose death rates,Drug overdose deaths involving any opioid,1,"Deaths per 100,000 resident population, crude",2,Sex and age,3,Male: 15-24 years,3.12,2011,13,15-24 years,1.3,8.6,NULL
Drug overdose death rates,Drug overdose deaths involving any opioid,1,"Deaths per 100,000 resident population, crude",2,Sex and age,3,Male: 15-24 years,3.12,2012,14,15-24 years,1.3,7.9,NULL
Drug overdose death rates,Drug overdose deaths involving any opioid,1,"Deaths per 100,000 resident population, crude",2,Sex and age,3,Male: 15-24 years,3.12,2013,15,15-24 years,1.3,8.2,NULL
Drug overdose death rates,Drug overdose deaths involving any opioid,1,"Deaths per 100,000 resident population, crude",2,Sex and age,3,Male: 15-24 years,3.12,2014,16,15-24 years,1.3,8.9,NULL
Drug overdose death rates,Drug overdose deaths involving any opioid,1,"Deaths per 100,000 resident population, crude",2,Sex and age,3,Male: 15-24 years,3.12,2015,17,15-24 years,1.3,9.8,NULL
Drug overdose death rates,Drug overdose deaths involving any opioid,1,"Deaths per 100,000 resident population, crude",2,Sex and age,3,Male: 15-24 years,3.12,2016,18,15-24 years,1.3,13.4,NULL
Drug overdose death rates,Drug overdose deaths involving any opioid,1,"Deaths per 100,000 resident population, crude",2,Sex and age,3,Male: 15-24 years,3.12,2017,19,15-24 years,1.3,13.0,NULL
Drug overdose death rates,Drug overdose deaths involving any opioid,1,"Deaths per 100,000 resident population, crude",2,Sex and age,3,Male: 25-34 years,3.13,1999,1,25-34 years,1.4,6.3,NULL
Drug overdose death rates,Drug overdose deaths involving any opioid,1,"Deaths per 100,000 resident population, crude",2,Sex and age,3,Male: 25-34 years,3.13,2000,2,25-34 years,1.4,6.2,NULL
Drug overdose death rates,Drug overdose deaths involving any opioid,1,"Deaths per 100,000 resident population, crude",2,Sex and age,3,Male: 25-34 years,3.13,2001,3,25-34 years,1.4,6.6,NULL
Drug overdose death rates,Drug overdose deaths involving any opioid,1,"Deaths per 100,000 resident population, crude",2,Sex and age,3,Male: 25-34 years,3.13,2002,4,25-34 years,1.4,8.2,NULL
Drug overdose death rates,Drug overdose deaths involving any opioid,1,"Deaths per 100,000 resident population, crude",2,Sex and age,3,Male: 25-34 years,3.13,2003,5,25-34 years,1.4,8.9,NULL
Drug overdose death rates,Drug overdose deaths involving any opioid,1,"Deaths per 100,000 resident population, crude",2,Sex and age,3,Male: 25-34 years,3.13,2004,6,25-34 years,1.4,9.4,NULL
Drug overdose death rates,Drug overdose deaths involving any opioid,1,"Deaths per 100,000 resident population, crude",2,Sex and age,3,Male: 25-34 years,3.13,2005,7,25-34 years,1.4,10.5,NULL
Drug overdose death rates,Drug overdose deaths involving any opioid,1,"Deaths per 100,000 resident population, crude",2,Sex and age,3,Male: 25-34 years,3.13,2006,8,25-34 years,1.4,13.1,NULL
Drug overdose death rates,Drug overdose deaths involving any opioid,1,"Deaths per 100,000 resident population, crude",2,Sex and age,3,Male: 25-34 years,3.13,2007,9,25-34 years,1.4,13.9,NULL
Drug overdose death rates,Drug overdose deaths involving any opioid,1,"Deaths per 100,000 resident population, crude",2,Sex and age,3,Male: 25-34 years,3.13,2008,10,25-34 years,1.4,14.7,NULL
Drug overdose death rates,Drug overdose deaths involving any opioid,1,"Deaths per 100,000 resident population, crude",2,Sex and age,3,Male: 25-34 years,3.13,2009,11,25-34 years,1.4,15.6,NULL
Drug overdose death rates,Drug overdose deaths involving any opioid,1,"Deaths per 100,000 resident population, crude",2,Sex and age,3,Male: 25-34 years,3.13,2010,12,25-34 years,1.4,16.2,NULL
Drug overdose death rates,Drug overdose deaths involving any opioid,1,"Deaths per 100,000 resident population, crude",2,Sex and age,3,Male: 25-34 years,3.13,2011,13,25-34 years,1.4,17.9,NULL
Drug overdose death rates,Drug overdose deaths involving any opioid,1,"Deaths per 100,000 resident population, crude",2,Sex and age,3,Male: 25-34 years,3.13,2012,14,25-34 years,1.4,17.8,NULL
Drug overdose death rates,Drug overdose deaths involving any opioid,1,"Deaths per 100,000 resident population, crude",2,Sex and age,3,Male: 25-34 years,3.13,2013,15,25-34 years,1.4,19.7,NULL
Drug overdose death rates,Drug overdose deaths involving any opioid,1,"Deaths per 100,000 resident population, crude",2,Sex and age,3,Male: 25-34 years,3.13,2014,16,25-34 years,1.4,23.4,NULL
Drug overdose death rates,Drug overdose deaths involving any opioid,1,"Deaths per 100,000 resident population, crude",2,Sex and age,3,Male: 25-34 years,3.13,2015,17,25-34 years,1.4,28.2,NULL
Drug overdose death rates,Drug overdose deaths involving any opioid,1,"Deaths per 100,000 resident population, crude",2,Sex and age,3,Male: 25-34 years,3.13,2016,18,25-34 years,1.4,37.3,NULL
Drug overdose death rates,Drug overdose deaths involving any opioid,1,"Deaths per 100,000 resident population, crude",2,Sex and age,3,Male: 25-34 years,3.13,2017,19,25-34 years,1.4,41.7,NULL
Drug overdose death rates,Drug overdose deaths involving any opioid,1,"Deaths per 100,000 resident population, crude",2,Sex and age,3,Male: 35-44 years,3.14,9199,1,35-44 years,1.5,10.9,NULL
Drug overdose death rates,Drug overdose deaths involving any opioid,1,"Deaths per 100,000 resident population, crude",2,Sex and age,3,Male: 35-44 years,3.14,2000,2,35-44 years,1.5,10.7,NULL
Drug overdose death rates,Drug overdose deaths involving any opioid,1,"Deaths per 100,000 resident population, crude",2,Sex and age,3,Male: 35-44 years,3.14,2001,3,35-44 years,1.5,11.0,NULL
Drug overdose death rates,Drug overdose deaths involving any opioid,1,"Deaths per 100,000 resident population, crude",2,Sex and age,3,Male: 35-44 years,3.14,2002,4,35-44 years,1.5,12.9,NULL
Drug overdose death rates,Drug overdose deaths involving any opioid,1,"Deaths per 100,000 resident population, crude",2,Sex and age,3,Male: 35-44 years,3.14,2003,5,35-44 years,1.5,13.0,NULL
Drug overdose death rates,Drug overdose deaths involving any opioid,1,"Deaths per 100,000 resident population, crude",2,Sex and age,3,Male: 35-44 years,3.14,2004,6,35-44 years,1.5,12.5,NULL
Drug overdose death rates,Drug overdose deaths involving any opioid,1,"Deaths per 100,000 resident population, crude",2,Sex and age,3,Male: 35-44 years,3.14,2005,7,35-44 years,1.5,12.3,NULL
Drug overdose death rates,Drug overdose deaths involving any opioid,1,"Deaths per 100,000 resident population, crude",2,Sex and age,3,Male: 35-44 years,3.14,2006,8,35-44 years,1.5,14.2,NULL
Drug overdose death rates,Drug overdose deaths involving any opioid,1,"Deaths per 100,000 resident population, crude",2,Sex and age,3,Male: 35-44 years,3.14,2007,9,35-44 years,1.5,14.1,NULL
Drug overdose death rates,Drug overdose deaths involving any opioid,1,"Deaths per 100,000 resident population, crude",2,Sex and age,3,Male: 35-44 years,3.14,2008,10,35-44 years,1.5,14.4,NULL
Drug overdose death rates,Drug overdose deaths involving any opioid,1,"Deaths per 100,000 resident population, crude",2,Sex and age,3,Male: 35-44 years,3.14,2009,11,35-44 years,1.5,14.8,NULL
Drug overdose death rates,Drug overdose deaths involving any opioid,1,"Deaths per 100,000 resident population, crude",2,Sex and age,3,Male: 35-44 years,3.14,2010,12,35-44 years,1.5,14.7,NULL
Drug overdose death rates,Drug overdose deaths involving any opioid,1,"Deaths per 100,000 resident population, crude",2,Sex and age,3,Male: 35-44 years,3.14,2011,13,35-44 years,1.5,15.6,NULL
Drug overdose death rates,Drug overdose deaths involving any opioid,1,"Deaths per 100,000 resident population, crude",2,Sex and age,3,Male: 35-44 years,3.14,2012,14,35-44 years,1.5,16.3,NULL
Drug overdose death rates,Drug overdose deaths involving any opioid,1,"Deaths per 100,000 resident population, crude",2,Sex and age,3,Male: 35-44 years,3.14,2013,15,35-44 years,1.5,16.9,NULL
Drug overdose death rates,Drug overdose deaths involving any opioid,1,"Deaths per 100,000 resident population, crude",2,Sex and age,3,Male: 35-44 years,3.14,2014,16,35-44 years,1.5,20.1,NULL
Drug overdose death rates,Drug overdose deaths involving any opioid,1,"Deaths per 100,000 resident population, crude",2,Sex and age,3,Male: 35-44 years,3.14,2015,17,35-44 years,1.5,24.5,NULL
Drug overdose death rates,Drug overdose deaths involving any opioid,1,"Deaths per 100,000 resident population, crude",2,Sex and age,3,Male: 35-44 years,3.14,2016,18,35-44 years,1.5,33.3,NULL
Drug overdose death rates,Drug overdose deaths involving any opioid,1,"Deaths per 100,000 resident population, crude",2,Sex and age,3,Male: 35-44 years,3.14,2017,19,35-44 years,1.5,38.1,NULL
Drug overdose death rates,Drug overdose deaths involving any opioid,1,"Deaths per 100,000 resident population, crude",2,Sex and age,3,Male: 45-54 years,3.15,1999,u1,45-54 years,1.6,8.2,NULL
Drug overdose death rates,Drug overdose deaths involving any opioid,1,"Deaths per 100,000 resident population, crude",2,Sex and age,3,Male: 45-54 years,3.15,2000,2,45-54 years,1.6,8.6,NULL
Drug overdose death rates,Drug overdose deaths involving any opioid,1,"Deaths per 100,000 resident population, crude",2,Sex and age,3,Male: 45-54 years,3.15,2001,3,45-54 years,1.6,9.4,NULL
Drug overdose death rates,Drug overdose deaths involving any opioid,1,"Deaths per 100,000 resident population, crude",2,Sex and age,3,Male: 45-54 years,3.15,2002,4,45-54 years,1.6,11.4,NULL
Drug overdose death rates,Drug overdose deaths involving any opioid,1,"Deaths per 100,000 resident population, crude",2,Sex and age,3,Male: 45-54 years,3.15,2003,5,45-54 years,1.6,12.3,NULL
Drug overdose death rates,Drug overdose deaths involving any opioid,1,"Deaths per 100,000 resident population, crude",2,Sex and age,3,Male: 45-54 years,3.15,2004,6,45-54 years,1.6,12.3,NULL
Drug overdose death rates,Drug overdose deaths involving any opioid,1,"Deaths per 100,000 resident population, crude",2,Sex and age,3,Male: 45-54 years,3.15,2005,7,45-54 years,1.6,13.6,NULL
Drug overdose death rates,Drug overdose deaths involving any opioid,1,"Deaths per 100,000 resident population, crude",2,Sex and age,3,Male: 45-54 years,3.15,2006,8,45-54 years,1.6,15.3,NULL
Drug overdose death rates,Drug overdose deaths involving any opioid,1,"Deaths per 100,000 resident population, crude",2,Sex and age,3,Male: 45-54 years,3.15,2007,9,45-54 years,1.6,14.8,NULL
Drug overdose death rates,Drug overdose deaths involving any opioid,1,"Deaths per 100,000 resident population, crude",2,Sex and age,3,Male: 45-54 years,3.15,2008,10,45-54 years,1.6,16.0,NULL
Drug overdose death rates,Drug overdose deaths involving any opioid,1,"Deaths per 100,000 resident population, crude",2,Sex and age,3,Male: 45-54 years,3.15,2009,11,45-54 years,1.6,15.8,NULL
Drug overdose death rates,Drug overdose deaths involving any opioid,1,"Deaths per 100,000 resident population, crude",2,Sex and age,3,Male: 45-54 years,3.15,2010,12,45-54 years,1.6,15.4,NULL
Drug overdose death rates,Drug overdose deaths involving any opioid,1,"Deaths per 100,000 resident population, crude",2,Sex and age,3,Male: 45-54 years,3.15,2011,13,45-54 years,1.6,16.3,NULL
Drug overdose death rates,Drug overdose deaths involving any opioid,1,"Deaths per 100,000 resident population, crude",2,Sex and age,3,Male: 45-54 years,3.15,2012,14,45-54 years,1.6,16.6,NULL
Drug overdose death rates,Drug overdose deaths involving any opioid,1,"Deaths per 100,000 resident population, crude",2,Sex and age,3,Male: 45-54 years,3.15,2013,15,45-54 years,1.6,17.4,NULL
Drug overdose death rates,Drug overdose deaths involving any opioid,1,"Deaths per 100,000 resident population, crude",2,Sex and age,3,Male: 45-54 years,3.15,2014,16,45-54 years,1.6,19.2,NULL
Drug overdose death rates,Drug overdose deaths involving any opioid,1,"Deaths per 100,000 resident population, crude",2,Sex and age,3,Male: 45-54 years,3.15,2015,17,45-54 years,1.6,21.2,NULL
Drug overdose death rates,Drug overdose deaths involving any opioid,1,"Deaths per 100,000 resident population, crude",2,Sex and age,3,Male: 45-54 years,3.15,2016,18,45-54 years,1.6,26.8,NULL
Drug overdose death rates,Drug overdose deaths involving any opioid,1,"Deaths per 100,000 resident population, crude",2,Sex and age,3,Male: 45-54 years,3.15,2017,19,45-54 years,1.6,31.5,NULL
Drug overdose death rates,Drug overdose deaths involving any opioid,1,"Deaths per 100,000 resident population, crude",2,Sex and age,3,Male: 55-64 years,3.16,1999,1,55-64 years,1.7,2.0,NULL
Drug overdose death rates,Drug overdose deaths involving any opioid,1,"Deaths per 100,000 resident population, crude",2,Sex and age,3,Male: 55-64 years,3.16,2000,2,55-64 years,1.7,1.9,NULL
Drug overdose death rates,Drug overdose deaths involving any opioid,1,"Deaths per 100,000 resident population, crude",2,Sex and age,3,Male: 55-64 years,3.16,2001,3,55-64 years,1.7,2.4,NULL
Drug overdose death rates,Drug overdose deaths involving any opioid,1,"Deaths per 100,000 resident population, crude",2,Sex and age,3,Male: 55-64 years,3.16,2002,4,55-64 years,1.7,3.1,NULL
Drug overdose death rates,Drug overdose deaths involving any opioid,1,"Deaths per 100,000 resident population, crude",2,Sex and age,3,Male: 55-64 years,3.16,2003,5,55-64 years,1.7,3.6,NULL
Drug overdose death rates,Drug overdose deaths involving any opioid,1,"Deaths per 100,000 resident population, crude",2,Sex and age,3,Male: 55-64 years,3.16,2004,6,55-64 years,1.7,4.1,NULL
Drug overdose death rates,Drug overdose deaths involving any opioid,1,"Deaths per 100,000 resident population, crude",2,Sex and age,3,Male: 55-64 years,3.16,2005,7,55-64 years,1.7,4.7,NULL
Drug overdose death rates,Drug overdose deaths involving any opioid,1,"Deaths per 100,000 resident population, crude",2,Sex and age,3,Male: 55-64 years,3.16,2006,8,55-64 years,1.7,5.6,NULL
Drug overdose death rates,Drug overdose deaths involving any opioid,1,"Deaths per 100,000 resident population, crude",2,Sex and age,3,Male: 55-64 years,3.16,2007,9,55-64 years,1.7,6.5,NULL
Drug overdose death rates,Drug overdose deaths involving any opioid,1,"Deaths per 100,000 resident population, crude",2,Sex and age,3,Male: 55-64 years,3.16,2008,10,55-64 years,1.7,7.3,NULL
Drug overdose death rates,Drug overdose deaths involving any opioid,1,"Deaths per 100,000 resident population, crude",2,Sex and age,3,Male: 55-64 years,3.16,2009,11,55-64 years,1.7,8.3,NULL
Drug overdose death rates,Drug overdose deaths involving any opioid,1,"Deaths per 100,000 resident population, crude",2,Sex and age,3,Male: 55-64 years,3.16,2010,12,55-64 years,1.7,8.7,NULL
Drug overdose death rates,Drug overdose deaths involving any opioid,1,"Deaths per 100,000 resident population, crude",2,Sex and age,3,Male: 55-64 years,3.16,2011,13,55-64 years,1.7,9.2,NULL
Drug overdose death rates,Drug overdose deaths involving any opioid,1,"Deaths per 100,000 resident population, crude",2,Sex and age,3,Male: 55-64 years,3.16,2012,14,55-64 years,1.7,10.1,NULL
Drug overdose death rates,Drug overdose deaths involving any opioid,1,"Deaths per 100,000 resident population, crude",2,Sex and age,3,Male: 55-64 years,3.16,2013,15,55-64 years,1.7,11.9,NULL
Drug overdose death rates,Drug overdose deaths involving any opioid,1,"Deaths per 100,000 resident population, crude",2,Sex and age,3,Male: 55-64 years,3.16,2014,16,55-64 years,1.7,13.4,NULL
Drug overdose death rates,Drug overdose deaths involving any opioid,1,"Deaths per 100,000 resident population, crude",2,Sex and age,3,Male: 55-64 years,3.16,2015,17,55-64 years,1.7,15.3,NULL
Drug overdose death rates,Drug overdose deaths involving any opioid,1,"Deaths per 100,000 resident population, crude",2,Sex and age,3,Male: 55-64 years,3.16,2016,18,55-64 years,1.7,19.3,NULL
Drug overdose death rates,Drug overdose deaths involving any opioid,1,"Deaths per 100,000 resident population, crude",2,Sex and age,3,Male: 55-64 years,3.16,2017,19,55-64 years,1.7,22.1,NULL
Drug overdose death rates,Drug overdose deaths involving any opioid,1,"Deaths per 100,000 resident population, crude",2,Sex and age,3,Male: 65-74 years,3.17,1999,z1,65-74 years,1.8,0.7,NULL
Drug overdose death rates,Drug overdose deaths involving any opioid,1,"Deaths per 100,000 resident population, crude",2,Sex and age,3,Male: 65-74 years,3.17,2000,2,65-74 years,1.8,0.5,NULL
Drug overdose death rates,Drug overdose deaths involving any opioid,1,"Deaths per 100,000 resident population, crude",2,Sex and age,3,Male: 65-74 years,3.17,2001,3,65-74 years,1.8,0.6,NULL
Drug overdose death rates,Drug overdose deaths involving any opioid,1,"Deaths per 100,000 resident population, crude",2,Sex and age,3,Male: 65-74 years,3.17,2002,4,65-74 years,1.8,0.8,NULL
Drug overdose death rates,Drug overdose deaths involving any opioid,1,"Deaths per 100,000 resident population, crude",2,Sex and age,3,Male: 65-74 years,3.17,2003,5,65-74 years,1.8,1.0,NULL
Drug overdose death rates,Drug overdose deaths involving any opioid,1,"Deaths per 100,000 resident population, crude",2,Sex and age,3,Male: 65-74 years,3.17,2004,6,65-74 years,1.8,1.0,NULL
Drug overdose death rates,Drug overdose deaths involving any opioid,1,"Deaths per 100,000 resident population, crude",2,Sex and age,3,Male: 65-74 years,3.17,2005,7,65-74 years,1.8,1.0,NULL
Drug overdose death rates,Drug overdose deaths involving any opioid,1,"Deaths per 100,000 resident population, crude",2,Sex and age,3,Male: 65-74 years,3.17,2006,8,65-74 years,1.8,1.3,NULL
Drug overdose death rates,Drug overdose deaths involving any opioid,1,"Deaths per 100,000 resident population, crude",2,Sex and age,3,Male: 65-74 years,3.17,2007,9,65-74 years,1.8,1.4,NULL
Drug overdose death rates,Drug overdose deaths involving any opioid,1,"Deaths per 100,000 resident population, crude",2,Sex and age,3,Male: 65-74 years,3.17,2008,10,65-74 years,1.8,1.8,NULL
Drug overdose death rates,Drug overdose deaths involving any opioid,1,"Deaths per 100,000 resident population, crude",2,Sex and age,3,Male: 65-74 years,3.17,2009,11,65-74 years,1.8,1.9,NULL
Drug overdose death rates,Drug overdose deaths involving any opioid,1,"Deaths per 100,000 resident population, crude",2,Sex and age,3,Male: 65-74 years,3.17,2010,12,65-74 years,1.8,1.6,NULL
Drug overdose death rates,Drug overdose deaths involving any opioid,1,"Deaths per 100,000 resident population, crude",2,Sex and age,3,Male: 65-74 years,3.17,2011,13,65-74 years,1.8,2.0,NULL
Drug overdose death rates,Drug overdose deaths involving any opioid,1,"Deaths per 100,000 resident population, crude",2,Sex and age,3,Male: 65-74 years,3.17,2012,14,65-74 years,1.8,2.4,NULL
Drug overdose death rates,Drug overdose deaths involving any opioid,1,"Deaths per 100,000 resident population, crude",2,Sex and age,3,Male: 65-74 years,3.17,2013,15,65-74 years,1.8,2.8,NULL
Drug overdose death rates,Drug overdose deaths involving any opioid,1,"Deaths per 100,000 resident population, crude",2,Sex and age,3,Male: 65-74 years,3.17,2014,16,65-74 years,1.8,3.4,NULL
Drug overdose death rates,Drug overdose deaths involving any opioid,1,"Deaths per 100,000 resident population, crude",2,Sex and age,3,Male: 65-74 years,3.17,2015,17,65-74 years,1.8,4.4,NULL
Drug overdose death rates,Drug overdose deaths involving any opioid,1,"Deaths per 100,000 resident population, crude",2,Sex and age,3,Male: 65-74 years,3.17,2016,18,65-74 years,1.8,5.3,NULL
Drug overdose death rates,Drug overdose deaths involving any opioid,1,"Deaths per 100,000 resident population, crude",2,Sex and age,3,Male: 65-74 years,3.17,2017,19,65-74 years,1.8,6.3,NULL
Drug overdose death rates,Drug overdose deaths involving any opioid,1,"Deaths per 100,000 resident population, crude",2,Sex and age,3,Male: 75-84 years,3.18,1999,g1,75-84 years,1.9,0.5,NULL
Drug overdose death rates,Drug overdose deaths involving any opioid,1,"Deaths per 100,000 resident population, crude",2,Sex and age,3,Male: 75-84 years,3.18,2000,2,75-84 years,1.9,NULL,*
Drug overdose death rates,Drug overdose deaths involving any opioid,1,"Deaths per 100,000 resident population, crude",2,Sex and age,3,Male: 75-84 years,3.18,2001,3,75-84 years,1.9,0.5,NULL
Drug overdose death rates,Drug overdose deaths involving any opioid,1,"Deaths per 100,000 resident population, crude",2,Sex and age,3,Male: 75-84 years,3.18,2002,4,75-84 years,1.9,0.5,NULL
Drug overdose death rates,Drug overdose deaths involving any opioid,1,"Deaths per 100,000 resident population, crude",2,Sex and age,3,Male: 75-84 years,3.18,2003,5,75-84 years,1.9,0.4,NULL
Drug overdose death rates,Drug overdose deaths involving any opioid,1,"Deaths per 100,000 resident population, crude",2,Sex and age,3,Male: 75-84 years,3.18,2004,6,75-84 years,1.9,0.5,NULL
Drug overdose death rates,Drug overdose deaths involving any opioid,1,"Deaths per 100,000 resident population, crude",2,Sex and age,3,Male: 75-84 years,3.18,2005,7,75-84 years,1.9,0.6,NULL
Drug overdose death rates,Drug overdose deaths involving any opioid,1,"Deaths per 100,000 resident population, crude",2,Sex and age,3,Male: 75-84 years,3.18,2006,8,75-84 years,1.9,0.7,NULL
Drug overdose death rates,Drug overdose deaths involving any opioid,1,"Deaths per 100,000 resident population, crude",2,Sex and age,3,Male: 75-84 years,3.18,2007,9,75-84 years,1.9,0.6,NULL
Drug overdose death rates,Drug overdose deaths involving any opioid,1,"Deaths per 100,000 resident population, crude",2,Sex and age,3,Male: 75-84 years,3.18,2008,10,75-84 years,1.9,0.6,NULL
Drug overdose death rates,Drug overdose deaths involving any opioid,1,"Deaths per 100,000 resident population, crude",2,Sex and age,3,Male: 75-84 years,3.18,2009,11,75-84 years,1.9,0.8,NULL
Drug overdose death rates,Drug overdose deaths involving any opioid,1,"Deaths per 100,000 resident population, crude",2,Sex and age,3,Male: 75-84 years,3.18,2010,12,75-84 years,1.9,0.8,NULL
Drug overdose death rates,Drug overdose deaths involving any opioid,1,"Deaths per 100,000 resident population, crude",2,Sex and age,3,Male: 75-84 years,3.18,2011,13,75-84 years,1.9,0.8,NULL
Drug overdose death rates,Drug overdose deaths involving any opioid,1,"Deaths per 100,000 resident population, crude",2,Sex and age,3,Male: 75-84 years,3.18,2012,14,75-84 years,1.9,0.9,NULL
Drug overdose death rates,Drug overdose deaths involving any opioid,1,"Deaths per 100,000 resident population, crude",2,Sex and age,3,Male: 75-84 years,3.18,2013,15,75-84 years,1.9,1.0,NULL
Drug overdose death rates,Drug overdose deaths involving any opioid,1,"Deaths per 100,000 resident population, crude",2,Sex and age,3,Male: 75-84 years,3.18,2014,16,75-84 years,1.9,1.0,NULL
Drug overdose death rates,Drug overdose deaths involving any opioid,1,"Deaths per 100,000 resident population, crude",2,Sex and age,3,Male: 75-84 years,3.18,2015,17,75-84 years,1.9,1.2,NULL
Drug overdose death rates,Drug overdose deaths involving any opioid,1,"Deaths per 100,000 resident population, crude",2,Sex and age,3,Male: 75-84 years,3.18,2016,18,75-84 years,1.9,1.4,NULL
Drug overdose death rates,Drug overdose deaths involving any opioid,1,"Deaths per 100,000 resident population, crude",2,Sex and age,3,Male: 75-84 years,3.18,2017,19,75-84 years,1.9,1.4,NULL
Drug overdose death rates,Drug overdose deaths involving any opioid,1,"Deaths per 100,000 resident population, crude",2,Sex and age,3,Male: 85 years and over,3.19,1999,1,85 years and over,1.91,NULL,*
Drug overdose death rates,Drug overdose deaths involving any opioid,1,"Deaths per 100,000 resident population, crude",2,Sex and age,3,Male: 85 years and over,3.19,2000,2,85 years and over,1.91,NULL,*
Drug overdose death rates,Drug overdose deaths involving any opioid,1,"Deaths per 100,000 resident population, crude",2,Sex and age,3,Male: 85 years and over,3.19,2001,3,85 years and over,1.91,NULL,*
Drug overdose death rates,Drug overdose deaths involving any opioid,1,"Deaths per 100,000 resident population, crude",2,Sex and age,3,Male: 85 years and over,3.19,2002,4,85 years and over,1.91,NULL,*
Drug overdose death rates,Drug overdose deaths involving any opioid,1,"Deaths per 100,000 resident population, crude",2,Sex and age,3,Male: 85 years and over,3.19,2003,5,85 years and over,1.91,NULL,*
Drug overdose death rates,Drug overdose deaths involving any opioid,1,"Deaths per 100,000 resident population, crude",2,Sex and age,3,Male: 85 years and over,3.19,2004,6,85 years and over,1.91,NULL,*
Drug overdose death rates,Drug overdose deaths involving any opioid,1,"Deaths per 100,000 resident population, crude",2,Sex and age,3,Male: 85 years and over,3.19,2005,7,85 years and over,1.91,NULL,*
Drug overdose death rates,Drug overdose deaths involving any opioid,1,"Deaths per 100,000 resident population, crude",2,Sex and age,3,Male: 85 years and over,3.19,2006,8,85 years and over,1.91,NULL,*
Drug overdose death rates,Drug overdose deaths involving any opioid,1,"Deaths per 100,000 resident population, crude",2,Sex and age,3,Male: 85 years and over,3.19,2007,9,85 years and over,1.91,1.4,NULL
Drug overdose death rates,Drug overdose deaths involving any opioid,1,"Deaths per 100,000 resident population, crude",2,Sex and age,3,Male: 85 years and over,3.19,2008,10,85 years and over,1.91,NULL,*
Drug overdose death rates,Drug overdose deaths involving any opioid,1,"Deaths per 100,000 resident population, crude",2,Sex and age,3,Male: 85 years and over,3.19,2009,11,85 years and over,1.91,1.3,NULL
Drug overdose death rates,Drug overdose deaths involving any opioid,1,"Deaths per 100,000 resident population, crude",2,Sex and age,3,Male: 85 years and over,3.19,2010,12,85 years and over,1.91,1.4,NULL
Drug overdose death rates,Drug overdose deaths involving any opioid,1,"Deaths per 100,000 resident population, crude",2,Sex and age,3,Male: 85 years and over,3.19,2011,13,85 years and over,1.91,NULL,*
Drug overdose death rates,Drug overdose deaths involving any opioid,1,"Deaths per 100,000 resident population, crude",2,Sex and age,3,Male: 85 years and over,3.19,2012,14,85 years and over,1.91,1.0,NULL
Drug overdose death rates,Drug overdose deaths involving any opioid,1,"Deaths per 100,000 resident population, crude",2,Sex and age,3,Male: 85 years and over,3.19,2013,15,85 years and over,1.91,1.5,NULL
Drug overdose death rates,Drug overdose deaths involving any opioid,1,"Deaths per 100,000 resident population, crude",2,Sex and age,3,Male: 85 years and over,3.19,2014,16,85 years and over,1.91,0.9,NULL
Drug overdose death rates,Drug overdose deaths involving any opioid,1,"Deaths per 100,000 resident population, crude",2,Sex and age,3,Male: 85 years and over,3.19,2015,17,85 years and over,1.91,0.9,NULL
Drug overdose death rates,Drug overdose deaths involving any opioid,1,"Deaths per 100,000 resident population, crude",2,Sex and age,3,Male: 85 years and over,3.19,2016,18,85 years and over,1.91,1.0,NULL
Drug overdose death rates,Drug overdose deaths involving any opioid,1,"Deaths per 100,000 resident population, crude",2,Sex and age,3,Male: 85 years and over,3.19,2017,19,85 years and over,1.91,1.2,NULL
Drug overdose death rates,Drug overdose deaths involving any opioid,1,"Deaths per 100,000 resident population, crude",2,Sex and age,3,Female: Under 15 years,3.21,1999,1,Under 15 years,1.2,NULL,*
Drug overdose death rates,Drug overdose deaths involving any opioid,1,"Deaths per 100,000 resident population, crude",2,Sex and age,3,Female: Under 15 years,3.21,2000,2,Under 15 years,1.2,NULL,*
Drug overdose death rates,Drug overdose deaths involving any opioid,1,"Deaths per 100,000 resident population, crude",2,Sex and age,3,Female: Under 15 years,3.21,2001,3,Under 15 years,1.2,NULL,*
Drug overdose death rates,Drug overdose deaths involving any opioid,1,"Deaths per 100,000 resident population, crude",2,Sex and age,3,Female: Under 15 years,3.21,2002,4,Under 15 years,1.2,NULL,*
Drug overdose death rates,Drug overdose deaths involving any opioid,1,"Deaths per 100,000 resident population, crude",2,Sex and age,3,Female: Under 15 years,3.21,2003,5,Under 15 years,1.2,NULL,*
Drug overdose death rates,Drug overdose deaths involving any opioid,1,"Deaths per 100,000 resident population, crude",2,Sex and age,3,Female: Under 15 years,3.21,2004,6,Under 15 years,1.2,0.1,NULL
Drug overdose death rates,Drug overdose deaths involving any opioid,1,"Deaths per 100,000 resident population, crude",2,Sex and age,3,Female: Under 15 years,3.21,2005,7,Under 15 years,1.2,NULL,*
Drug overdose death rates,Drug overdose deaths involving any opioid,1,"Deaths per 100,000 resident population, crude",2,Sex and age,3,Female: Under 15 years,3.21,2006,8,Under 15 years,1.2,0.1,NULL
Drug overdose death rates,Drug overdose deaths involving any opioid,1,"Deaths per 100,000 resident population, crude",2,Sex and age,3,Female: Under 15 years,3.21,2007,9,Under 15 years,1.2,0.1,NULL
Drug overdose death rates,Drug overdose deaths involving any opioid,1,"Deaths per 100,000 resident population, crude",2,Sex and age,3,Female: Under 15 years,3.21,2008,10,Under 15 years,1.2,0.1,NULL
Drug overdose death rates,Drug overdose deaths involving any opioid,1,"Deaths per 100,000 resident population, crude",2,Sex and age,3,Female: Under 15 years,3.21,2009,11,Under 15 years,1.2,0.1,NULL
Drug overdose death rates,Drug overdose deaths involving any opioid,1,"Deaths per 100,000 resident population, crude",2,Sex and age,3,Female: Under 15 years,3.21,2010,12,Under 15 years,1.2,0.1,NULL
Drug overdose death rates,Drug overdose deaths involving any opioid,1,"Deaths per 100,000 resident population, crude",2,Sex and age,3,Female: Under 15 years,3.21,2011,13,Under 15 years,1.2,0.1,NULL
Drug overdose death rates,Drug overdose deaths involving any opioid,1,"Deaths per 100,000 resident population, crude",2,Sex and age,3,Female: Under 15 years,3.21,2012,14,Under 15 years,1.2,0.1,NULL
Drug overdose death rates,Drug overdose deaths involving any opioid,1,"Deaths per 100,000 resident population, crude",2,Sex and age,3,Female: Under 15 years,3.21,2013,15,Under 15 years,1.2,0.1,NULL
Drug overdose death rates,Drug overdose deaths involving any opioid,1,"Deaths per 100,000 resident population, crude",2,Sex and age,3,Female: Under 15 years,3.21,2014,16,Under 15 years,1.2,0.1,NULL
Drug overdose death rates,Drug overdose deaths involving any opioid,1,"Deaths per 100,000 resident population, crude",2,Sex and age,3,Female: Under 15 years,3.21,2015,17,Under 15 years,1.2,0.1,NULL
Drug overdose death rates,Drug overdose deaths involving any opioid,1,"Deaths per 100,000 resident population, crude",2,Sex and age,3,Female: Under 15 years,3.21,2016,18,Under 15 years,1.2,0.1,NULL
Drug overdose death rates,Drug overdose deaths involving any opioid,1,"Deaths per 100,000 resident population, crude",2,Sex and age,3,Female: Under 15 years,3.21,2017,19,Under 15 years,1.2,0.1,NULL
Drug overdose death rates,Drug overdose deaths involving any opioid,1,"Deaths per 100,000 resident population, crude",2,Sex and age,3,Female: 15-24 years,3.22,1999,1,15-24 years,1.3,0.7,NULL
Drug overdose death rates,Drug overdose deaths involving any opioid,1,"Deaths per 100,000 resident population, crude",2,Sex and age,3,Female: 15-24 years,3.22,2000,2,15-24 years,1.3,0.7,NULL
Drug overdose death rates,Drug overdose deaths involving any opioid,1,"Deaths per 100,000 resident population, crude",2,Sex and age,3,Female: 15-24 years,3.22,2001,3,15-24 years,1.3,1.0,NULL
Drug overdose death rates,Drug overdose deaths involving any opioid,1,"Deaths per 100,000 resident population, crude",2,Sex and age,3,Female: 15-24 years,3.22,2002,4,15-24 years,1.3,1.4,NULL
Drug overdose death rates,Drug overdose deaths involving any opioid,1,"Deaths per 100,000 resident population, crude",2,Sex and age,3,Female: 15-24 years,3.22,2003,5,15-24 years,1.3,1.5,NULL
Drug overdose death rates,Drug overdose deaths involving any opioid,1,"Deaths per 100,000 resident population, crude",2,Sex and age,3,Female: 15-24 years,3.22,2004,6,15-24 years,1.3,1.6,NULL
Drug overdose death rates,Drug overdose deaths involving any opioid,1,"Deaths per 100,000 resident population, crude",2,Sex and age,3,Female: 15-24 years,3.22,2005,7,15-24 years,1.3,1.8,NULL
Drug overdose death rates,Drug overdose deaths involving any opioid,1,"Deaths per 100,000 resident population, crude",2,Sex and age,3,Female: 15-24 years,3.22,2006,8,15-24 years,1.3,2.1,NULL
Drug overdose death rates,Drug overdose deaths involving any opioid,1,"Deaths per 100,000 resident population, crude",2,Sex and age,3,Female: 15-24 years,3.22,2007,9,15-24 years,1.3,2.3,NULL
Drug overdose death rates,Drug overdose deaths involving any opioid,1,"Deaths per 100,000 resident population, crude",2,Sex and age,3,Female: 15-24 years,3.22,2008,10,15-24 years,1.3,2.3,NULL
Drug overdose death rates,Drug overdose deaths involving any opioid,1,"Deaths per 100,000 resident population, crude",2,Sex and age,3,Female: 15-24 years,3.22,2009,11,15-24 years,1.3,2.5,NULL
Drug overdose death rates,Drug overdose deaths involving any opioid,1,"Deaths per 100,000 resident population, crude",2,Sex and age,3,Female: 15-24 years,3.22,2010,12,15-24 years,1.3,2.8,NULL
Drug overdose death rates,Drug overdose deaths involving any opioid,1,"Deaths per 100,000 resident population, crude",2,Sex and age,3,Female: 15-24 years,3.22,2011,13,15-24 years,1.3,2.9,NULL
Drug overdose death rates,Drug overdose deaths involving any opioid,1,"Deaths per 100,000 resident population, crude",2,Sex and age,3,Female: 15-24 years,3.22,2012,14,15-24 years,1.3,2.7,NULL
Drug overdose death rates,Drug overdose deaths involving any opioid,1,"Deaths per 100,000 resident population, crude",2,Sex and age,3,Female: 15-24 years,3.22,2013,15,15-24 years,1.3,3.0,NULL
Drug overdose death rates,Drug overdose deaths involving any opioid,1,"Deaths per 100,000 resident population, crude",2,Sex and age,3,Female: 15-24 years,3.22,2014,16,15-24 years,1.3,3.3,NULL
Drug overdose death rates,Drug overdose deaths involving any opioid,1,"Deaths per 100,000 resident population, crude",2,Sex and age,3,Female: 15-24 years,3.22,2015,17,15-24 years,1.3,4.1,NULL
Drug overdose death rates,Drug overdose deaths involving any opioid,1,"Deaths per 100,000 resident population, crude",2,Sex and age,3,Female: 15-24 years,3.22,2016,18,15-24 years,1.3,4.9,NULL
Drug overdose death rates,Drug overdose deaths involving any opioid,1,"Deaths per 100,000 resident population, crude",2,Sex and age,3,Female: 15-24 years,3.22,2017,19,15-24 years,1.3,5.7,NULL
Drug overdose death rates,Drug overdose deaths involving any opioid,1,"Deaths per 100,000 resident population, crude",2,Sex and age,3,Female: 25-34 years,3.23,1999,1,25-34 years,1.4,2.0,NULL
Drug overdose death rates,Drug overdose deaths involving any opioid,1,"Deaths per 100,000 resident population, crude",2,Sex and age,3,Female: 25-34 years,3.23,2000,2,25-34 years,1.4,2.0,NULL
Drug overdose death rates,Drug overdose deaths involving any opioid,1,"Deaths per 100,000 resident population, crude",2,Sex and age,3,Female: 25-34 years,3.23,2001,3,25-34 years,1.4,2.3,NULL
Drug overdose death rates,Drug overdose deaths involving any opioid,1,"Deaths per 100,000 resident population, crude",2,Sex and age,3,Female: 25-34 years,3.23,2002,4,25-34 years,1.4,3.0,NULL
Drug overdose death rates,Drug overdose deaths involving any opioid,1,"Deaths per 100,000 resident population, crude",2,Sex and age,3,Female: 25-34 years,3.23,2003,5,25-34 years,1.4,3.3,NULL
Drug overdose death rates,Drug overdose deaths involving any opioid,1,"Deaths per 100,000 resident population, crude",2,Sex and age,3,Female: 25-34 years,3.23,2004,6,25-34 years,1.4,3.6,NULL
Drug overdose death rates,Drug overdose deaths involving any opioid,1,"Deaths per 100,000 resident population, crude",2,Sex and age,3,Female: 25-34 years,3.23,2005,7,25-34 years,1.4,4.3,NULL
Drug overdose death rates,Drug overdose deaths involving any opioid,1,"Deaths per 100,000 resident population, crude",2,Sex and age,3,Female: 25-34 years,3.23,2006,8,25-34 years,1.4,4.8,NULL
Drug overdose death rates,Drug overdose deaths involving any opioid,1,"Deaths per 100,000 resident population, crude",2,Sex and age,3,Female: 25-34 years,3.23,2007,9,25-34 years,1.4,5.3,NULL
Drug overdose death rates,Drug overdose deaths involving any opioid,1,"Deaths per 100,000 resident population, crude",2,Sex and age,3,Female: 25-34 years,3.23,2008,10,25-34 years,1.4,5.2,NULL
Drug overdose death rates,Drug overdose deaths involving any opioid,1,"Deaths per 100,000 resident population, crude",2,Sex and age,3,Female: 25-34 years,3.23,2009,11,25-34 years,1.4,5.8,NULL
Drug overdose death rates,Drug overdose deaths involving any opioid,1,"Deaths per 100,000 resident population, crude",2,Sex and age,3,Female: 25-34 years,3.23,2010,12,25-34 years,1.4,6.6,NULL
Drug overdose death rates,Drug overdose deaths involving any opioid,1,"Deaths per 100,000 resident population, crude",2,Sex and age,3,Female: 25-34 years,3.23,2011,13,25-34 years,1.4,7.3,NULL
Drug overdose death rates,Drug overdose deaths involving any opioid,1,"Deaths per 100,000 resident population, crude",2,Sex and age,3,Female: 25-34 years,3.23,2012,14,25-34 years,1.4,7.7,NULL
Drug overdose death rates,Drug overdose deaths involving any opioid,1,"Deaths per 100,000 resident population, crude",2,Sex and age,3,Female: 25-34 years,3.23,2013,15,25-34 years,1.4,7.7,NULL
Drug overdose death rates,Drug overdose deaths involving any opioid,1,"Deaths per 100,000 resident population, crude",2,Sex and age,3,Female: 25-34 years,3.23,2014,16,25-34 years,1.4,8.8,NULL
Drug overdose death rates,Drug overdose deaths involving any opioid,1,"Deaths per 100,000 resident population, crude",2,Sex and age,3,Female: 25-34 years,3.23,2015,17,25-34 years,1.4,10.5,NULL
Drug overdose death rates,Drug overdose deaths involving any opioid,1,"Deaths per 100,000 resident population, crude",2,Sex and age,3,Female: 25-34 years,3.23,2016,18,25-34 years,1.4,14.1,NULL
Drug overdose death rates,Drug overdose deaths involving any opioid,1,"Deaths per 100,000 resident population, crude",2,Sex and age,3,Female: 25-34 years,3.23,2017,19,25-34 years,1.4,16.1,NULL
Drug overdose death rates,Drug overdose deaths involving any opioid,1,"Deaths per 100,000 resident population, crude",2,Sex and age,3,Female: 35-44 years,3.24,1999,***,35-44 years,1.5,3.5,NULL
Drug overdose death rates,Drug overdose deaths involving any opioid,1,"Deaths per 100,000 resident population, crude",2,Sex and age,3,Female: 35-44 years,3.24,2000,2,35-44 years,1.5,3.8,NULL
Drug overdose death rates,Drug overdose deaths involving any opioid,1,"Deaths per 100,000 resident population, crude",2,Sex and age,3,Female: 35-44 years,3.24,2001,3,35-44 years,1.5,4.6,NULL
Drug overdose death rates,Drug overdose deaths involving any opioid,1,"Deaths per 100,000 resident population, crude",2,Sex and age,3,Female: 35-44 years,3.24,2002,4,35-44 years,1.5,6.1,NULL
Drug overdose death rates,Drug overdose deaths involving any opioid,1,"Deaths per 100,000 resident population, crude",2,Sex and age,3,Female: 35-44 years,3.24,2003,5,35-44 years,1.5,6.2,NULL
Drug overdose death rates,Drug overdose deaths involving any opioid,1,"Deaths per 100,000 resident population, crude",2,Sex and age,3,Female: 35-44 years,3.24,2004,6,35-44 years,1.5,6.8,NULL
Drug overdose death rates,Drug overdose deaths involving any opioid,1,"Deaths per 100,000 resident population, crude",2,Sex and age,3,Female: 35-44 years,3.24,2005,7,35-44 years,1.5,6.9,NULL
Drug overdose death rates,Drug overdose deaths involving any opioid,1,"Deaths per 100,000 resident population, crude",2,Sex and age,3,Female: 35-44 years,3.24,2006,8,35-44 years,1.5,7.4,NULL
Drug overdose death rates,Drug overdose deaths involving any opioid,1,"Deaths per 100,000 resident population, crude",2,Sex and age,3,Female: 35-44 years,3.24,2007,9,35-44 years,1.5,7.8,NULL
Drug overdose death rates,Drug overdose deaths involving any opioid,1,"Deaths per 100,000 resident population, crude",2,Sex and age,3,Female: 35-44 years,3.24,2008,10,35-44 years,1.5,8.0,NULL
Drug overdose death rates,Drug overdose deaths involving any opioid,1,"Deaths per 100,000 resident population, crude",2,Sex and age,3,Female: 35-44 years,3.24,2009,11,35-44 years,1.5,8.0,NULL
Drug overdose death rates,Drug overdose deaths involving any opioid,1,"Deaths per 100,000 resident population, crude",2,Sex and age,3,Female: 35-44 years,3.24,2010,12,35-44 years,1.5,8.5,NULL
Drug overdose death rates,Drug overdose deaths involving any opioid,1,"Deaths per 100,000 resident population, crude",2,Sex and age,3,Female: 35-44 years,3.24,2011,13,35-44 years,1.5,9.3,NULL
Drug overdose death rates,Drug overdose deaths involving any opioid,1,"Deaths per 100,000 resident population, crude",2,Sex and age,3,Female: 35-44 years,3.24,2012,14,35-44 years,1.5,8.9,NULL
Drug overdose death rates,Drug overdose deaths involving any opioid,1,"Deaths per 100,000 resident population, crude",2,Sex and age,3,Female: 35-44 years,3.24,2013,15,35-44 years,1.5,9.8,NULL
Drug overdose death rates,Drug overdose deaths involving any opioid,1,"Deaths per 100,000 resident population, crude",2,Sex and age,3,Female: 35-44 years,3.24,2014,16,35-44 years,1.5,11.2,NULL
Drug overdose death rates,Drug overdose deaths involving any opioid,1,"Deaths per 100,000 resident population, crude",2,Sex and age,3,Female: 35-44 years,3.24,2015,17,35-44 years,1.5,12.5,NULL
Drug overdose death rates,Drug overdose deaths involving any opioid,1,"Deaths per 100,000 resident population, crude",2,Sex and age,3,Female: 35-44 years,3.24,2016,18,35-44 years,1.5,15.0,NULL
Drug overdose death rates,Drug overdose deaths involving any opioid,1,"Deaths per 100,000 resident population, crude",2,Sex and age,3,Female: 35-44 years,3.24,2017,19,35-44 years,1.5,16.5,NULL
Drug overdose death rates,Drug overdose deaths involving any opioid,1,"Deaths per 100,000 resident population, crude",2,Sex and age,3,Female: 45-54 years,3.25,1999,***,45-54 years,1.6,2.7,NULL
Drug overdose death rates,Drug overdose deaths involving any opioid,1,"Deaths per 100,000 resident population, crude",2,Sex and age,3,Female: 45-54 years,3.25,2000,2,45-54 years,1.6,3.1,NULL
Drug overdose death rates,Drug overdose deaths involving any opioid,1,"Deaths per 100,000 resident population, crude",2,Sex and age,3,Female: 45-54 years,3.25,2001,3,45-54 years,1.6,3.8,NULL
Drug overdose death rates,Drug overdose deaths involving any opioid,1,"Deaths per 100,000 resident population, crude",2,Sex and age,3,Female: 45-54 years,3.25,2002,4,45-54 years,1.6,5.5,NULL
Drug overdose death rates,Drug overdose deaths involving any opioid,1,"Deaths per 100,000 resident population, crude",2,Sex and age,3,Female: 45-54 years,3.25,2003,5,45-54 years,1.6,6.2,NULL
Drug overdose death rates,Drug overdose deaths involving any opioid,1,"Deaths per 100,000 resident population, crude",2,Sex and age,3,Female: 45-54 years,3.25,2004,6,45-54 years,1.6,7.0,NULL
Drug overdose death rates,Drug overdose deaths involving any opioid,1,"Deaths per 100,000 resident population, crude",2,Sex and age,3,Female: 45-54 years,3.25,2005,7,45-54 years,1.6,7.8,NULL
Drug overdose death rates,Drug overdose deaths involving any opioid,1,"Deaths per 100,000 resident population, crude",2,Sex and age,3,Female: 45-54 years,3.25,2006,8,45-54 years,1.6,9.3,NULL
Drug overdose death rates,Drug overdose deaths involving any opioid,1,"Deaths per 100,000 resident population, crude",2,Sex and age,3,Female: 45-54 years,3.25,2007,9,45-54 years,1.6,10.2,NULL
Drug overdose death rates,Drug overdose deaths involving any opioid,1,"Deaths per 100,000 resident population, crude",2,Sex and age,3,Female: 45-54 years,3.25,2008,10,45-54 years,1.6,10.5,NULL
Drug overdose death rates,Drug overdose deaths involving any opioid,1,"Deaths per 100,000 resident population, crude",2,Sex and age,3,Female: 45-54 years,3.25,2009,11,45-54 years,1.6,11.1,NULL
Drug overdose death rates,Drug overdose deaths involving any opioid,1,"Deaths per 100,000 resident population, crude",2,Sex and age,3,Female: 45-54 years,3.25,2010,12,45-54 years,1.6,11.1,NULL
Drug overdose death rates,Drug overdose deaths involving any opioid,1,"Deaths per 100,000 resident population, crude",2,Sex and age,3,Female: 45-54 years,3.25,2011,13,45-54 years,1.6,11.7,NULL
Drug overdose death rates,Drug overdose deaths involving any opioid,1,"Deaths per 100,000 resident population, crude",2,Sex and age,3,Female: 45-54 years,3.25,2012,14,45-54 years,1.6,12.0,NULL
Drug overdose death rates,Drug overdose deaths involving any opioid,1,"Deaths per 100,000 resident population, crude",2,Sex and age,3,Female: 45-54 years,3.25,2013,15,45-54 years,1.6,12.2,NULL
Drug overdose death rates,Drug overdose deaths involving any opioid,1,"Deaths per 100,000 resident population, crude",2,Sex and age,3,Female: 45-54 years,3.25,2014,16,45-54 years,1.6,13.1,NULL
Drug overdose death rates,Drug overdose deaths involving any opioid,1,"Deaths per 100,000 resident population, crude",2,Sex and age,3,Female: 45-54 years,3.25,2015,17,45-54 years,1.6,14.0,NULL
Drug overdose death rates,Drug overdose deaths involving any opioid,1,"Deaths per 100,000 resident population, crude",2,Sex and age,3,Female: 45-54 years,3.25,2016,18,45-54 years,1.6,15.8,NULL
Drug overdose death rates,Drug overdose deaths involving any opioid,1,"Deaths per 100,000 resident population, crude",2,Sex and age,3,Female: 45-54 years,3.25,2017,19,45-54 years,1.6,16.9,NULL
Drug overdose death rates,Drug overdose deaths involving any opioid,1,"Deaths per 100,000 resident population, crude",2,Sex and age,3,Female: 55-64 years,3.26,1999,w1,55-64 years,1.7,1.1,NULL
Drug overdose death rates,Drug overdose deaths involving any opioid,1,"Deaths per 100,000 resident population, crude",2,Sex and age,3,Female: 55-64 years,3.26,2000,2,55-64 years,1.7,1.4,NULL
Drug overdose death rates,Drug overdose deaths involving any opioid,1,"Deaths per 100,000 resident population, crude",2,Sex and age,3,Female: 55-64 years,3.26,2001,3,55-64 years,1.7,1.5,NULL
Drug overdose death rates,Drug overdose deaths involving any opioid,1,"Deaths per 100,000 resident population, crude",2,Sex and age,3,Female: 55-64 years,3.26,2002,4,55-64 years,1.7,1.8,NULL
Drug overdose death rates,Drug overdose deaths involving any opioid,1,"Deaths per 100,000 resident population, crude",2,Sex and age,3,Female: 55-64 years,3.26,2003,5,55-64 years,1.7,2.3,NULL
Drug overdose death rates,Drug overdose deaths involving any opioid,1,"Deaths per 100,000 resident population, crude",2,Sex and age,3,Female: 55-64 years,3.26,2004,6,55-64 years,1.7,2.8,NULL
Drug overdose death rates,Drug overdose deaths involving any opioid,1,"Deaths per 100,000 resident population, crude",2,Sex and age,3,Female: 55-64 years,3.26,2005,7,55-64 years,1.7,3.2,NULL
Drug overdose death rates,Drug overdose deaths involving any opioid,1,"Deaths per 100,000 resident population, crude",2,Sex and age,3,Female: 55-64 years,3.26,2006,8,55-64 years,1.7,4.0,NULL
Drug overdose death rates,Drug overdose deaths involving any opioid,1,"Deaths per 100,000 resident population, crude",2,Sex and age,3,Female: 55-64 years,3.26,2007,9,55-64 years,1.7,4.7,NULL
Drug overdose death rates,Drug overdose deaths involving any opioid,1,"Deaths per 100,000 resident population, crude",2,Sex and age,3,Female: 55-64 years,3.26,2008,10,55-64 years,1.7,5.1,NULL
Drug overdose death rates,Drug overdose deaths involving any opioid,1,"Deaths per 100,000 resident population, crude",2,Sex and age,3,Female: 55-64 years,3.26,2009,11,55-64 years,1.7,5.8,NULL
Drug overdose death rates,Drug overdose deaths involving any opioid,1,"Deaths per 100,000 resident population, crude",2,Sex and age,3,Female: 55-64 years,3.26,2010,12,55-64 years,1.7,6.2,NULL
Drug overdose death rates,Drug overdose deaths involving any opioid,1,"Deaths per 100,000 resident population, crude",2,Sex and age,3,Female: 55-64 years,3.26,2011,13,55-64 years,1.7,6.4,NULL
Drug overdose death rates,Drug overdose deaths involving any opioid,1,"Deaths per 100,000 resident population, crude",2,Sex and age,3,Female: 55-64 years,3.26,2012,14,55-64 years,1.7,6.7,NULL
Drug overdose death rates,Drug overdose deaths involving any opioid,1,"Deaths per 100,000 resident population, crude",2,Sex and age,3,Female: 55-64 years,3.26,2013,15,55-64 years,1.7,7.9,NULL
Drug overdose death rates,Drug overdose deaths involving any opioid,1,"Deaths per 100,000 resident population, crude",2,Sex and age,3,Female: 55-64 years,3.26,2014,16,55-64 years,1.7,9.0,NULL
Drug overdose death rates,Drug overdose deaths involving any opioid,1,"Deaths per 100,000 resident population, crude",2,Sex and age,3,Female: 55-64 years,3.26,2015,17,55-64 years,1.7,9.8,NULL
Drug overdose death rates,Drug overdose deaths involving any opioid,1,"Deaths per 100,000 resident population, crude",2,Sex and age,3,Female: 55-64 years,3.26,2016,18,55-64 years,1.7,11.5,NULL
Drug overdose death rates,Drug overdose deaths involving any opioid,1,"Deaths per 100,000 resident population, crude",2,Sex and age,3,Female: 55-64 years,3.26,2017,19,55-64 years,1.7,12.3,NULL
Drug overdose death rates,Drug overdose deaths involving any opioid,1,"Deaths per 100,000 resident population, crude",2,Sex and age,3,Female: 65-74 years,3.27,1999***,1,65-74 years,1.8,0.4,NULL
Drug overdose death rates,Drug overdose deaths involving any opioid,1,"Deaths per 100,000 resident population, crude",2,Sex and age,3,Female: 65-74 years,3.27,2000,2,65-74 years,1.8,0.5,NULL
Drug overdose death rates,Drug overdose deaths involving any opioid,1,"Deaths per 100,000 resident population, crude",2,Sex and age,3,Female: 65-74 years,3.27,2001,3,65-74 years,1.8,0.5,NULL
Drug overdose death rates,Drug overdose deaths involving any opioid,1,"Deaths per 100,000 resident population, crude",2,Sex and age,3,Female: 65-74 years,3.27,2002,4,65-74 years,1.8,0.9,NULL
Drug overdose death rates,Drug overdose deaths involving any opioid,1,"Deaths per 100,000 resident population, crude",2,Sex and age,3,Female: 65-74 years,3.27,2003,5,65-74 years,1.8,0.8,NULL
Drug overdose death rates,Drug overdose deaths involving any opioid,1,"Deaths per 100,000 resident population, crude",2,Sex and age,3,Female: 65-74 years,3.27,2004,6,65-74 years,1.8,1.0,NULL
Drug overdose death rates,Drug overdose deaths involving any opioid,1,"Deaths per 100,000 resident population, crude",2,Sex and age,3,Female: 65-74 years,3.27,2005,7,65-74 years,1.8,1.4,NULL
Drug overdose death rates,Drug overdose deaths involving any opioid,1,"Deaths per 100,000 resident population, crude",2,Sex and age,3,Female: 65-74 years,3.27,2006,8,65-74 years,1.8,1.2,NULL
Drug overdose death rates,Drug overdose deaths involving any opioid,1,"Deaths per 100,000 resident population, crude",2,Sex and age,3,Female: 65-74 years,3.27,2007,9,65-74 years,1.8,1.4,NULL
Drug overdose death rates,Drug overdose deaths involving any opioid,1,"Deaths per 100,000 resident population, crude",2,Sex and age,3,Female: 65-74 years,3.27,2008,10,65-74 years,1.8,1.6,NULL
Drug overdose death rates,Drug overdose deaths involving any opioid,1,"Deaths per 100,000 resident population, crude",2,Sex and age,3,Female: 65-74 years,3.27,2009,11,65-74 years,1.8,1.9,NULL
Drug overdose death rates,Drug overdose deaths involving any opioid,1,"Deaths per 100,000 resident population, crude",2,Sex and age,3,Female: 65-74 years,3.27,2010,12,65-74 years,1.8,1.8,NULL
Drug overdose death rates,Drug overdose deaths involving any opioid,1,"Deaths per 100,000 resident population, crude",2,Sex and age,3,Female: 65-74 years,3.27,2011,13,65-74 years,1.8,2.1,NULL
Drug overdose death rates,Drug overdose deaths involving any opioid,1,"Deaths per 100,000 resident population, crude",2,Sex and age,3,Female: 65-74 years,3.27,2012,14,65-74 years,1.8,2.2,NULL
Drug overdose death rates,Drug overdose deaths involving any opioid,1,"Deaths per 100,000 resident population, crude",2,Sex and age,3,Female: 65-74 years,3.27,2013,15,65-74 years,1.8,2.6,NULL
Drug overdose death rates,Drug overdose deaths involving any opioid,1,"Deaths per 100,000 resident population, crude",2,Sex and age,3,Female: 65-74 years,3.27,2014,16,65-74 years,1.8,3.1,NULL
Drug overdose death rates,Drug overdose deaths involving any opioid,1,"Deaths per 100,000 resident population, crude",2,Sex and age,3,Female: 65-74 years,3.27,2015,17,65-74 years,1.8,2.8,NULL
Drug overdose death rates,Drug overdose deaths involving any opioid,1,"Deaths per 100,000 resident population, crude",2,Sex and age,3,Female: 65-74 years,3.27,2016,18,65-74 years,1.8,3.3,NULL
Drug overdose death rates,Drug overdose deaths involving any opioid,1,"Deaths per 100,000 resident population, crude",2,Sex and age,3,Female: 65-74 years,3.27,2017,19,65-74 years,1.8,3.6,NULL
Drug overdose death rates,Drug overdose deaths involving any opioid,1,"Deaths per 100,000 resident population, crude",2,Sex and age,3,Female: 75-84 years,3.28,1999,1,75-84 years,1.9,0.4,NULL
Drug overdose death rates,Drug overdose deaths involving any opioid,1,"Deaths per 100,000 resident population, crude",2,Sex and age,3,Female: 75-84 years,3.28,2000,2,75-84 years,1.9,NULL,*
Drug overdose death rates,Drug overdose deaths involving any opioid,1,"Deaths per 100,000 resident population, crude",2,Sex and age,3,Female: 75-84 years,3.28,2001,3,75-84 years,1.9,0.4,NULL
Drug overdose death rates,Drug overdose deaths involving any opioid,1,"Deaths per 100,000 resident population, crude",2,Sex and age,3,Female: 75-84 years,3.28,2002,4,75-84 years,1.9,0.4,NULL
Drug overdose death rates,Drug overdose deaths involving any opioid,1,"Deaths per 100,000 resident population, crude",2,Sex and age,3,Female: 75-84 years,3.28,2003,5,75-84 years,1.9,0.6,NULL
Drug overdose death rates,Drug overdose deaths involving any opioid,1,"Deaths per 100,000 resident population, crude",2,Sex and age,3,Female: 75-84 years,3.28,2004,6,75-84 years,1.9,0.7,NULL
Drug overdose death rates,Drug overdose deaths involving any opioid,1,"Deaths per 100,000 resident population, crude",2,Sex and age,3,Female: 75-84 years,3.28,2005,7,75-84 years,1.9,0.7,NULL
Drug overdose death rates,Drug overdose deaths involving any opioid,1,"Deaths per 100,000 resident population, crude",2,Sex and age,3,Female: 75-84 years,3.28,2006,8,75-84 years,1.9,0.8,NULL
Drug overdose death rates,Drug overdose deaths involving any opioid,1,"Deaths per 100,000 resident population, crude",2,Sex and age,3,Female: 75-84 years,3.28,2007,9,75-84 years,1.9,0.8,NULL
Drug overdose death rates,Drug overdose deaths involving any opioid,1,"Deaths per 100,000 resident population, crude",2,Sex and age,3,Female: 75-84 years,3.28,2008,10,75-84 years,1.9,0.9,NULL
Drug overdose death rates,Drug overdose deaths involving any opioid,1,"Deaths per 100,000 resident population, crude",2,Sex and age,3,Female: 75-84 years,3.28,2009,11,75-84 years,1.9,1.0,NULL
Drug overdose death rates,Drug overdose deaths involving any opioid,1,"Deaths per 100,000 resident population, crude",2,Sex and age,3,Female: 75-84 years,3.28,2010,12,75-84 years,1.9,0.8,NULL
Drug overdose death rates,Drug overdose deaths involving any opioid,1,"Deaths per 100,000 resident population, crude",2,Sex and age,3,Female: 75-84 years,3.28,2011,13,75-84 years,1.9,0.7,NULL
Drug overdose death rates,Drug overdose deaths involving any opioid,1,"Deaths per 100,000 resident population, crude",2,Sex and age,3,Female: 75-84 years,3.28,2012,14,75-84 years,1.9,1.0,NULL
Drug overdose death rates,Drug overdose deaths involving any opioid,1,"Deaths per 100,000 resident population, crude",2,Sex and age,3,Female: 75-84 years,3.28,2013,15,75-84 years,1.9,0.8,NULL
Drug overdose death rates,Drug overdose deaths involving any opioid,1,"Deaths per 100,000 resident population, crude",2,Sex and age,3,Female: 75-84 years,3.28,2014,16,75-84 years,1.9,1.1,NULL
Drug overdose death rates,Drug overdose deaths involving any opioid,1,"Deaths per 100,000 resident population, crude",2,Sex and age,3,Female: 75-84 years,3.28,2015,17,75-84 years,1.9,1.1,NULL
Drug overdose death rates,Drug overdose deaths involving any opioid,1,"Deaths per 100,000 resident population, crude",2,Sex and age,3,Female: 75-84 years,3.28,2016,18,75-84 years,1.9,1.1,NULL
Drug overdose death rates,Drug overdose deaths involving any opioid,1,"Deaths per 100,000 resident population, crude",2,Sex and age,3,Female: 75-84 years,3.28,2017,19,75-84 years,1.9,1.4,NULL
Drug overdose death rates,Drug overdose deaths involving any opioid,1,"Deaths per 100,000 resident population, crude",2,Sex and age,3,Female: 85 years and over,3.29,199,1,85 years and over,1.91,NULL,*
Drug overdose death rates,Drug overdose deaths involving any opioid,1,"Deaths per 100,000 resident population, crude",2,Sex and age,3,Female: 85 years and over,3.29,2000,2,85 years and over,1.91,NULL,*
Drug overdose death rates,Drug overdose deaths involving any opioid,1,"Deaths per 100,000 resident population, crude",2,Sex and age,3,Female: 85 years and over,3.29,2001,3,85 years and over,1.91,NULL,*
Drug overdose death rates,Drug overdose deaths involving any opioid,1,"Deaths per 100,000 resident population, crude",2,Sex and age,3,Female: 85 years and over,3.29,2002,4,85 years and over,1.91,0.6,NULL
Drug overdose death rates,Drug overdose deaths involving any opioid,1,"Deaths per 100,000 resident population, crude",2,Sex and age,3,Female: 85 years and over,3.29,2003,5,85 years and over,1.91,0.8,NULL
Drug overdose death rates,Drug overdose deaths involving any opioid,1,"Deaths per 100,000 resident population, crude",2,Sex and age,3,Female: 85 years and over,3.29,2004,6,85 years and over,1.91,NULL,*
Drug overdose death rates,Drug overdose deaths involving any opioid,1,"Deaths per 100,000 resident population, crude",2,Sex and age,3,Female: 85 years and over,3.29,2005,7,85 years and over,1.91,0.9,NULL
Drug overdose death rates,Drug overdose deaths involving any opioid,1,"Deaths per 100,000 resident population, crude",2,Sex and age,3,Female: 85 years and over,3.29,2006,8,85 years and over,1.91,0.9,NULL
Drug overdose death rates,Drug overdose deaths involving any opioid,1,"Deaths per 100,000 resident population, crude",2,Sex and age,3,Female: 85 years and over,3.29,2007,9,85 years and over,1.91,0.9,NULL
Drug overdose death rates,Drug overdose deaths involving any opioid,1,"Deaths per 100,000 resident population, crude",2,Sex and age,3,Female: 85 years and over,3.29,2008,10,85 years and over,1.91,0.9,NULL
Drug overdose death rates,Drug overdose deaths involving any opioid,1,"Deaths per 100,000 resident population, crude",2,Sex and age,3,Female: 85 years and over,3.29,2009,11,85 years and over,1.91,0.6,NULL
Drug overdose death rates,Drug overdose deaths involving any opioid,1,"Deaths per 100,000 resident population, crude",2,Sex and age,3,Female: 85 years and over,3.29,2010,12,85 years and over,1.91,1.2,NULL
Drug overdose death rates,Drug overdose deaths involving any opioid,1,"Deaths per 100,000 resident population, crude",2,Sex and age,3,Female: 85 years and over,3.29,2011,13,85 years and over,1.91,0.9,NULL
Drug overdose death rates,Drug overdose deaths involving any opioid,1,"Deaths per 100,000 resident population, crude",2,Sex and age,3,Female: 85 years and over,3.29,2012,14,85 years and over,1.91,0.9,NULL
Drug overdose death rates,Drug overdose deaths involving any opioid,1,"Deaths per 100,000 resident population, crude",2,Sex and age,3,Female: 85 years and over,3.29,2013,15,85 years and over,1.91,0.8,NULL
Drug overdose death rates,Drug overdose deaths involving any opioid,1,"Deaths per 100,000 resident population, crude",2,Sex and age,3,Female: 85 years and over,3.29,2014,16,85 years and over,1.91,1.2,NULL
Drug overdose death rates,Drug overdose deaths involving any opioid,1,"Deaths per 100,000 resident population, crude",2,Sex and age,3,Female: 85 years and over,3.29,2015,17,85 years and over,1.91,0.9,NULL
Drug overdose death rates,Drug overdose deaths involving any opioid,1,"Deaths per 100,000 resident population, crude",2,Sex and age,3,Female: 85 years and over,3.29,2016,18,85 years and over,1.91,0.8,NULL
Drug overdose death rates,Drug overdose deaths involving any opioid,1,"Deaths per 100,000 resident population, crude",2,Sex and age,3,Female: 85 years and over,3.29,2017,19,85 years and over,1.91,1.1,NULL
Drug overdose death rates,Drug overdose deaths involving natural and semisynthetic opioids,2,"Deaths per 100,000 resident population, age-adjusted",1,Total,0,All persons,0.1,1999,1,All ages,1.1,1.0,NULL
Drug overdose death rates,Drug overdose deaths involving natural and semisynthetic opioids,2,"Deaths per 100,000 resident population, age-adjusted",1,Total,0,All persons,0.1,2000,2,All ayges,1.1,1.0,NULL
Drug overdose death rates,Drug overdose deaths involving natural and semisynthetic opioids,2,"Deaths per 100,000 resident population, age-adjusted",1,Total,0,All persons,0.1,2001,3,All ags,1.1,1.2,NULL
Drug overdose death rates,Drug overdose deaths involving natural and semisynthetic opioids,2,"Deaths per 100,000 resident population, age-adjusted",1,Total,0,All persons,0.1,2002,4,All ages,1.1,1.5,NULL
Drug overdose death rates,Drug overdose deaths involving natural and semisynthetic opioids,2,"Deaths per 100,000 resident population, age-adjusted",1,Total,0,All persons,0.1,2003,5,All ages,1.1,1.7,NULL
Drug overdose death rates,Drug overdose deaths involving natural and semisynthetic opioids,2,"Deaths per 100,000 resident population, age-adjusted",1,Total,0,All persons,0.1,2004,6,All ages,1.1,1.8,NULL
Drug overdose death rates,Drug overdose deaths involving natural and semisynthetic opioids,2,"Deaths per 100,000 resident population, age-adjusted",1,Total,0,All persons,0.1,2005,7,All ages,1.1,1.9,NULL
Drug overdose death rates,Drug overdose deaths involving natural and semisynthetic opioids,2,"Deaths per 100,000 resident population, age-adjusted",1,Total,0,All persons,0.1,2006,8,All ages,1.1,2.3,NULL
Drug overdose death rates,Drug overdose deaths involving natural and semisynthetic opioids,2,"Deaths per 100,000 resident population, age-adjusted",1,Total,0,All persons,0.1,2007,9,All agues,1.1,2.7,NULL
Drug overdose death rates,Drug overdose deaths involving natural and semisynthetic opioids,2,"Deaths per 100,000 resident population, age-adjusted",1,Total,0,All persons,0.1,2008,10,All ages,1.1,3.0,NULL
Drug overdose death rates,Drug overdose deaths involving natural and semisynthetic opioids,2,"Deaths per 100,000 resident population, age-adjusted",1,Total,0,All persons,0.1,2009,11,All ages,1.1,3.1,NULL
Drug overdose death rates,Drug overdose deaths involving natural and semisynthetic opioids,2,"Deaths per 100,000 resident population, age-adjusted",1,Total,0,All persons,0.1,2010,12,All ages,1.1,3.5,NULL
Drug overdose death rates,Drug overdose deaths involving natural and semisynthetic opioids,2,"Deaths per 100,000 resident population, age-adjusted",1,Total,0,All persons,0.1,2011,13,All ages,1.1,3.7,NULL
Drug overdose death rates,Drug overdose deaths involving natural and semisynthetic opioids,2,"Deaths per 100,000 resident population, age-adjusted",1,Total,0,All persons,0.1,2012,14,All ages,1.1,3.5,NULL
Drug overdose death rates,Drug overdose deaths involving natural and semisynthetic opioids,2,"Deaths per 100,000 resident population, age-adjusted",1,Total,0,All persons,0.1,2013,15,All ges,1.1,3.5,NULL
Drug overdose death rates,Drug overdose deaths involving natural and semisynthetic opioids,2,"Deaths per 100,000 resident population, age-adjusted",1,Total,0,All persons,0.1,2014,16,All ages,1.1,3.8,NULL
Drug overdose death rates,Drug overdose deaths involving natural and semisynthetic opioids,2,"Deaths per 100,000 resident population, age-adjusted",1,Total,0,All persons,0.1,2015,17,All ages,1.1,3.9,NULL
Drug overdose death rates,Drug overdose deaths involving natural and semisynthetic opioids,2,"Deaths per 100,000 resident population, age-adjusted",1,Total,0,All persons,0.1,2016,18,All ags,1.1,4.4,NULL
Drug overdose death rates,Drug overdose deaths involving natural and semisynthetic opioids,2,"Deaths per 100,000 resident population, age-adjusted",1,Total,0,All persons,0.1,2017,19,All ages,1.1,4.4,NULL
Drug overdose death rates,Drug overdose deaths involving natural and semisynthetic opioids,2,"Deaths per 100,000 resident population, age-adjusted",1,Sex,2,Male,2.1,1999***,1,All ages,1.1,1.4,NULL
Drug overdose death rates,Drug overdose deaths involving natural and semisynthetic opioids,2,"Deaths per 100,000 resident population, age-adjusted",1,Sex,2,Male,2.1,2000,2,All ages,1.1,1.4,NULL
Drug overdose death rates,Drug overdose deaths involving natural and semisynthetic opioids,2,"Deaths per 100,000 resident population, age-adjusted",1,Sex,2,Male,2.1,2001,3,All ages,1.1,1.6,NULL
Drug overdose death rates,Drug overdose deaths involving natural and semisynthetic opioids,2,"Deaths per 100,000 resident population, age-adjusted",1,Sex,2,Male,2.1,2002,4,All ages,1.1,2.0,NULL
Drug overdose death rates,Drug overdose deaths involving natural and semisynthetic opioids,2,"Deaths per 100,000 resident population, age-adjusted",1,Sex,2,Male,2.1,2003,5,All ages,1.1,2.2,NULL
Drug overdose death rates,Drug overdose deaths involving natural and semisynthetic opioids,2,"Deaths per 100,000 resident population, age-adjusted",1,Sex,2,Male,2.1,2004,6,All ages,1.1,2.2,NULL
Drug overdose death rates,Drug overdose deaths involving natural and semisynthetic opioids,2,"Deaths per 100,000 resident population, age-adjusted",1,Sex,2,Male,2.1,2005,7,All ages,1.1,2.4,NULL
Drug overdose death rates,Drug overdose deaths involving natural and semisynthetic opioids,2,"Deaths per 100,000 resident population, age-adjusted",1,Sex,2,Male,2.1,2006,8,All ages,1.1,2.9,NULL
Drug overdose death rates,Drug overdose deaths involving natural and semisynthetic opioids,2,"Deaths per 100,000 resident population, age-adjusted",1,Sex,2,Male,2.1,2007,9,All ages,1.1,3.3,NULL
Drug overdose death rates,Drug overdose deaths involving natural and semisynthetic opioids,2,"Deaths per 100,000 resident population, age-adjusted",1,Sex,2,Male,2.1,2008,10,All ages,1.1,3.7,NULL
Drug overdose death rates,Drug overdose deaths involving natural and semisynthetic opioids,2,"Deaths per 100,000 resident population, age-adjusted",1,Sex,2,Male,2.1,2009,11,All ages,1.1,3.8,NULL
Drug overdose death rates,Drug overdose deaths involving natural and semisynthetic opioids,2,"Deaths per 100,000 resident population, age-adjusted",1,Sex,2,Male,2.1,2010,12,All ages,1.1,4.3,NULL
Drug overdose death rates,Drug overdose deaths involving natural and semisynthetic opioids,2,"Deaths per 100,000 resident population, age-adjusted",1,Sex,2,Male,2.1,2011,13,All ages,1.1,4.4,NULL
Drug overdose death rates,Drug overdose deaths involving natural and semisynthetic opioids,2,"Deaths per 100,000 resident population, age-adjusted",1,Sex,2,Male,2.1,2012,14,All ages,1.1,4.0,NULL
Drug overdose death rates,Drug overdose deaths involving natural and semisynthetic opioids,2,"Deaths per 100,000 resident population, age-adjusted",1,Sex,2,Male,2.1,2013,15,All ages,1.1,4.1,NULL
Drug overdose death rates,Drug overdose deaths involving natural and semisynthetic opioids,2,"Deaths per 100,000 resident population, age-adjusted",1,Sex,2,Male,2.1,2014,16,All ages,1.1,4.2,NULL
Drug overdose death rates,Drug overdose deaths involving natural and semisynthetic opioids,2,"Deaths per 100,000 resident population, age-adjusted",1,Sex,2,Male,2.1,2015,17,All ages,1.1,4.4,NULL
Drug overdose death rates,Drug overdose deaths involving natural and semisynthetic opioids,2,"Deaths per 100,000 resident population, age-adjusted",1,Sex,2,Male,2.1,2016,18,All ages,1.1,5.2,NULL
Drug overdose death rates,Drug overdose deaths involving natural and semisynthetic opioids,2,"Deaths per 100,000 resident population, age-adjusted",1,Sex,2,Male,2.1,2017,19,All ages,1.1,5.2,NULL
Drug overdose death rates,Drug overdose deaths involving natural and semisynthetic opioids,2,"Deaths per 100,000 resident population, age-adjusted",1,Sex,2,Female,2.2,1999,,All ages,1.1,0.5,NULL
Drug overdose death rates,Drug overdose deaths involving natural and semisynthetic opioids,2,"Deaths per 100,000 resident population, age-adjusted",1,Sex,2,Female,2.2,2000,2,All ages,1.1,0.6,NULL
Drug overdose death rates,Drug overdose deaths involving natural and semisynthetic opioids,2,"Deaths per 100,000 resident population, age-adjusted",1,Sex,2,Female,2.2,2001,3,All ages,1.1,0.8,NULL
Drug overdose death rates,Drug overdose deaths involving natural and semisynthetic opioids,2,"Deaths per 100,000 resident population, age-adjusted",1,Sex,2,Female,2.2,2002,4,All ages,1.1,1.1,NULL
Drug overdose death rates,Drug overdose deaths involving natural and semisynthetic opioids,2,"Deaths per 100,000 resident population, age-adjusted",1,Sex,2,Female,2.2,2003,5,All ages,1.1,1.2,NULL
Drug overdose death rates,Drug overdose deaths involving natural and semisynthetic opioids,2,"Deaths per 100,000 resident population, age-adjusted",1,Sex,2,Female,2.2,2004,6,All ages,1.1,1.3,NULL
Drug overdose death rates,Drug overdose deaths involving natural and semisynthetic opioids,2,"Deaths per 100,000 resident population, age-adjusted",1,Sex,2,Female,2.2,2005,7,All ages,1.1,1.5,NULL
Drug overdose death rates,Drug overdose deaths involving natural and semisynthetic opioids,2,"Deaths per 100,000 resident population, age-adjusted",1,Sex,2,Female,2.2,2006,8,All ages,1.1,1.8,NULL
Drug overdose death rates,Drug overdose deaths involving natural and semisynthetic opioids,2,"Deaths per 100,000 resident population, age-adjusted",1,Sex,2,Female,2.2,2007,9,All ages,1.1,2.1,NULL
Drug overdose death rates,Drug overdose deaths involving natural and semisynthetic opioids,2,"Deaths per 100,000 resident population, age-adjusted",1,Sex,2,Female,2.2,2008,10,All ages,1.1,2.3,NULL
Drug overdose death rates,Drug overdose deaths involving natural and semisynthetic opioids,2,"Deaths per 100,000 resident population, age-adjusted",1,Sex,2,Female,2.2,2009,11,All ages,1.1,2.4,NULL
Drug overdose death rates,Drug overdose deaths involving natural and semisynthetic opioids,2,"Deaths per 100,000 resident population, age-adjusted",1,Sex,2,Female,2.2,2010,12,All ages,1.1,2.7,NULL
Drug overdose death rates,Drug overdose deaths involving natural and semisynthetic opioids,2,"Deaths per 100,000 resident population, age-adjusted",1,Sex,2,Female,2.2,2011,13,All ages,1.1,3.0,NULL
Drug overdose death rates,Drug overdose deaths involving natural and semisynthetic opioids,2,"Deaths per 100,000 resident population, age-adjusted",1,Sex,2,Female,2.2,2012,14,All ages,1.1,3.0,NULL
Drug overdose death rates,Drug overdose deaths involving natural and semisynthetic opioids,2,"Deaths per 100,000 resident population, age-adjusted",1,Sex,2,Female,2.2,2013,15,All ages,1.1,3.0,NULL
Drug overdose death rates,Drug overdose deaths involving natural and semisynthetic opioids,2,"Deaths per 100,000 resident population, age-adjusted",1,Sex,2,Female,2.2,2014,16,All ages,1.1,3.3,NULL
Drug overdose death rates,Drug overdose deaths involving natural and semisynthetic opioids,2,"Deaths per 100,000 resident population, age-adjusted",1,Sex,2,Female,2.2,2015,17,All ages,1.1,3.4,NULL
Drug overdose death rates,Drug overdose deaths involving natural and semisynthetic opioids,2,"Deaths per 100,000 resident population, age-adjusted",1,Sex,2,Female,2.2,2016,18,All ages,1.1,3.6,NULL
Drug overdose death rates,Drug overdose deaths involving natural and semisynthetic opioids,2,"Deaths per 100,000 resident population, age-adjusted",1,Sex,2,Female,2.2,2017,19,All ages,1.1,3.6,NULL
Drug overdose death rates,Drug overdose deaths involving natural and semisynthetic opioids,2,"Deaths per 100,000 resident population, age-adjusted",1,Sex and race,4,Male: White,4.1,1999,,All ages,1.1,1.6,NULL
Drug overdose death rates,Drug overdose deaths involving natural and semisynthetic opioids,2,"Deaths per 100,000 resident population, age-adjusted",1,Sex and race,4,Male: White,4.1,2000,2,All ages,1.1,1.6,NULL
Drug overdose death rates,Drug overdose deaths involving natural and semisynthetic opioids,2,"Deaths per 100,000 resident population, age-adjusted",1,Sex and race,4,Male: White,4.1,2001,3,All ages,1.1,1.8,NULL
Drug overdose death rates,Drug overdose deaths involving natural and semisynthetic opioids,2,"Deaths per 100,000 resident population, age-adjusted",1,Sex and race,4,Male: White,4.1,2002,4,All ages,1.1,2.2,NULL
Drug overdose death rates,Drug overdose deaths involving natural and semisynthetic opioids,2,"Deaths per 100,000 resident population, age-adjusted",1,Sex and race,4,Male: White,4.1,2003,5,All ages,1.1,2.5,NULL
Drug overdose death rates,Drug overdose deaths involving natural and semisynthetic opioids,2,"Deaths per 100,000 resident population, age-adjusted",1,Sex and race,4,Male: White,4.1,2004,6,All ages,1.1,2.6,NULL
Drug overdose death rates,Drug overdose deaths involving natural and semisynthetic opioids,2,"Deaths per 100,000 resident population, age-adjusted",1,Sex and race,4,Male: White,4.1,2005,7,All ages,1.1,2.7,NULL
Drug overdose death rates,Drug overdose deaths involving natural and semisynthetic opioids,2,"Deaths per 100,000 resident population, age-adjusted",1,Sex and race,4,Male: White,4.1,2006,8,All ages,1.1,3.3,NULL
Drug overdose death rates,Drug overdose deaths involving natural and semisynthetic opioids,2,"Deaths per 100,000 resident population, age-adjusted",1,Sex and race,4,Male: White,4.1,2007,9,All ages,1.1,3.8,NULL
Drug overdose death rates,Drug overdose deaths involving natural and semisynthetic opioids,2,"Deaths per 100,000 resident population, age-adjusted",1,Sex and race,4,Male: White,4.1,2008,10,All ages,1.1,4.3,NULL
Drug overdose death rates,Drug overdose deaths involving natural and semisynthetic opioids,2,"Deaths per 100,000 resident population, age-adjusted",1,Sex and race,4,Male: White,4.1,2009,11,All ages,1.1,4.5,NULL
Drug overdose death rates,Drug overdose deaths involving natural and semisynthetic opioids,2,"Deaths per 100,000 resident population, age-adjusted",1,Sex and race,4,Male: White,4.1,2010,12,All ages,1.1,5.1,NULL
Drug overdose death rates,Drug overdose deaths involving natural and semisynthetic opioids,2,"Deaths per 100,000 resident population, age-adjusted",1,Sex and race,4,Male: White,4.1,2011,13,All ages,1.1,5.3,NULL
Drug overdose death rates,Drug overdose deaths involving natural and semisynthetic opioids,2,"Deaths per 100,000 resident population, age-adjusted",1,Sex and race,4,Male: White,4.1,2012,14,All ages,1.1,4.7,NULL
Drug overdose death rates,Drug overdose deaths involving natural and semisynthetic opioids,2,"Deaths per 100,000 resident population, age-adjusted",1,Sex and race,4,Male: White,4.1,2013,15,All ages,1.1,4.7,NULL
Drug overdose death rates,Drug overdose deaths involving natural and semisynthetic opioids,2,"Deaths per 100,000 resident population, age-adjusted",1,Sex and race,4,Male: White,4.1,2014,16,All ages,1.1,4.9,NULL
Drug overdose death rates,Drug overdose deaths involving natural and semisynthetic opioids,2,"Deaths per 100,000 resident population, age-adjusted",1,Sex and race,4,Male: White,4.1,2015,17,All ages,1.1,5.1,NULL
Drug overdose death rates,Drug overdose deaths involving natural and semisynthetic opioids,2,"Deaths per 100,000 resident population, age-adjusted",1,Sex and race,4,Male: White,4.1,2016,18,All ages,1.1,6.0,NULL
Drug overdose death rates,Drug overdose deaths involving natural and semisynthetic opioids,2,"Deaths per 100,000 resident population, age-adjusted",1,Sex and race,4,Male: White,4.1,2017,19,All ages,1.1,5.9,NULL
Drug overdose death rates,Drug overdose deaths involving natural and semisynthetic opioids,2,"Deaths per 100,000 resident population, age-adjusted",1,Sex and race,4,Male: White,4.1,2018,20,All ages,1.1,5.1,NULL
Drug overdose death rates,Drug overdose deaths involving natural and semisynthetic opioids,2,"Deaths per 100,000 resident population, age-adjusted",1,Sex and race,4,Male: Black or African American,4.2,9199,1,All ages,1.1,1.0,NULL
Drug overdose death rates,Drug overdose deaths involving natural and semisynthetic opioids,2,"Deaths per 100,000 resident population, age-adjusted",1,Sex and race,4,Male: Black or African American,4.2,2000,2,All ages,1.1,0.9,NULL
Drug overdose death rates,Drug overdose deaths involving natural and semisynthetic opioids,2,"Deaths per 100,000 resident population, age-adjusted",1,Sex and race,4,Male: Black or African American,4.2,2001,3,All ages,1.1,0.9,NULL
Drug overdose death rates,Drug overdose deaths involving natural and semisynthetic opioids,2,"Deaths per 100,000 resident population, age-adjusted",1,Sex and race,4,Male: Black or African American,4.2,2002,4,All ages,1.1,1.0,NULL
Drug overdose death rates,Drug overdose deaths involving natural and semisynthetic opioids,2,"Deaths per 100,000 resident population, age-adjusted",1,Sex and race,4,Male: Black or African American,4.2,2003,5,All ages,1.1,0.9,NULL
Drug overdose death rates,Drug overdose deaths involving natural and semisynthetic opioids,2,"Deaths per 100,000 resident population, age-adjusted",1,Sex and race,4,Male: Black or African American,4.2,2004,6,All ages,1.1,1.1,NULL
Drug overdose death rates,Drug overdose deaths involving natural and semisynthetic opioids,2,"Deaths per 100,000 resident population, age-adjusted",1,Sex and race,4,Male: Black or African American,4.2,2005,7,All ages,1.1,1.1,NULL
Drug overdose death rates,Drug overdose deaths involving natural and semisynthetic opioids,2,"Deaths per 100,000 resident population, age-adjusted",1,Sex and race,4,Male: Black or African American,4.2,2006,8,All ages,1.1,1.2,NULL
Drug overdose death rates,Drug overdose deaths involving natural and semisynthetic opioids,2,"Deaths per 100,000 resident population, age-adjusted",1,Sex and race,4,Male: Black or African American,4.2,2007,9,All ages,1.1,1.2,NULL
Drug overdose death rates,Drug overdose deaths involving natural and semisynthetic opioids,2,"Deaths per 100,000 resident population, age-adjusted",1,Sex and race,4,Male: Black or African American,4.2,2008,10,All ages,1.1,1.4,NULL
Drug overdose death rates,Drug overdose deaths involving natural and semisynthetic opioids,2,"Deaths per 100,000 resident population, age-adjusted",1,Sex and race,4,Male: Black or African American,4.2,2009,11,All ages,1.1,1.5,NULL
Drug overdose death rates,Drug overdose deaths involving natural and semisynthetic opioids,2,"Deaths per 100,000 resident population, age-adjusted",1,Sex and race,4,Male: Black or African American,4.2,2010,12,All ages,1.1,1.5,NULL
Drug overdose death rates,Drug overdose deaths involving natural and semisynthetic opioids,2,"Deaths per 100,000 resident population, age-adjusted",1,Sex and race,4,Male: Black or African American,4.2,2011,13,All ages,1.1,1.5,NULL
Drug overdose death rates,Drug overdose deaths involving natural and semisynthetic opioids,2,"Deaths per 100,000 resident population, age-adjusted",1,Sex and race,4,Male: Black or African American,4.2,2012,14,All ages,1.1,1.5,NULL
Drug overdose death rates,Drug overdose deaths involving natural and semisynthetic opioids,2,"Deaths per 100,000 resident population, age-adjusted",1,Sex and race,4,Male: Black or African American,4.2,2013,15,All ages,1.1,1.8,NULL
Drug overdose death rates,Drug overdose deaths involving natural and semisynthetic opioids,2,"Deaths per 100,000 resident population, age-adjusted",1,Sex and race,4,Male: Black or African American,4.2,2014,16,All ages,1.1,2.2,NULL
Drug overdose death rates,Drug overdose deaths involving natural and semisynthetic opioids,2,"Deaths per 100,000 resident population, age-adjusted",1,Sex and race,4,Male: Black or African American,4.2,2015,17,All ages,1.1,2.3,NULL
Drug overdose death rates,Drug overdose deaths involving natural and semisynthetic opioids,2,"Deaths per 100,000 resident population, age-adjusted",1,Sex and race,4,Male: Black or African American,4.2,2016,18,All ages,1.1,3.1,NULL
Drug overdose death rates,Drug overdose deaths involving natural and semisynthetic opioids,2,"Deaths per 100,000 resident population, age-adjusted",1,Sex and race,4,Male: Black or African American,4.2,2017,19,All ages,1.1,3.5,NULL
Drug overdose death rates,Drug overdose deaths involving natural and semisynthetic opioids,2,"Deaths per 100,000 resident population, age-adjusted",1,Sex and race,4,Male: Black or African American,4.2,2018,20,All ages,1.1,3.3,NULL
Drug overdose death rates,Drug overdose deaths involving natural and semisynthetic opioids,2,"Deaths per 100,000 resident population, age-adjusted",1,Sex and race,4,Male: American Indian or Alaska Native,4.3,1999,1,All ages,1.1,NULL,*
Drug overdose death rates,Drug overdose deaths involving natural and semisynthetic opioids,2,"Deaths per 100,000 resident population, age-adjusted",1,Sex and race,4,Male: American Indian or Alaska Native,4.3,2000,2,All ages,1.1,NULL,*
Drug overdose death rates,Drug overdose deaths involving natural and semisynthetic opioids,2,"Deaths per 100,000 resident population, age-adjusted",1,Sex and race,4,Male: American Indian or Alaska Native,4.3,2001,3,All ages,1.1,NULL,*
Drug overdose death rates,Drug overdose deaths involving natural and semisynthetic opioids,2,"Deaths per 100,000 resident population, age-adjusted",1,Sex and race,4,Male: American Indian or Alaska Native,4.3,2002,4,All ages,1.1,2.0,NULL
Drug overdose death rates,Drug overdose deaths involving natural and semisynthetic opioids,2,"Deaths per 100,000 resident population, age-adjusted",1,Sex and race,4,Male: American Indian or Alaska Native,4.3,2003,5,All ages,1.1,1.6,NULL
Drug overdose death rates,Drug overdose deaths involving natural and semisynthetic opioids,2,"Deaths per 100,000 resident population, age-adjusted",1,Sex and race,4,Male: American Indian or Alaska Native,4.3,2004,6,All ages,1.1,2.2,NULL
Drug overdose death rates,Drug overdose deaths involving natural and semisynthetic opioids,2,"Deaths per 100,000 resident population, age-adjusted",1,Sex and race,4,Male: American Indian or Alaska Native,4.3,2005,7,All ages,1.1,2.2,NULL
Drug overdose death rates,Drug overdose deaths involving natural and semisynthetic opioids,2,"Deaths per 100,000 resident population, age-adjusted",1,Sex and race,4,Male: American Indian or Alaska Native,4.3,2006,8,All ages,1.1,3.2,NULL
Drug overdose death rates,Drug overdose deaths involving natural and semisynthetic opioids,2,"Deaths per 100,000 resident population, age-adjusted",1,Sex and race,4,Male: American Indian or Alaska Native,4.3,2007,9,All ages,1.1,2.2,NULL
Drug overdose death rates,Drug overdose deaths involving natural and semisynthetic opioids,2,"Deaths per 100,000 resident population, age-adjusted",1,Sex and race,4,Male: American Indian or Alaska Native,4.3,2008,10,All ages,1.1,3.3,NULL
Drug overdose death rates,Drug overdose deaths involving natural and semisynthetic opioids,2,"Deaths per 100,000 resident population, age-adjusted",1,Sex and race,4,Male: American Indian or Alaska Native,4.3,2009,11,All ages,1.1,4.2,NULL
Drug overdose death rates,Drug overdose deaths involving natural and semisynthetic opioids,2,"Deaths per 100,000 resident population, age-adjusted",1,Sex and race,4,Male: American Indian or Alaska Native,4.3,2010,12,All ages,1.1,3.6,NULL
Drug overdose death rates,Drug overdose deaths involving natural and semisynthetic opioids,2,"Deaths per 100,000 resident population, age-adjusted",1,Sex and race,4,Male: American Indian or Alaska Native,4.3,2011,13,All ages,1.1,3.1,NULL
Drug overdose death rates,Drug overdose deaths involving natural and semisynthetic opioids,2,"Deaths per 100,000 resident population, age-adjusted",1,Sex and race,4,Male: American Indian or Alaska Native,4.3,2012,14,All ages,1.1,4.2,NULL
Drug overdose death rates,Drug overdose deaths involving natural and semisynthetic opioids,2,"Deaths per 100,000 resident population, age-adjusted",1,Sex and race,4,Male: American Indian or Alaska Native,4.3,2013,15,All ages,1.1,3.6,NULL
Drug overdose death rates,Drug overdose deaths involving natural and semisynthetic opioids,2,"Deaths per 100,000 resident population, age-adjusted",1,Sex and race,4,Male: American Indian or Alaska Native,4.3,2014,16,All ages,1.1,4.4,NULL
Drug overdose death rates,Drug overdose deaths involving natural and semisynthetic opioids,2,"Deaths per 100,000 resident population, age-adjusted",1,Sex and race,4,Male: American Indian or Alaska Native,4.3,2015,17,All ages,1.1,4.3,NULL
Drug overdose death rates,Drug overdose deaths involving natural and semisynthetic opioids,2,"Deaths per 100,000 resident population, age-adjusted",1,Sex and race,4,Male: American Indian or Alaska Native,4.3,2016,18,All ages,1.1,3.6,NULL
Drug overdose death rates,Drug overdose deaths involving natural and semisynthetic opioids,2,"Deaths per 100,000 resident population, age-adjusted",1,Sex and race,4,Male: American Indian or Alaska Native,4.3,2017,19,All ages,1.1,3.8,NULL
Drug overdose death rates,Drug overdose deaths involving natural and semisynthetic opioids,2,"Deaths per 100,000 resident population, age-adjusted",1,Sex and race,4,Male: American Indian or Alaska Native,4.3,2018,20,All ages,1.1,2.5,NULL
Drug overdose death rates,Drug overdose deaths involving natural and semisynthetic opioids,2,"Deaths per 100,000 resident population, age-adjusted",1,Sex and race,4,Male: Asian or Pacific Islander,4.4,1999,1,All ages,1.1,NULL,*
Drug overdose death rates,Drug overdose deaths involving natural and semisynthetic opioids,2,"Deaths per 100,000 resident population, age-adjusted",1,Sex and race,4,Male: Asian or Pacific Islander,4.4,2000,2,All ages,1.1,NULL,*
Drug overdose death rates,Drug overdose deaths involving natural and semisynthetic opioids,2,"Deaths per 100,000 resident population, age-adjusted",1,Sex and race,4,Male: Asian or Pacific Islander,4.4,2001,3,All ages,1.1,NULL,*
Drug overdose death rates,Drug overdose deaths involving natural and semisynthetic opioids,2,"Deaths per 100,000 resident population, age-adjusted",1,Sex and race,4,Male: Asian or Pacific Islander,4.4,2002,4,All ages,1.1,0.4,NULL
Drug overdose death rates,Drug overdose deaths involving natural and semisynthetic opioids,2,"Deaths per 100,000 resident population, age-adjusted",1,Sex and race,4,Male: Asian or Pacific Islander,4.4,2003,5,All ages,1.1,NULL,*
Drug overdose death rates,Drug overdose deaths involving natural and semisynthetic opioids,2,"Deaths per 100,000 resident population, age-adjusted",1,Sex and race,4,Male: Asian or Pacific Islander,4.4,2004,6,All ages,1.1,NULL,*
Drug overdose death rates,Drug overdose deaths involving natural and semisynthetic opioids,2,"Deaths per 100,000 resident population, age-adjusted",1,Sex and race,4,Male: Asian or Pacific Islander,4.4,2005,7,All ages,1.1,0.3,NULL
Drug overdose death rates,Drug overdose deaths involving natural and semisynthetic opioids,2,"Deaths per 100,000 resident population, age-adjusted",1,Sex and race,4,Male: Asian or Pacific Islander,4.4,2006,8,All ages,1.1,0.4,NULL
Drug overdose death rates,Drug overdose deaths involving natural and semisynthetic opioids,2,"Deaths per 100,000 resident population, age-adjusted",1,Sex and race,4,Male: Asian or Pacific Islander,4.4,2007,9,All ages,1.1,0.3,NULL
Drug overdose death rates,Drug overdose deaths involving natural and semisynthetic opioids,2,"Deaths per 100,000 resident population, age-adjusted",1,Sex and race,4,Male: Asian or Pacific Islander,4.4,2008,10,All ages,1.1,0.3,NULL
Drug overdose death rates,Drug overdose deaths involving natural and semisynthetic opioids,2,"Deaths per 100,000 resident population, age-adjusted",1,Sex and race,4,Male: Asian or Pacific Islander,4.4,2009,11,All ages,1.1,0.5,NULL
Drug overdose death rates,Drug overdose deaths involving natural and semisynthetic opioids,2,"Deaths per 100,000 resident population, age-adjusted",1,Sex and race,4,Male: Asian or Pacific Islander,4.4,2010,12,All ages,1.1,0.5,NULL
Drug overdose death rates,Drug overdose deaths involving natural and semisynthetic opioids,2,"Deaths per 100,000 resident population, age-adjusted",1,Sex and race,4,Male: Asian or Pacific Islander,4.4,2011,13,All ages,1.1,0.7,NULL
Drug overdose death rates,Drug overdose deaths involving natural and semisynthetic opioids,2,"Deaths per 100,000 resident population, age-adjusted",1,Sex and race,4,Male: Asian or Pacific Islander,4.4,2012,14,All ages,1.1,0.5,NULL
Drug overdose death rates,Drug overdose deaths involving natural and semisynthetic opioids,2,"Deaths per 100,000 resident population, age-adjusted",1,Sex and race,4,Male: Asian or Pacific Islander,4.4,2013,15,All ages,1.1,0.6,NULL
Drug overdose death rates,Drug overdose deaths involving natural and semisynthetic opioids,2,"Deaths per 100,000 resident population, age-adjusted",1,Sex and race,4,Male: Asian or Pacific Islander,4.4,2014,16,All ages,1.1,0.6,NULL
Drug overdose death rates,Drug overdose deaths involving natural and semisynthetic opioids,2,"Deaths per 100,000 resident population, age-adjusted",1,Sex and race,4,Male: Asian or Pacific Islander,4.4,2015,17,All ages,1.1,0.6,NULL
Drug overdose death rates,Drug overdose deaths involving natural and semisynthetic opioids,2,"Deaths per 100,000 resident population, age-adjusted",1,Sex and race,4,Male: Asian or Pacific Islander,4.4,2016,18,All ages,1.1,0.7,NULL
Drug overdose death rates,Drug overdose deaths involving natural and semisynthetic opioids,2,"Deaths per 100,000 resident population, age-adjusted",1,Sex and race,4,Male: Asian or Pacific Islander,4.4,2017,19,All ages,1.1,0.7,NULL
Drug overdose death rates,Drug overdose deaths involving natural and semisynthetic opioids,2,"Deaths per 100,000 resident population, age-adjusted",1,Sex and race,4,Male: Asian or Pacific Islander,4.4,2018,20,All ages,1.1,0.7,NULL
Drug overdose death rates,Drug overdose deaths involving natural and semisynthetic opioids,2,"Deaths per 100,000 resident population, age-adjusted",1,Sex and race,4,Female: White,4.5,1999,1,All ages,1.1,0.6,NULL
Drug overdose death rates,Drug overdose deaths involving natural and semisynthetic opioids,2,"Deaths per 100,000 resident population, age-adjusted",1,Sex and race,4,Female: White,4.5,2000,2,All ages,1.1,0.7,NULL
Drug overdose death rates,Drug overdose deaths involving natural and semisynthetic opioids,2,"Deaths per 100,000 resident population, age-adjusted",1,Sex and race,4,Female: White,4.5,2001,3,All ages,1.1,0.9,NULL
Drug overdose death rates,Drug overdose deaths involving natural and semisynthetic opioids,2,"Deaths per 100,000 resident population, age-adjusted",1,Sex and race,4,Female: White,4.5,2002,4,All ages,1.1,1.2,NULL
Drug overdose death rates,Drug overdose deaths involving natural and semisynthetic opioids,2,"Deaths per 100,000 resident population, age-adjusted",1,Sex and race,4,Female: White,4.5,2003,5,All ages,1.1,1.4,NULL
Drug overdose death rates,Drug overdose deaths involving natural and semisynthetic opioids,2,"Deaths per 100,000 resident population, age-adjusted",1,Sex and race,4,Female: White,4.5,2004,6,All ages,1.1,1.5,NULL
Drug overdose death rates,Drug overdose deaths involving natural and semisynthetic opioids,2,"Deaths per 100,000 resident population, age-adjusted",1,Sex and race,4,Female: White,4.5,2005,7,All ages,1.1,1.7,NULL
Drug overdose death rates,Drug overdose deaths involving natural and semisynthetic opioids,2,"Deaths per 100,000 resident population, age-adjusted",1,Sex and race,4,Female: White,4.5,2006,8,All ages,1.1,2.1,NULL
Drug overdose death rates,Drug overdose deaths involving natural and semisynthetic opioids,2,"Deaths per 100,000 resident population, age-adjusted",1,Sex and race,4,Female: White,4.5,2007,9,All ages,1.1,2.4,NULL
Drug overdose death rates,Drug overdose deaths involving natural and semisynthetic opioids,2,"Deaths per 100,000 resident population, age-adjusted",1,Sex and race,4,Female: White,4.5,2008,10,All ages,1.1,2.6,NULL
Drug overdose death rates,Drug overdose deaths involving natural and semisynthetic opioids,2,"Deaths per 100,000 resident population, age-adjusted",1,Sex and race,4,Female: White,4.5,2009,11,All ages,1.1,2.8,NULL
Drug overdose death rates,Drug overdose deaths involving natural and semisynthetic opioids,2,"Deaths per 100,000 resident population, age-adjusted",1,Sex and race,4,Female: White,4.5,2010,12,All ages,1.1,3.2,NULL
Drug overdose death rates,Drug overdose deaths involving natural and semisynthetic opioids,2,"Deaths per 100,000 resident population, age-adjusted",1,Sex and race,4,Female: White,4.5,2011,13,All ages,1.1,3.5,NULL
Drug overdose death rates,Drug overdose deaths involving natural and semisynthetic opioids,2,"Deaths per 100,000 resident population, age-adjusted",1,Sex and race,4,Female: White,4.5,2012,14,All ages,1.1,3.5,NULL
Drug overdose death rates,Drug overdose deaths involving natural and semisynthetic opioids,2,"Deaths per 100,000 resident population, age-adjusted",1,Sex and race,4,Female: White,4.5,2013,15,All ages,1.1,3.5,NULL
Drug overdose death rates,Drug overdose deaths involving natural and semisynthetic opioids,2,"Deaths per 100,000 resident population, age-adjusted",1,Sex and race,4,Female: White,4.5,2014,16,All ages,1.1,3.8,NULL
Drug overdose death rates,Drug overdose deaths involving natural and semisynthetic opioids,2,"Deaths per 100,000 resident population, age-adjusted",1,Sex and race,4,Female: White,4.5,2015,17,All ages,1.1,3.9,NULL
Drug overdose death rates,Drug overdose deaths involving natural and semisynthetic opioids,2,"Deaths per 100,000 resident population, age-adjusted",1,Sex and race,4,Female: White,4.5,2016,18,All ages,1.1,4.2,NULL
Drug overdose death rates,Drug overdose deaths involving natural and semisynthetic opioids,2,"Deaths per 100,000 resident population, age-adjusted",1,Sex and race,4,Female: White,4.5,2017,19,All ages,1.1,4.2,NULL
Drug overdose death rates,Drug overdose deaths involving natural and semisynthetic opioids,2,"Deaths per 100,000 resident population, age-adjusted",1,Sex and race,4,Female: White,4.5,2018,20,All ages,1.1,3.5,NULL
Drug overdose death rates,Drug overdose deaths involving natural and semisynthetic opioids,2,"Deaths per 100,000 resident population, age-adjusted",1,Sex and race,4,Female: Black or African American,4.6,1999,,All ages,1.1,0.3,NULL
Drug overdose death rates,Drug overdose deaths involving natural and semisynthetic opioids,2,"Deaths per 100,000 resident population, age-adjusted",1,Sex and race,4,Female: Black or African American,4.6,2000,2,All ages,1.1,0.3,NULL
Drug overdose death rates,Drug overdose deaths involving natural and semisynthetic opioids,2,"Deaths per 100,000 resident population, age-adjusted",1,Sex and race,4,Female: Black or African American,4.6,2001,3,All ages,1.1,0.4,NULL
Drug overdose death rates,Drug overdose deaths involving natural and semisynthetic opioids,2,"Deaths per 100,000 resident population, age-adjusted",1,Sex and race,4,Female: Black or African American,4.6,2002,4,All ages,1.1,0.6,NULL
Drug overdose death rates,Drug overdose deaths involving natural and semisynthetic opioids,2,"Deaths per 100,000 resident population, age-adjusted",1,Sex and race,4,Female: Black or African American,4.6,2003,5,All ages,1.1,0.6,NULL
Drug overdose death rates,Drug overdose deaths involving natural and semisynthetic opioids,2,"Deaths per 100,000 resident population, age-adjusted",1,Sex and race,4,Female: Black or African American,4.6,2004,6,All ages,1.1,0.7,NULL
Drug overdose death rates,Drug overdose deaths involving natural and semisynthetic opioids,2,"Deaths per 100,000 resident population, age-adjusted",1,Sex and race,4,Female: Black or African American,4.6,2005,7,All ages,1.1,0.8,NULL
Drug overdose death rates,Drug overdose deaths involving natural and semisynthetic opioids,2,"Deaths per 100,000 resident population, age-adjusted",1,Sex and race,4,Female: Black or African American,4.6,2006,8,All ages,1.1,0.8,NULL
Drug overdose death rates,Drug overdose deaths involving natural and semisynthetic opioids,2,"Deaths per 100,000 resident population, age-adjusted",1,Sex and race,4,Female: Black or African American,4.6,2007,9,All ages,1.1,0.9,NULL
Drug overdose death rates,Drug overdose deaths involving natural and semisynthetic opioids,2,"Deaths per 100,000 resident population, age-adjusted",1,Sex and race,4,Female: Black or African American,4.6,2008,10,All ages,1.1,1.0,NULL
Drug overdose death rates,Drug overdose deaths involving natural and semisynthetic opioids,2,"Deaths per 100,000 resident population, age-adjusted",1,Sex and race,4,Female: Black or African American,4.6,2009,11,All ages,1.1,1.2,NULL
Drug overdose death rates,Drug overdose deaths involving natural and semisynthetic opioids,2,"Deaths per 100,000 resident population, age-adjusted",1,Sex and race,4,Female: Black or African American,4.6,2010,12,All ages,1.1,1.3,NULL
Drug overdose death rates,Drug overdose deaths involving natural and semisynthetic opioids,2,"Deaths per 100,000 resident population, age-adjusted",1,Sex and race,4,Female: Black or African American,4.6,2011,13,All ages,1.1,1.3,NULL
Drug overdose death rates,Drug overdose deaths involving natural and semisynthetic opioids,2,"Deaths per 100,000 resident population, age-adjusted",1,Sex and race,4,Female: Black or African American,4.6,2012,14,All ages,1.1,1.5,NULL
Drug overdose death rates,Drug overdose deaths involving natural and semisynthetic opioids,2,"Deaths per 100,000 resident population, age-adjusted",1,Sex and race,4,Female: Black or African American,4.6,2013,15,All ages,1.1,1.5,NULL
Drug overdose death rates,Drug overdose deaths involving natural and semisynthetic opioids,2,"Deaths per 100,000 resident population, age-adjusted",1,Sex and race,4,Female: Black or African American,4.6,2014,16,All ages,1.1,1.7,NULL
Drug overdose death rates,Drug overdose deaths involving natural and semisynthetic opioids,2,"Deaths per 100,000 resident population, age-adjusted",1,Sex and race,4,Female: Black or African American,4.6,2015,17,All ages,1.1,1.8,NULL
Drug overdose death rates,Drug overdose deaths involving natural and semisynthetic opioids,2,"Deaths per 100,000 resident population, age-adjusted",1,Sex and race,4,Female: Black or African American,4.6,2016,18,All ages,1.1,2.2,NULL
Drug overdose death rates,Drug overdose deaths involving natural and semisynthetic opioids,2,"Deaths per 100,000 resident population, age-adjusted",1,Sex and race,4,Female: Black or African American,4.6,2017,19,All ages,1.1,2.2,NULL
Drug overdose death rates,Drug overdose deaths involving natural and semisynthetic opioids,2,"Deaths per 100,000 resident population, age-adjusted",1,Sex and race,4,Female: Black or African American,4.6,2018,20,All ages,1.1,2.0,NULL
Drug overdose death rates,Drug overdose deaths involving natural and semisynthetic opioids,2,"Deaths per 100,000 resident population, age-adjusted",1,Sex and race,4,Female: American Indian or Alaska Native,4.7,1999,1,All ages,1.1,NULL,*
Drug overdose death rates,Drug overdose deaths involving natural and semisynthetic opioids,2,"Deaths per 100,000 resident population, age-adjusted",1,Sex and race,4,Female: American Indian or Alaska Native,4.7,2000,2,All ages,1.1,NULL,*
Drug overdose death rates,Drug overdose deaths involving natural and semisynthetic opioids,2,"Deaths per 100,000 resident population, age-adjusted",1,Sex and race,4,Female: American Indian or Alaska Native,4.7,2001,3,All ages,1.1,NULL,*
Drug overdose death rates,Drug overdose deaths involving natural and semisynthetic opioids,2,"Deaths per 100,000 resident population, age-adjusted",1,Sex and race,4,Female: American Indian or Alaska Native,4.7,2002,4,All ages,1.1,NULL,*
Drug overdose death rates,Drug overdose deaths involving natural and semisynthetic opioids,2,"Deaths per 100,000 resident population, age-adjusted",1,Sex and race,4,Female: American Indian or Alaska Native,4.7,2003,5,All ages,1.1,1.6,NULL
Drug overdose death rates,Drug overdose deaths involving natural and semisynthetic opioids,2,"Deaths per 100,000 resident population, age-adjusted",1,Sex and race,4,Female: American Indian or Alaska Native,4.7,2004,6,All ages,1.1,1.5,NULL
Drug overdose death rates,Drug overdose deaths involving natural and semisynthetic opioids,2,"Deaths per 100,000 resident population, age-adjusted",1,Sex and race,4,Female: American Indian or Alaska Native,4.7,2005,7,All ages,1.1,1.9,NULL
Drug overdose death rates,Drug overdose deaths involving natural and semisynthetic opioids,2,"Deaths per 100,000 resident population, age-adjusted",1,Sex and race,4,Female: American Indian or Alaska Native,4.7,2006,8,All ages,1.1,1.2,NULL
Drug overdose death rates,Drug overdose deaths involving natural and semisynthetic opioids,2,"Deaths per 100,000 resident population, age-adjusted",1,Sex and race,4,Female: American Indian or Alaska Native,4.7,2007,9,All ages,1.1,2.7,NULL
Drug overdose death rates,Drug overdose deaths involving natural and semisynthetic opioids,2,"Deaths per 100,000 resident population, age-adjusted",1,Sex and race,4,Female: American Indian or Alaska Native,4.7,2008,10,All ages,1.1,2.1,NULL
Drug overdose death rates,Drug overdose deaths involving natural and semisynthetic opioids,2,"Deaths per 100,000 resident population, age-adjusted",1,Sex and race,4,Female: American Indian or Alaska Native,4.7,2009,11,All ages,1.1,3.0,NULL
Drug overdose death rates,Drug overdose deaths involving natural and semisynthetic opioids,2,"Deaths per 100,000 resident population, age-adjusted",1,Sex and race,4,Female: American Indian or Alaska Native,4.7,2010,12,All ages,1.1,2.8,NULL
Drug overdose death rates,Drug overdose deaths involving natural and semisynthetic opioids,2,"Deaths per 100,000 resident population, age-adjusted",1,Sex and race,4,Female: American Indian or Alaska Native,4.7,2011,13,All ages,1.1,3.0,NULL
Drug overdose death rates,Drug overdose deaths involving natural and semisynthetic opioids,2,"Deaths per 100,000 resident population, age-adjusted",1,Sex and race,4,Female: American Indian or Alaska Native,4.7,2012,14,All ages,1.1,3.6,NULL
Drug overdose death rates,Drug overdose deaths involving natural and semisynthetic opioids,2,"Deaths per 100,000 resident population, age-adjusted",1,Sex and race,4,Female: American Indian or Alaska Native,4.7,2013,15,All ages,1.1,3.7,NULL
Drug overdose death rates,Drug overdose deaths involving natural and semisynthetic opioids,2,"Deaths per 100,000 resident population, age-adjusted",1,Sex and race,4,Female: American Indian or Alaska Native,4.7,2014,16,All ages,1.1,3.8,NULL
Drug overdose death rates,Drug overdose deaths involving natural and semisynthetic opioids,2,"Deaths per 100,000 resident population, age-adjusted",1,Sex and race,4,Female: American Indian or Alaska Native,4.7,2015,17,All ages,1.1,3.3,NULL
Drug overdose death rates,Drug overdose deaths involving natural and semisynthetic opioids,2,"Deaths per 100,000 resident population, age-adjusted",1,Sex and race,4,Female: American Indian or Alaska Native,4.7,2016,18,All ages,1.1,3.5,NULL
Drug overdose death rates,Drug overdose deaths involving natural and semisynthetic opioids,2,"Deaths per 100,000 resident population, age-adjusted",1,Sex and race,4,Female: American Indian or Alaska Native,4.7,2017,19,All ages,1.1,3.4,NULL
Drug overdose death rates,Drug overdose deaths involving natural and semisynthetic opioids,2,"Deaths per 100,000 resident population, age-adjusted",1,Sex and race,4,Female: American Indian or Alaska Native,4.7,2018,20,All ages,1.1,2.5,NULL
Drug overdose death rates,Drug overdose deaths involving natural and semisynthetic opioids,2,"Deaths per 100,000 resident population, age-adjusted",1,Sex and race,4,Female: Asian or Pacific Islander,4.8,1999,1,All ages,1.1,NULL,*
Drug overdose death rates,Drug overdose deaths involving natural and semisynthetic opioids,2,"Deaths per 100,000 resident population, age-adjusted",1,Sex and race,4,Female: Asian or Pacific Islander,4.8,2000,2,All ages,1.1,NULL,*
Drug overdose death rates,Drug overdose deaths involving natural and semisynthetic opioids,2,"Deaths per 100,000 resident population, age-adjusted",1,Sex and race,4,Female: Asian or Pacific Islander,4.8,2001,3,All ages,1.1,NULL,*
Drug overdose death rates,Drug overdose deaths involving natural and semisynthetic opioids,2,"Deaths per 100,000 resident population, age-adjusted",1,Sex and race,4,Female: Asian or Pacific Islander,4.8,2002,4,All ages,1.1,NULL,*
Drug overdose death rates,Drug overdose deaths involving natural and semisynthetic opioids,2,"Deaths per 100,000 resident population, age-adjusted",1,Sex and race,4,Female: Asian or Pacific Islander,4.8,2003,5,All ages,1.1,NULL,*
Drug overdose death rates,Drug overdose deaths involving natural and semisynthetic opioids,2,"Deaths per 100,000 resident population, age-adjusted",1,Sex and race,4,Female: Asian or Pacific Islander,4.8,2004,6,All ages,1.1,NULL,*
Drug overdose death rates,Drug overdose deaths involving natural and semisynthetic opioids,2,"Deaths per 100,000 resident population, age-adjusted",1,Sex and race,4,Female: Asian or Pacific Islander,4.8,2005,7,All ages,1.1,NULL,*
Drug overdose death rates,Drug overdose deaths involving natural and semisynthetic opioids,2,"Deaths per 100,000 resident population, age-adjusted",1,Sex and race,4,Female: Asian or Pacific Islander,4.8,2006,8,All ages,1.1,NULL,*
Drug overdose death rates,Drug overdose deaths involving natural and semisynthetic opioids,2,"Deaths per 100,000 resident population, age-adjusted",1,Sex and race,4,Female: Asian or Pacific Islander,4.8,2007,9,All ages,1.1,NULL,*
Drug overdose death rates,Drug overdose deaths involving natural and semisynthetic opioids,2,"Deaths per 100,000 resident population, age-adjusted",1,Sex and race,4,Female: Asian or Pacific Islander,4.8,2008,10,All ages,1.1,0.4,NULL
Drug overdose death rates,Drug overdose deaths involving natural and semisynthetic opioids,2,"Deaths per 100,000 resident population, age-adjusted",1,Sex and race,4,Female: Asian or Pacific Islander,4.8,2009,11,All ages,1.1,0.3,NULL
Drug overdose death rates,Drug overdose deaths involving natural and semisynthetic opioids,2,"Deaths per 100,000 resident population, age-adjusted",1,Sex and race,4,Female: Asian or Pacific Islander,4.8,2010,12,All ages,1.1,0.4,NULL
Drug overdose death rates,Drug overdose deaths involving natural and semisynthetic opioids,2,"Deaths per 100,000 resident population, age-adjusted",1,Sex and race,4,Female: Asian or Pacific Islander,4.8,2011,13,All ages,1.1,0.3,NULL
Drug overdose death rates,Drug overdose deaths involving natural and semisynthetic opioids,2,"Deaths per 100,000 resident population, age-adjusted",1,Sex and race,4,Female: Asian or Pacific Islander,4.8,2012,14,All ages,1.1,0.4,NULL
Drug overdose death rates,Drug overdose deaths involving natural and semisynthetic opioids,2,"Deaths per 100,000 resident population, age-adjusted",1,Sex and race,4,Female: Asian or Pacific Islander,4.8,2013,15,All ages,1.1,0.2,NULL
Drug overdose death rates,Drug overdose deaths involving natural and semisynthetic opioids,2,"Deaths per 100,000 resident population, age-adjusted",1,Sex and race,4,Female: Asian or Pacific Islander,4.8,2014,16,All ages,1.1,0.3,NULL
Drug overdose death rates,Drug overdose deaths involving natural and semisynthetic opioids,2,"Deaths per 100,000 resident population, age-adjusted",1,Sex and race,4,Female: Asian or Pacific Islander,4.8,2015,17,All ages,1.1,0.2,NULL
Drug overdose death rates,Drug overdose deaths involving natural and semisynthetic opioids,2,"Deaths per 100,000 resident population, age-adjusted",1,Sex and race,4,Female: Asian or Pacific Islander,4.8,2016,18,All ages,1.1,0.4,NULL
Drug overdose death rates,Drug overdose deaths involving natural and semisynthetic opioids,2,"Deaths per 100,000 resident population, age-adjusted",1,Sex and race,4,Female: Asian or Pacific Islander,4.8,2017,19,All ages,1.1,0.4,NULL
Drug overdose death rates,Drug overdose deaths involving natural and semisynthetic opioids,2,"Deaths per 100,000 resident population, age-adjusted",1,Sex and race,4,Female: Asian or Pacific Islander,4.8,2018,20,All ages,1.1,0.3,NULL
Drug overdose death rates,Drug overdose deaths involving natural and semisynthetic opioids,2,"Deaths per 100,000 resident population, age-adjusted",1,Sex and race and Hispanic origin,5,Male: Hispanic or Latino: All races,5.1,1999,1,All ages,1.1,2.3,NULL
Drug overdose death rates,Drug overdose deaths involving natural and semisynthetic opioids,2,"Deaths per 100,000 resident population, age-adjusted",1,Sex and race and Hispanic origin,5,Male: Hispanic or Latino: All races,5.1,2000,2,All ages,1.1,1.5,NULL
Drug overdose death rates,Drug overdose deaths involving natural and semisynthetic opioids,2,"Deaths per 100,000 resident population, age-adjusted",1,Sex and race and Hispanic origin,5,Male: Hispanic or Latino: All races,5.1,2001,3,All ages,1.1,1.4,NULL
Drug overdose death rates,Drug overdose deaths involving natural and semisynthetic opioids,2,"Deaths per 100,000 resident population, age-adjusted",1,Sex and race and Hispanic origin,5,Male: Hispanic or Latino: All races,5.1,2002,4,All ages,1.1,1.7,NULL
Drug overdose death rates,Drug overdose deaths involving natural and semisynthetic opioids,2,"Deaths per 100,000 resident population, age-adjusted",1,Sex and race and Hispanic origin,5,Male: Hispanic or Latino: All races,5.1,2003,5,All ages,1.1,1.7,NULL
Drug overdose death rates,Drug overdose deaths involving natural and semisynthetic opioids,2,"Deaths per 100,000 resident population, age-adjusted",1,Sex and race and Hispanic origin,5,Male: Hispanic or Latino: All races,5.1,2004,6,All ages,1.1,1.4,NULL
Drug overdose death rates,Drug overdose deaths involving natural and semisynthetic opioids,2,"Deaths per 100,000 resident population, age-adjusted",1,Sex and race and Hispanic origin,5,Male: Hispanic or Latino: All races,5.1,2005,7,All ages,1.1,1.5,NULL
Drug overdose death rates,Drug overdose deaths involving natural and semisynthetic opioids,2,"Deaths per 100,000 resident population, age-adjusted",1,Sex and race and Hispanic origin,5,Male: Hispanic or Latino: All races,5.1,2006,8,All ages,1.1,1.7,NULL
Drug overdose death rates,Drug overdose deaths involving natural and semisynthetic opioids,2,"Deaths per 100,000 resident population, age-adjusted",1,Sex and race and Hispanic origin,5,Male: Hispanic or Latino: All races,5.1,2007,9,All ages,1.1,2.0,NULL
Drug overdose death rates,Drug overdose deaths involving natural and semisynthetic opioids,2,"Deaths per 100,000 resident population, age-adjusted",1,Sex and race and Hispanic origin,5,Male: Hispanic or Latino: All races,5.1,2008,10,All ages,1.1,2.0,NULL
Drug overdose death rates,Drug overdose deaths involving natural and semisynthetic opioids,2,"Deaths per 100,000 resident population, age-adjusted",1,Sex and race and Hispanic origin,5,Male: Hispanic or Latino: All races,5.1,2009,11,All ages,1.1,1.9,NULL
Drug overdose death rates,Drug overdose deaths involving natural and semisynthetic opioids,2,"Deaths per 100,000 resident population, crude",2,Age,1,Under 15 years,1.1,2004,6,Under 15 years,1.2,0.1,NULL
Drug overdose death rates,Drug overdose deaths involving natural and semisynthetic opioids,2,"Deaths per 100,000 resident population, age-adjusted",1,Sex and race and Hispanic origin,5,Male: Hispanic or Latino: All races,5.1,2010,12,All ages,1.1,1.6,NULL
Drug overdose death rates,Drug overdose deaths involving natural and semisynthetic opioids,2,"Deaths per 100,000 resident population, age-adjusted",1,Sex and race and Hispanic origin,5,Male: Hispanic or Latino: All races,5.1,2011,13,All ages,1.1,1.9,NULL
Drug overdose death rates,Drug overdose deaths involving natural and semisynthetic opioids,2,"Deaths per 100,000 resident population, age-adjusted",1,Sex and race and Hispanic origin,5,Male: Hispanic or Latino: All races,5.1,2012,14,All ages,1.1,1.7,NULL
Drug overdose death rates,Drug overdose deaths involving natural and semisynthetic opioids,2,"Deaths per 100,000 resident population, age-adjusted",1,Sex and race and Hispanic origin,5,Male: Hispanic or Latino: All races,5.1,2013,15,All ages,1.1,2.0,NULL
Drug overdose death rates,Drug overdose deaths involving natural and semisynthetic opioids,2,"Deaths per 100,000 resident population, age-adjusted",1,Sex and race and Hispanic origin,5,Male: Hispanic or Latino: All races,5.1,2014,16,All ages,1.1,1.7,NULL
Drug overdose death rates,Drug overdose deaths involving natural and semisynthetic opioids,2,"Deaths per 100,000 resident population, age-adjusted",1,Sex and race and Hispanic origin,5,Male: Hispanic or Latino: All races,5.1,2015,17,All ages,1.1,1.8,NULL
Drug overdose death rates,Drug overdose deaths involving natural and semisynthetic opioids,2,"Deaths per 100,000 resident population, age-adjusted",1,Sex and race and Hispanic origin,5,Male: Hispanic or Latino: All races,5.1,2016,18,All ages,1.1,2.1,NULL
Drug overdose death rates,Drug overdose deaths involving natural and semisynthetic opioids,2,"Deaths per 100,000 resident population, age-adjusted",1,Sex and race and Hispanic origin,5,Male: Hispanic or Latino: All races,5.1,2017,19,All ages,1.1,2.4,NULL
Drug overdose death rates,Drug overdose deaths involving natural and semisynthetic opioids,2,"Deaths per 100,000 resident population, age-adjusted",1,Sex and race and Hispanic origin,5,Male: Hispanic or Latino: All races,5.1,2018,20,All ages,1.1,2.1,NULL
Drug overdose death rates,Drug overdose deaths involving natural and semisynthetic opioids,2,"Deaths per 100,000 resident population, age-adjusted",1,Sex and race and Hispanic origin,5,Male: Not Hispanic or Latino: White,5.2,1999,,All ages,1.1,1.4,NULL
Drug overdose death rates,Drug overdose deaths involving natural and semisynthetic opioids,2,"Deaths per 100,000 resident population, age-adjusted",1,Sex and race and Hispanic origin,5,Male: Not Hispanic or Latino: White,5.2,2000,2,All ages,1.1,1.6,NULL
Drug overdose death rates,Drug overdose deaths involving natural and semisynthetic opioids,2,"Deaths per 100,000 resident population, age-adjusted",1,Sex and race and Hispanic origin,5,Male: Not Hispanic or Latino: White,5.2,2001,3,All ages,1.1,1.9,NULL
Drug overdose death rates,Drug overdose deaths involving natural and semisynthetic opioids,2,"Deaths per 100,000 resident population, age-adjusted",1,Sex and race and Hispanic origin,5,Male: Not Hispanic or Latino: White,5.2,2002,4,All ages,1.1,2.4,NULL
Drug overdose death rates,Drug overdose deaths involving natural and semisynthetic opioids,2,"Deaths per 100,000 resident population, age-adjusted",1,Sex and race and Hispanic origin,5,Male: Not Hispanic or Latino: White,5.2,2003,5,All ages,1.1,2.6,NULL
Drug overdose death rates,Drug overdose deaths involving natural and semisynthetic opioids,2,"Deaths per 100,000 resident population, age-adjusted",1,Sex and race and Hispanic origin,5,Male: Not Hispanic or Latino: White,5.2,2004,6,All ages,1.1,2.8,NULL
Drug overdose death rates,Drug overdose deaths involving natural and semisynthetic opioids,2,"Deaths per 100,000 resident population, age-adjusted",1,Sex and race and Hispanic origin,5,Male: Not Hispanic or Latino: White,5.2,2005,7,All ages,1.1,3.0,NULL
Drug overdose death rates,Drug overdose deaths involving natural and semisynthetic opioids,2,"Deaths per 100,000 resident population, age-adjusted",1,Sex and race and Hispanic origin,5,Male: Not Hispanic or Latino: White,5.2,2006,8,All ages,1.1,3.6,NULL
Drug overdose death rates,Drug overdose deaths involving natural and semisynthetic opioids,2,"Deaths per 100,000 resident population, age-adjusted",1,Sex and race and Hispanic origin,5,Male: Not Hispanic or Latino: White,5.2,2007,9,All ages,1.1,4.2,NULL
Drug overdose death rates,Drug overdose deaths involving natural and semisynthetic opioids,2,"Deaths per 100,000 resident population, age-adjusted",1,Sex and race and Hispanic origin,5,Male: Not Hispanic or Latino: White,5.2,2008,10,All ages,1.1,4.8,NULL
Drug overdose death rates,Drug overdose deaths involving natural and semisynthetic opioids,2,"Deaths per 100,000 resident population, age-adjusted",1,Sex and race and Hispanic origin,5,Male: Not Hispanic or Latino: White,5.2,2009,11,All ages,1.1,5.0,NULL
Drug overdose death rates,Drug overdose deaths involving natural and semisynthetic opioids,2,"Deaths per 100,000 resident population, age-adjusted",1,Sex and race and Hispanic origin,5,Male: Not Hispanic or Latino: White,5.2,2010,12,All ages,1.1,5.9,NULL
Drug overdose death rates,Drug overdose deaths involving natural and semisynthetic opioids,2,"Deaths per 100,000 resident population, age-adjusted",1,Sex and race and Hispanic origin,5,Male: Not Hispanic or Latino: White,5.2,2011,13,All ages,1.1,6.0,NULL
Drug overdose death rates,Drug overdose deaths involving natural and semisynthetic opioids,2,"Deaths per 100,000 resident population, age-adjusted",1,Sex and race and Hispanic origin,5,Male: Not Hispanic or Latino: White,5.2,2012,14,All ages,1.1,5.4,NULL
Drug overdose death rates,Drug overdose deaths involving natural and semisynthetic opioids,2,"Deaths per 100,000 resident population, age-adjusted",1,Sex and race and Hispanic origin,5,Male: Not Hispanic or Latino: White,5.2,2013,15,All ages,1.1,5.4,NULL
Drug overdose death rates,Drug overdose deaths involving natural and semisynthetic opioids,2,"Deaths per 100,000 resident population, age-adjusted",1,Sex and race and Hispanic origin,5,Male: Not Hispanic or Latino: White,5.2,2014,16,All ages,1.1,5.6,NULL
Drug overdose death rates,Drug overdose deaths involving natural and semisynthetic opioids,2,"Deaths per 100,000 resident population, age-adjusted",1,Sex and race and Hispanic origin,5,Male: Not Hispanic or Latino: White,5.2,2015,17,All ages,1.1,6.0,NULL
Drug overdose death rates,Drug overdose deaths involving natural and semisynthetic opioids,2,"Deaths per 100,000 resident population, age-adjusted",1,Sex and race and Hispanic origin,5,Male: Not Hispanic or Latino: White,5.2,2016,18,All ages,1.1,7.0,NULL
Drug overdose death rates,Drug overdose deaths involving natural and semisynthetic opioids,2,"Deaths per 100,000 resident population, age-adjusted",1,Sex and race and Hispanic origin,5,Male: Not Hispanic or Latino: White,5.2,2017,19,All ages,1.1,6.9,NULL
Drug overdose death rates,Drug overdose deaths involving natural and semisynthetic opioids,2,"Deaths per 100,000 resident population, age-adjusted",1,Sex and race and Hispanic origin,5,Male: Not Hispanic or Latino: White,5.2,2018,20,All ages,1.1,5.9,NULL
Drug overdose death rates,Drug overdose deaths involving natural and semisynthetic opioids,2,"Deaths per 100,000 resident population, age-adjusted",1,Sex and race and Hispanic origin,5,Male: Not Hispanic or Latino: Black,5.3,1999,,All ages,1.1,1.0,NULL
Drug overdose death rates,Drug overdose deaths involving natural and semisynthetic opioids,2,"Deaths per 100,000 resident population, age-adjusted",1,Sex and race and Hispanic origin,5,Male: Not Hispanic or Latino: Black,5.3,2000,2,All ages,1.1,0.9,NULL
Drug overdose death rates,Drug overdose deaths involving natural and semisynthetic opioids,2,"Deaths per 100,000 resident population, age-adjusted",1,Sex and race and Hispanic origin,5,Male: Not Hispanic or Latino: Black,5.3,2001,3,All ages,1.1,0.9,NULL
Drug overdose death rates,Drug overdose deaths involving natural and semisynthetic opioids,2,"Deaths per 100,000 resident population, age-adjusted",1,Sex and race and Hispanic origin,5,Male: Not Hispanic or Latino: Black,5.3,2002,4,All ages,1.1,1.0,NULL
Drug overdose death rates,Drug overdose deaths involving natural and semisynthetic opioids,2,"Deaths per 100,000 resident population, age-adjusted",1,Sex and race and Hispanic origin,5,Male: Not Hispanic or Latino: Black,5.3,2003,5,All ages,1.1,0.9,NULL
Drug overdose death rates,Drug overdose deaths involving natural and semisynthetic opioids,2,"Deaths per 100,000 resident population, age-adjusted",1,Sex and race and Hispanic origin,5,Male: Not Hispanic or Latino: Black,5.3,2004,6,All ages,1.1,1.1,NULL
Drug overdose death rates,Drug overdose deaths involving natural and semisynthetic opioids,2,"Deaths per 100,000 resident population, age-adjusted",1,Sex and race and Hispanic origin,5,Male: Not Hispanic or Latino: Black,5.3,2005,7,All ages,1.1,1.2,NULL
Drug overdose death rates,Drug overdose deaths involving natural and semisynthetic opioids,2,"Deaths per 100,000 resident population, age-adjusted",1,Sex and race and Hispanic origin,5,Male: Not Hispanic or Latino: Black,5.3,2006,8,All ages,1.1,1.3,NULL
Drug overdose death rates,Drug overdose deaths involving natural and semisynthetic opioids,2,"Deaths per 100,000 resident population, age-adjusted",1,Sex and race and Hispanic origin,5,Male: Not Hispanic or Latino: Black,5.3,2007,9,All ages,1.1,1.2,NULL
Drug overdose death rates,Drug overdose deaths involving natural and semisynthetic opioids,2,"Deaths per 100,000 resident population, age-adjusted",1,Sex and race and Hispanic origin,5,Male: Not Hispanic or Latino: Black,5.3,2008,10,All ages,1.1,1.4,NULL
Drug overdose death rates,Drug overdose deaths involving natural and semisynthetic opioids,2,"Deaths per 100,000 resident population, age-adjusted",1,Sex and race and Hispanic origin,5,Male: Not Hispanic or Latino: Black,5.3,2009,11,All ages,1.1,1.5,NULL
Drug overdose death rates,Drug overdose deaths involving natural and semisynthetic opioids,2,"Deaths per 100,000 resident population, age-adjusted",1,Sex and race and Hispanic origin,5,Male: Not Hispanic or Latino: Black,5.3,2010,12,All ages,1.1,1.5,NULL
Drug overdose death rates,Drug overdose deaths involving natural and semisynthetic opioids,2,"Deaths per 100,000 resident population, age-adjusted",1,Sex and race and Hispanic origin,5,Male: Not Hispanic or Latino: Black,5.3,2011,13,All ages,1.1,1.6,NULL
Drug overdose death rates,Drug overdose deaths involving natural and semisynthetic opioids,2,"Deaths per 100,000 resident population, age-adjusted",1,Sex and race and Hispanic origin,5,Male: Not Hispanic or Latino: Black,5.3,2012,14,All ages,1.1,1.6,NULL
Drug overdose death rates,Drug overdose deaths involving natural and semisynthetic opioids,2,"Deaths per 100,000 resident population, age-adjusted",1,Sex and race and Hispanic origin,5,Male: Not Hispanic or Latino: Black,5.3,2013,15,All ages,1.1,1.8,NULL
Drug overdose death rates,Drug overdose deaths involving natural and semisynthetic opioids,2,"Deaths per 100,000 resident population, age-adjusted",1,Sex and race and Hispanic origin,5,Male: Not Hispanic or Latino: Black,5.3,2014,16,All ages,1.1,2.2,NULL
Drug overdose death rates,Drug overdose deaths involving natural and semisynthetic opioids,2,"Deaths per 100,000 resident population, age-adjusted",1,Sex and race and Hispanic origin,5,Male: Not Hispanic or Latino: Black,5.3,2015,17,All ages,1.1,2.4,NULL
Drug overdose death rates,Drug overdose deaths involving natural and semisynthetic opioids,2,"Deaths per 100,000 resident population, age-adjusted",1,Sex and race and Hispanic origin,5,Male: Not Hispanic or Latino: Black,5.3,2016,18,All ages,1.1,3.3,NULL
Drug overdose death rates,Drug overdose deaths involving natural and semisynthetic opioids,2,"Deaths per 100,000 resident population, age-adjusted",1,Sex and race and Hispanic origin,5,Male: Not Hispanic or Latino: Black,5.3,2017,19,All ages,1.1,3.6,NULL
Drug overdose death rates,Drug overdose deaths involving natural and semisynthetic opioids,2,"Deaths per 100,000 resident population, age-adjusted",1,Sex and race and Hispanic origin,5,Male: Not Hispanic or Latino: Black,5.3,2018,20,All ages,1.1,3.4,NULL
Drug overdose death rates,Drug overdose deaths involving natural and semisynthetic opioids,2,"Deaths per 100,000 resident population, age-adjusted",1,Sex and race and Hispanic origin,5,Male: Not Hispanic or Latino: American Indian or Alaska Native,5.4,1999,1,All ages,1.1,NULL,*
Drug overdose death rates,Drug overdose deaths involving natural and semisynthetic opioids,2,"Deaths per 100,000 resident population, age-adjusted",1,Sex and race and Hispanic origin,5,Male: Not Hispanic or Latino: American Indian or Alaska Native,5.4,2000,2,All ages,1.1,NULL,*
Drug overdose death rates,Drug overdose deaths involving natural and semisynthetic opioids,2,"Deaths per 100,000 resident population, age-adjusted",1,Sex and race and Hispanic origin,5,Male: Not Hispanic or Latino: American Indian or Alaska Native,5.4,2001,3,All ages,1.1,NULL,*
Drug overdose death rates,Drug overdose deaths involving natural and semisynthetic opioids,2,"Deaths per 100,000 resident population, age-adjusted",1,Sex and race and Hispanic origin,5,Male: Not Hispanic or Latino: American Indian or Alaska Native,5.4,2002,4,All ages,1.1,2.2,NULL
Drug overdose death rates,Drug overdose deaths involving natural and semisynthetic opioids,2,"Deaths per 100,000 resident population, age-adjusted",1,Sex and race and Hispanic origin,5,Male: Not Hispanic or Latino: American Indian or Alaska Native,5.4,2003,5,All ages,1.1,2.0,NULL
Drug overdose death rates,Drug overdose deaths involving natural and semisynthetic opioids,2,"Deaths per 100,000 resident population, age-adjusted",1,Sex and race and Hispanic origin,5,Male: Not Hispanic or Latino: American Indian or Alaska Native,5.4,2004,6,All ages,1.1,2.9,NULL
Drug overdose death rates,Drug overdose deaths involving natural and semisynthetic opioids,2,"Deaths per 100,000 resident population, age-adjusted",1,Sex and race and Hispanic origin,5,Male: Not Hispanic or Latino: American Indian or Alaska Native,5.4,2005,7,All ages,1.1,3.0,NULL
Drug overdose death rates,Drug overdose deaths involving natural and semisynthetic opioids,2,"Deaths per 100,000 resident population, age-adjusted",1,Sex and race and Hispanic origin,5,Male: Not Hispanic or Latino: American Indian or Alaska Native,5.4,2006,8,All ages,1.1,4.1,NULL
Drug overdose death rates,Drug overdose deaths involving natural and semisynthetic opioids,2,"Deaths per 100,000 resident population, age-adjusted",1,Sex and race and Hispanic origin,5,Male: Not Hispanic or Latino: American Indian or Alaska Native,5.4,2007,9,All ages,1.1,2.9,NULL
Drug overdose death rates,Drug overdose deaths involving natural and semisynthetic opioids,2,"Deaths per 100,000 resident population, age-adjusted",1,Sex and race and Hispanic origin,5,Male: Not Hispanic or Latino: American Indian or Alaska Native,5.4,2008,10,All ages,1.1,4.8,NULL
Drug overdose death rates,Drug overdose deaths involving natural and semisynthetic opioids,2,"Deaths per 100,000 resident population, age-adjusted",1,Sex and race and Hispanic origin,5,Male: Not Hispanic or Latino: American Indian or Alaska Native,5.4,2009,11,All ages,1.1,6.4,NULL
Drug overdose death rates,Drug overdose deaths involving natural and semisynthetic opioids,2,"Deaths per 100,000 resident population, age-adjusted",1,Sex and race and Hispanic origin,5,Male: Not Hispanic or Latino: American Indian or Alaska Native,5.4,2010,12,All ages,1.1,5.6,NULL
Drug overdose death rates,Drug overdose deaths involving natural and semisynthetic opioids,2,"Deaths per 100,000 resident population, age-adjusted",1,Sex and race and Hispanic origin,5,Male: Not Hispanic or Latino: American Indian or Alaska Native,5.4,2011,13,All ages,1.1,4.8,NULL
Drug overdose death rates,Drug overdose deaths involving natural and semisynthetic opioids,2,"Deaths per 100,000 resident population, age-adjusted",1,Sex and race and Hispanic origin,5,Male: Not Hispanic or Latino: American Indian or Alaska Native,5.4,2012,14,All ages,1.1,6.3,NULL
Drug overdose death rates,Drug overdose deaths involving natural and semisynthetic opioids,2,"Deaths per 100,000 resident population, age-adjusted",1,Sex and race and Hispanic origin,5,Male: Not Hispanic or Latino: American Indian or Alaska Native,5.4,2013,15,All ages,1.1,5.6,NULL
Drug overdose death rates,Drug overdose deaths involving natural and semisynthetic opioids,2,"Deaths per 100,000 resident population, age-adjusted",1,Sex and race and Hispanic origin,5,Male: Not Hispanic or Latino: American Indian or Alaska Native,5.4,2014,16,All ages,1.1,6.9,NULL
Drug overdose death rates,Drug overdose deaths involving natural and semisynthetic opioids,2,"Deaths per 100,000 resident population, age-adjusted",1,Sex and race and Hispanic origin,5,Male: Not Hispanic or Latino: American Indian or Alaska Native,5.4,2015,17,All ages,1.1,6.9,NULL
Drug overdose death rates,Drug overdose deaths involving natural and semisynthetic opioids,2,"Deaths per 100,000 resident population, age-adjusted",1,Sex and race and Hispanic origin,5,Male: Not Hispanic or Latino: American Indian or Alaska Native,5.4,2016,18,All ages,1.1,5.4,NULL
Drug overdose death rates,Drug overdose deaths involving natural and semisynthetic opioids,2,"Deaths per 100,000 resident population, age-adjusted",1,Sex and race and Hispanic origin,5,Male: Not Hispanic or Latino: American Indian or Alaska Native,5.4,2017,19,All ages,1.1,6.1,NULL
Drug overdose death rates,Drug overdose deaths involving natural and semisynthetic opioids,2,"Deaths per 100,000 resident population, age-adjusted",1,Sex and race and Hispanic origin,5,Male: Not Hispanic or Latino: American Indian or Alaska Native,5.4,2018,20,All ages,1.1,3.9,NULL
Drug overdose death rates,Drug overdose deaths involving natural and semisynthetic opioids,2,"Deaths per 100,000 resident population, age-adjusted",1,Sex and race and Hispanic origin,5,Male: Not Hispanic or Latino: Asian or Pacific Islander,5.5,1999,1,All ages,1.1,NULL,*
Drug overdose death rates,Drug overdose deaths involving natural and semisynthetic opioids,2,"Deaths per 100,000 resident population, age-adjusted",1,Sex and race and Hispanic origin,5,Male: Not Hispanic or Latino: Asian or Pacific Islander,5.5,2000,2,All ages,1.1,NULL,*
Drug overdose death rates,Drug overdose deaths involving natural and semisynthetic opioids,2,"Deaths per 100,000 resident population, age-adjusted",1,Sex and race and Hispanic origin,5,Male: Not Hispanic or Latino: Asian or Pacific Islander,5.5,2001,3,All ages,1.1,NULL,*
Drug overdose death rates,Drug overdose deaths involving natural and semisynthetic opioids,2,"Deaths per 100,000 resident population, age-adjusted",1,Sex and race and Hispanic origin,5,Male: Not Hispanic or Latino: Asian or Pacific Islander,5.5,2002,4,All ages,1.1,0.4,NULL
Drug overdose death rates,Drug overdose deaths involving natural and semisynthetic opioids,2,"Deaths per 100,000 resident population, age-adjusted",1,Sex and race and Hispanic origin,5,Male: Not Hispanic or Latino: Asian or Pacific Islander,5.5,2003,5,All ages,1.1,NULL,*
Drug overdose death rates,Drug overdose deaths involving natural and semisynthetic opioids,2,"Deaths per 100,000 resident population, age-adjusted",1,Sex and race and Hispanic origin,5,Male: Not Hispanic or Latino: Asian or Pacific Islander,5.5,2004,6,All ages,1.1,NULL,*
Drug overdose death rates,Drug overdose deaths involving natural and semisynthetic opioids,2,"Deaths per 100,000 resident population, age-adjusted",1,Sex and race and Hispanic origin,5,Male: Not Hispanic or Latino: Asian or Pacific Islander,5.5,2005,7,All ages,1.1,0.3,NULL
Drug overdose death rates,Drug overdose deaths involving natural and semisynthetic opioids,2,"Deaths per 100,000 resident population, age-adjusted",1,Sex and race and Hispanic origin,5,Male: Not Hispanic or Latino: Asian or Pacific Islander,5.5,2006,8,All ages,1.1,0.3,NULL
Drug overdose death rates,Drug overdose deaths involving natural and semisynthetic opioids,2,"Deaths per 100,000 resident population, age-adjusted",1,Sex and race and Hispanic origin,5,Male: Not Hispanic or Latino: Asian or Pacific Islander,5.5,2007,9,All ages,1.1,NULL,*
Drug overdose death rates,Drug overdose deaths involving natural and semisynthetic opioids,2,"Deaths per 100,000 resident population, age-adjusted",1,Sex and race and Hispanic origin,5,Male: Not Hispanic or Latino: Asian or Pacific Islander,5.5,2008,10,All ages,1.1,0.3,NULL
Drug overdose death rates,Drug overdose deaths involving natural and semisynthetic opioids,2,"Deaths per 100,000 resident population, age-adjusted",1,Sex and race and Hispanic origin,5,Male: Not Hispanic or Latino: Asian or Pacific Islander,5.5,2009,11,All ages,1.1,0.4,NULL
Drug overdose death rates,Drug overdose deaths involving natural and semisynthetic opioids,2,"Deaths per 100,000 resident population, age-adjusted",1,Sex and race and Hispanic origin,5,Male: Not Hispanic or Latino: Asian or Pacific Islander,5.5,2010,12,All ages,1.1,0.5,NULL
Drug overdose death rates,Drug overdose deaths involving natural and semisynthetic opioids,2,"Deaths per 100,000 resident population, age-adjusted",1,Sex and race and Hispanic origin,5,Male: Not Hispanic or Latino: Asian or Pacific Islander,5.5,2011,13,All ages,1.1,0.6,NULL
Drug overdose death rates,Drug overdose deaths involving natural and semisynthetic opioids,2,"Deaths per 100,000 resident population, age-adjusted",1,Sex and race and Hispanic origin,5,Male: Not Hispanic or Latino: Asian or Pacific Islander,5.5,2012,14,All ages,1.1,0.5,NULL
Drug overdose death rates,Drug overdose deaths involving natural and semisynthetic opioids,2,"Deaths per 100,000 resident population, age-adjusted",1,Sex and race and Hispanic origin,5,Male: Not Hispanic or Latino: Asian or Pacific Islander,5.5,2013,15,All ages,1.1,0.6,NULL
Drug overdose death rates,Drug overdose deaths involving natural and semisynthetic opioids,2,"Deaths per 100,000 resident population, age-adjusted",1,Sex and race and Hispanic origin,5,Male: Not Hispanic or Latino: Asian or Pacific Islander,5.5,2014,16,All ages,1.1,0.5,NULL
Drug overdose death rates,Drug overdose deaths involving natural and semisynthetic opioids,2,"Deaths per 100,000 resident population, age-adjusted",1,Sex and race and Hispanic origin,5,Male: Not Hispanic or Latino: Asian or Pacific Islander,5.5,2015,17,All ages,1.1,0.6,NULL
Drug overdose death rates,Drug overdose deaths involving natural and semisynthetic opioids,2,"Deaths per 100,000 resident population, age-adjusted",1,Sex and race and Hispanic origin,5,Male: Not Hispanic or Latino: Asian or Pacific Islander,5.5,2016,18,All ages,1.1,0.8,NULL
Drug overdose death rates,Drug overdose deaths involving natural and semisynthetic opioids,2,"Deaths per 100,000 resident population, age-adjusted",1,Sex and race and Hispanic origin,5,Male: Not Hispanic or Latino: Asian or Pacific Islander,5.5,2017,19,All ages,1.1,0.7,NULL
Drug overdose death rates,Drug overdose deaths involving natural and semisynthetic opioids,2,"Deaths per 100,000 resident population, age-adjusted",1,Sex and race and Hispanic origin,5,Male: Not Hispanic or Latino: Asian or Pacific Islander,5.5,2018,20,All ages,1.1,0.7,NULL
Drug overdose death rates,Drug overdose deaths involving natural and semisynthetic opioids,2,"Deaths per 100,000 resident population, age-adjusted",1,Sex and race and Hispanic origin,5,Female: Hispanic or Latino: All races,5.6,1999,1,All ages,1.1,0.3,NULL
Drug overdose death rates,Drug overdose deaths involving natural and semisynthetic opioids,2,"Deaths per 100,000 resident population, age-adjusted",1,Sex and race and Hispanic origin,5,Female: Hispanic or Latino: All races,5.6,2000,2,All ages,1.1,0.3,NULL
Drug overdose death rates,Drug overdose deaths involving natural and semisynthetic opioids,2,"Deaths per 100,000 resident population, age-adjusted",1,Sex and race and Hispanic origin,5,Female: Hispanic or Latino: All races,5.6,2001,3,All ages,1.1,0.3,NULL
Drug overdose death rates,Drug overdose deaths involving natural and semisynthetic opioids,2,"Deaths per 100,000 resident population, age-adjusted",1,Sex and race and Hispanic origin,5,Female: Hispanic or Latino: All races,5.6,2002,4,All ages,1.1,0.6,NULL
Drug overdose death rates,Drug overdose deaths involving natural and semisynthetic opioids,2,"Deaths per 100,000 resident population, age-adjusted",1,Sex and race and Hispanic origin,5,Female: Hispanic or Latino: All races,5.6,2003,5,All ages,1.1,0.5,NULL
Drug overdose death rates,Drug overdose deaths involving natural and semisynthetic opioids,2,"Deaths per 100,000 resident population, age-adjusted",1,Sex and race and Hispanic origin,5,Female: Hispanic or Latino: All races,5.6,2004,6,All ages,1.1,0.6,NULL
Drug overdose death rates,Drug overdose deaths involving natural and semisynthetic opioids,2,"Deaths per 100,000 resident population, age-adjusted",1,Sex and race and Hispanic origin,5,Female: Hispanic or Latino: All races,5.6,2005,7,All ages,1.1,0.6,NULL
Drug overdose death rates,Drug overdose deaths involving natural and semisynthetic opioids,2,"Deaths per 100,000 resident population, age-adjusted",1,Sex and race and Hispanic origin,5,Female: Hispanic or Latino: All races,5.6,2006,8,All ages,1.1,0.8,NULL
Drug overdose death rates,Drug overdose deaths involving natural and semisynthetic opioids,2,"Deaths per 100,000 resident population, age-adjusted",1,Sex and race and Hispanic origin,5,Female: Hispanic or Latino: All races,5.6,2007,9,All ages,1.1,0.7,NULL
Drug overdose death rates,Drug overdose deaths involving natural and semisynthetic opioids,2,"Deaths per 100,000 resident population, age-adjusted",1,Sex and race and Hispanic origin,5,Female: Hispanic or Latino: All races,5.6,2008,10,All ages,1.1,0.8,NULL
Drug overdose death rates,Drug overdose deaths involving natural and semisynthetic opioids,2,"Deaths per 100,000 resident population, age-adjusted",1,Sex and race and Hispanic origin,5,Female: Hispanic or Latino: All races,5.6,2009,11,All ages,1.1,0.8,NULL
Drug overdose death rates,Drug overdose deaths involving natural and semisynthetic opioids,2,"Deaths per 100,000 resident population, age-adjusted",1,Sex and race and Hispanic origin,5,Female: Hispanic or Latino: All races,5.6,2010,12,All ages,1.1,0.8,NULL
Drug overdose death rates,Drug overdose deaths involving natural and semisynthetic opioids,2,"Deaths per 100,000 resident population, age-adjusted",1,Sex and race and Hispanic origin,5,Female: Hispanic or Latino: All races,5.6,2011,13,All ages,1.1,0.9,NULL
Drug overdose death rates,Drug overdose deaths involving natural and semisynthetic opioids,2,"Deaths per 100,000 resident population, age-adjusted",1,Sex and race and Hispanic origin,5,Female: Hispanic or Latino: All races,5.6,2012,14,All ages,1.1,1.1,NULL
Drug overdose death rates,Drug overdose deaths involving natural and semisynthetic opioids,2,"Deaths per 100,000 resident population, age-adjusted",1,Sex and race and Hispanic origin,5,Female: Hispanic or Latino: All races,5.6,2013,15,All ages,1.1,1.0,NULL
Drug overdose death rates,Drug overdose deaths involving natural and semisynthetic opioids,2,"Deaths per 100,000 resident population, age-adjusted",1,Sex and race and Hispanic origin,5,Female: Hispanic or Latino: All races,5.6,2014,16,All ages,1.1,1.1,NULL
Drug overdose death rates,Drug overdose deaths involving natural and semisynthetic opioids,2,"Deaths per 100,000 resident population, age-adjusted",1,Sex and race and Hispanic origin,5,Female: Hispanic or Latino: All races,5.6,2015,17,All ages,1.1,1.1,NULL
Drug overdose death rates,Drug overdose deaths involving natural and semisynthetic opioids,2,"Deaths per 100,000 resident population, age-adjusted",1,Sex and race and Hispanic origin,5,Female: Hispanic or Latino: All races,5.6,2016,18,All ages,1.1,1.2,NULL
Drug overdose death rates,Drug overdose deaths involving natural and semisynthetic opioids,2,"Deaths per 100,000 resident population, age-adjusted",1,Sex and race and Hispanic origin,5,Female: Hispanic or Latino: All races,5.6,2017,19,All ages,1.1,1.1,NULL
Drug overdose death rates,Drug overdose deaths involving natural and semisynthetic opioids,2,"Deaths per 100,000 resident population, age-adjusted",1,Sex and race and Hispanic origin,5,Female: Hispanic or Latino: All races,5.6,2018,20,All ages,1.1,1.0,NULL
Drug overdose death rates,Drug overdose deaths involving natural and semisynthetic opioids,2,"Deaths per 100,000 resident population, age-adjusted",1,Sex and race and Hispanic origin,5,Female: Not Hispanic or Latino: White,5.7,1999,1,All ages,1.1,0.6,NULL
Drug overdose death rates,Drug overdose deaths involving natural and semisynthetic opioids,2,"Deaths per 100,000 resident population, age-adjusted",1,Sex and race and Hispanic origin,5,Female: Not Hispanic or Latino: White,5.7,2000,2,All ages,1.1,0.8,NULL
Drug overdose death rates,Drug overdose deaths involving natural and semisynthetic opioids,2,"Deaths per 100,000 resident population, age-adjusted",1,Sex and race and Hispanic origin,5,Female: Not Hispanic or Latino: White,5.7,2001,3,All ages,1.1,1.0,NULL
Drug overdose death rates,Drug overdose deaths involving natural and semisynthetic opioids,2,"Deaths per 100,000 resident population, age-adjusted",1,Sex and race and Hispanic origin,5,Female: Not Hispanic or Latino: White,5.7,2002,4,All ages,1.1,1.3,NULL
Drug overdose death rates,Drug overdose deaths involving natural and semisynthetic opioids,2,"Deaths per 100,000 resident population, age-adjusted",1,Sex and race and Hispanic origin,5,Female: Not Hispanic or Latino: White,5.7,2003,5,All ages,1.1,1.5,NULL
Drug overdose death rates,Drug overdose deaths involving natural and semisynthetic opioids,2,"Deaths per 100,000 resident population, age-adjusted",1,Sex and race and Hispanic origin,5,Female: Not Hispanic or Latino: White,5.7,2004,6,All ages,1.1,1.7,NULL
Drug overdose death rates,Drug overdose deaths involving natural and semisynthetic opioids,2,"Deaths per 100,000 resident population, age-adjusted",1,Sex and race and Hispanic origin,5,Female: Not Hispanic or Latino: White,5.7,2005,7,All ages,1.1,1.9,NULL
Drug overdose death rates,Drug overdose deaths involving natural and semisynthetic opioids,2,"Deaths per 100,000 resident population, age-adjusted",1,Sex and race and Hispanic origin,5,Female: Not Hispanic or Latino: White,5.7,2006,8,All ages,1.1,2.3,NULL
Drug overdose death rates,Drug overdose deaths involving natural and semisynthetic opioids,2,"Deaths per 100,000 resident population, age-adjusted",1,Sex and race and Hispanic origin,5,Female: Not Hispanic or Latino: White,5.7,2007,9,All ages,1.1,2.7,NULL
Drug overdose death rates,Drug overdose deaths involving natural and semisynthetic opioids,2,"Deaths per 100,000 resident population, age-adjusted",1,Sex and race and Hispanic origin,5,Female: Not Hispanic or Latino: White,5.7,2008,10,All ages,1.1,3.0,NULL
Drug overdose death rates,Drug overdose deaths involving natural and semisynthetic opioids,2,"Deaths per 100,000 resident population, age-adjusted",1,Sex and race and Hispanic origin,5,Female: Not Hispanic or Latino: White,5.7,2009,11,All ages,1.1,3.2,NULL
Drug overdose death rates,Drug overdose deaths involving natural and semisynthetic opioids,2,"Deaths per 100,000 resident population, age-adjusted",1,Sex and race and Hispanic origin,5,Female: Not Hispanic or Latino: White,5.7,2010,12,All ages,1.1,3.6,NULL
Drug overdose death rates,Drug overdose deaths involving natural and semisynthetic opioids,2,"Deaths per 100,000 resident population, age-adjusted",1,Sex and race and Hispanic origin,5,Female: Not Hispanic or Latino: White,5.7,2011,13,All ages,1.1,4.1,NULL
Drug overdose death rates,Drug overdose deaths involving natural and semisynthetic opioids,2,"Deaths per 100,000 resident population, age-adjusted",1,Sex and race and Hispanic origin,5,Female: Not Hispanic or Latino: White,5.7,2012,14,All ages,1.1,3.9,NULL
Drug overdose death rates,Drug overdose deaths involving natural and semisynthetic opioids,2,"Deaths per 100,000 resident population, age-adjusted",1,Sex and race and Hispanic origin,5,Female: Not Hispanic or Latino: White,5.7,2013,15,All ages,1.1,4.0,NULL
Drug overdose death rates,Drug overdose deaths involving natural and semisynthetic opioids,2,"Deaths per 100,000 resident population, age-adjusted",1,Sex and race and Hispanic origin,5,Female: Not Hispanic or Latino: White,5.7,2014,16,All ages,1.1,4.4,NULL
Drug overdose death rates,Drug overdose deaths involving natural and semisynthetic opioids,2,"Deaths per 100,000 resident population, age-adjusted",1,Sex and race and Hispanic origin,5,Female: Not Hispanic or Latino: White,5.7,2015,17,All ages,1.1,4.6,NULL
Drug overdose death rates,Drug overdose deaths involving natural and semisynthetic opioids,2,"Deaths per 100,000 resident population, age-adjusted",1,Sex and race and Hispanic origin,5,Female: Not Hispanic or Latino: White,5.7,2016,18,All ages,1.1,4.9,NULL
Drug overdose death rates,Drug overdose deaths involving natural and semisynthetic opioids,2,"Deaths per 100,000 resident population, age-adjusted",1,Sex and race and Hispanic origin,5,Female: Not Hispanic or Latino: White,5.7,2017,19,All ages,1.1,4.9,NULL
Drug overdose death rates,Drug overdose deaths involving natural and semisynthetic opioids,2,"Deaths per 100,000 resident population, age-adjusted",1,Sex and race and Hispanic origin,5,Female: Not Hispanic or Latino: White,5.7,2018,20,All ages,1.1,4.2,NULL
Drug overdose death rates,Drug overdose deaths involving natural and semisynthetic opioids,2,"Deaths per 100,000 resident population, age-adjusted",1,Sex and race and Hispanic origin,5,Female: Not Hispanic or Latino: Black,5.8,1999,1,All ages,1.1,0.3,NULL
Drug overdose death rates,Drug overdose deaths involving natural and semisynthetic opioids,2,"Deaths per 100,000 resident population, age-adjusted",1,Sex and race and Hispanic origin,5,Female: Not Hispanic or Latino: Black,5.8,2000,2,All ages,1.1,0.3,NULL
Drug overdose death rates,Drug overdose deaths involving natural and semisynthetic opioids,2,"Deaths per 100,000 resident population, age-adjusted",1,Sex and race and Hispanic origin,5,Female: Not Hispanic or Latino: Black,5.8,2001,3,All ages,1.1,0.4,NULL
Drug overdose death rates,Drug overdose deaths involving natural and semisynthetic opioids,2,"Deaths per 100,000 resident population, age-adjusted",1,Sex and race and Hispanic origin,5,Female: Not Hispanic or Latino: Black,5.8,2002,4,All ages,1.1,0.6,NULL
Drug overdose death rates,Drug overdose deaths involving natural and semisynthetic opioids,2,"Deaths per 100,000 resident population, age-adjusted",1,Sex and race and Hispanic origin,5,Female: Not Hispanic or Latino: Black,5.8,2003,5,All ages,1.1,0.6,NULL
Drug overdose death rates,Drug overdose deaths involving natural and semisynthetic opioids,2,"Deaths per 100,000 resident population, age-adjusted",1,Sex and race and Hispanic origin,5,Female: Not Hispanic or Latino: Black,5.8,2004,6,All ages,1.1,0.7,NULL
Drug overdose death rates,Drug overdose deaths involving natural and semisynthetic opioids,2,"Deaths per 100,000 resident population, age-adjusted",1,Sex and race and Hispanic origin,5,Female: Not Hispanic or Latino: Black,5.8,2005,7,All ages,1.1,0.8,NULL
Drug overdose death rates,Drug overdose deaths involving natural and semisynthetic opioids,2,"Deaths per 100,000 resident population, age-adjusted",1,Sex and race and Hispanic origin,5,Female: Not Hispanic or Latino: Black,5.8,2006,8,All ages,1.1,0.9,NULL
Drug overdose death rates,Drug overdose deaths involving natural and semisynthetic opioids,2,"Deaths per 100,000 resident population, age-adjusted",1,Sex and race and Hispanic origin,5,Female: Not Hispanic or Latino: Black,5.8,2007,9,All ages,1.1,0.9,NULL
Drug overdose death rates,Drug overdose deaths involving natural and semisynthetic opioids,2,"Deaths per 100,000 resident population, age-adjusted",1,Sex and race and Hispanic origin,5,Female: Not Hispanic or Latino: Black,5.8,2008,10,All ages,1.1,1.1,NULL
Drug overdose death rates,Drug overdose deaths involving natural and semisynthetic opioids,2,"Deaths per 100,000 resident population, age-adjusted",1,Sex and race and Hispanic origin,5,Female: Not Hispanic or Latino: Black,5.8,2009,11,All ages,1.1,1.2,NULL
Drug overdose death rates,Drug overdose deaths involving natural and semisynthetic opioids,2,"Deaths per 100,000 resident population, age-adjusted",1,Sex and race and Hispanic origin,5,Female: Not Hispanic or Latino: Black,5.8,2010,12,All ages,1.1,1.3,NULL
Drug overdose death rates,Drug overdose deaths involving natural and semisynthetic opioids,2,"Deaths per 100,000 resident population, age-adjusted",1,Sex and race and Hispanic origin,5,Female: Not Hispanic or Latino: Black,5.8,2011,13,All ages,1.1,1.4,NULL
Drug overdose death rates,Drug overdose deaths involving natural and semisynthetic opioids,2,"Deaths per 100,000 resident population, age-adjusted",1,Sex and race and Hispanic origin,5,Female: Not Hispanic or Latino: Black,5.8,2012,14,All ages,1.1,1.5,NULL
Drug overdose death rates,Drug overdose deaths involving natural and semisynthetic opioids,2,"Deaths per 100,000 resident population, age-adjusted",1,Sex and race and Hispanic origin,5,Female: Not Hispanic or Latino: Black,5.8,2013,15,All ages,1.1,1.5,NULL
Drug overdose death rates,Drug overdose deaths involving natural and semisynthetic opioids,2,"Deaths per 100,000 resident population, age-adjusted",1,Sex and race and Hispanic origin,5,Female: Not Hispanic or Latino: Black,5.8,2014,16,All ages,1.1,1.8,NULL
Drug overdose death rates,Drug overdose deaths involving natural and semisynthetic opioids,2,"Deaths per 100,000 resident population, age-adjusted",1,Sex and race and Hispanic origin,5,Female: Not Hispanic or Latino: Black,5.8,2015,17,All ages,1.1,1.9,NULL
Drug overdose death rates,Drug overdose deaths involving natural and semisynthetic opioids,2,"Deaths per 100,000 resident population, age-adjusted",1,Sex and race and Hispanic origin,5,Female: Not Hispanic or Latino: Black,5.8,2016,18,All ages,1.1,2.3,NULL
Drug overdose death rates,Drug overdose deaths involving natural and semisynthetic opioids,2,"Deaths per 100,000 resident population, age-adjusted",1,Sex and race and Hispanic origin,5,Female: Not Hispanic or Latino: Black,5.8,2017,19,All ages,1.1,2.3,NULL
Drug overdose death rates,Drug overdose deaths involving natural and semisynthetic opioids,2,"Deaths per 100,000 resident population, age-adjusted",1,Sex and race and Hispanic origin,5,Female: Not Hispanic or Latino: Black,5.8,2018,20,All ages,1.1,2.1,NULL
Drug overdose death rates,Drug overdose deaths involving natural and semisynthetic opioids,2,"Deaths per 100,000 resident population, age-adjusted",1,Sex and race and Hispanic origin,5,Female: Not Hispanic or Latino: American Indian or Alaska Native,5.9,1999***,1,All ages,1.1,NULL,*
Drug overdose death rates,Drug overdose deaths involving natural and semisynthetic opioids,2,"Deaths per 100,000 resident population, age-adjusted",1,Sex and race and Hispanic origin,5,Female: Not Hispanic or Latino: American Indian or Alaska Native,5.9,2000,2,All ages,1.1,NULL,*
Drug overdose death rates,Drug overdose deaths involving natural and semisynthetic opioids,2,"Deaths per 100,000 resident population, age-adjusted",1,Sex and race and Hispanic origin,5,Female: Not Hispanic or Latino: American Indian or Alaska Native,5.9,2001,3,All ages,1.1,NULL,*
Drug overdose death rates,Drug overdose deaths involving natural and semisynthetic opioids,2,"Deaths per 100,000 resident population, age-adjusted",1,Sex and race and Hispanic origin,5,Female: Not Hispanic or Latino: American Indian or Alaska Native,5.9,2002,4,All ages,1.1,NULL,*
Drug overdose death rates,Drug overdose deaths involving natural and semisynthetic opioids,2,"Deaths per 100,000 resident population, age-adjusted",1,Sex and race and Hispanic origin,5,Female: Not Hispanic or Latino: American Indian or Alaska Native,5.9,2003,5,All ages,1.1,2.0,NULL
Drug overdose death rates,Drug overdose deaths involving natural and semisynthetic opioids,2,"Deaths per 100,000 resident population, age-adjusted",1,Sex and race and Hispanic origin,5,Female: Not Hispanic or Latino: American Indian or Alaska Native,5.9,2004,6,All ages,1.1,2.0,NULL
Drug overdose death rates,Drug overdose deaths involving natural and semisynthetic opioids,2,"Deaths per 100,000 resident population, age-adjusted",1,Sex and race and Hispanic origin,5,Female: Not Hispanic or Latino: American Indian or Alaska Native,5.9,2005,7,All ages,1.1,2.3,NULL
Drug overdose death rates,Drug overdose deaths involving natural and semisynthetic opioids,2,"Deaths per 100,000 resident population, age-adjusted",1,Sex and race and Hispanic origin,5,Female: Not Hispanic or Latino: American Indian or Alaska Native,5.9,2006,8,All ages,1.1,1.6,NULL
Drug overdose death rates,Drug overdose deaths involving natural and semisynthetic opioids,2,"Deaths per 100,000 resident population, age-adjusted",1,Sex and race and Hispanic origin,5,Female: Not Hispanic or Latino: American Indian or Alaska Native,5.9,2007,9,All ages,1.1,3.9,NULL
Drug overdose death rates,Drug overdose deaths involving natural and semisynthetic opioids,2,"Deaths per 100,000 resident population, age-adjusted",1,Sex and race and Hispanic origin,5,Female: Not Hispanic or Latino: American Indian or Alaska Native,5.9,2008,10,All ages,1.1,2.8,NULL
Drug overdose death rates,Drug overdose deaths involving natural and semisynthetic opioids,2,"Deaths per 100,000 resident population, age-adjusted",1,Sex and race and Hispanic origin,5,Female: Not Hispanic or Latino: American Indian or Alaska Native,5.9,2009,11,All ages,1.1,4.3,NULL
Drug overdose death rates,Drug overdose deaths involving natural and semisynthetic opioids,2,"Deaths per 100,000 resident population, age-adjusted",1,Sex and race and Hispanic origin,5,Female: Not Hispanic or Latino: American Indian or Alaska Native,5.9,2010,12,All ages,1.1,4.3,NULL
Drug overdose death rates,Drug overdose deaths involving natural and semisynthetic opioids,2,"Deaths per 100,000 resident population, age-adjusted",1,Sex and race and Hispanic origin,5,Female: Not Hispanic or Latino: American Indian or Alaska Native,5.9,2011,13,All ages,1.1,4.7,NULL
Drug overdose death rates,Drug overdose deaths involving natural and semisynthetic opioids,2,"Deaths per 100,000 resident population, age-adjusted",1,Sex and race and Hispanic origin,5,Female: Not Hispanic or Latino: American Indian or Alaska Native,5.9,2012,14,All ages,1.1,5.1,NULL
Drug overdose death rates,Drug overdose deaths involving methadone,3,"Deaths per 100,000 resident population, age-adjusted",1,Total,0,All persons,0.1,2002,4,All ages,1.1,0.8,NULL
Drug overdose death rates,Drug overdose deaths involving natural and semisynthetic opioids,2,"Deaths per 100,000 resident population, age-adjusted",1,Sex and race and Hispanic origin,5,Female: Not Hispanic or Latino: American Indian or Alaska Native,5.9,2013,15,All ages,1.1,5.6,NULL
Drug overdose death rates,Drug overdose deaths involving natural and semisynthetic opioids,2,"Deaths per 100,000 resident population, age-adjusted",1,Sex and race and Hispanic origin,5,Female: Not Hispanic or Latino: American Indian or Alaska Native,5.9,2014,16,All ages,1.1,5.6,NULL
Drug overdose death rates,Drug overdose deaths involving natural and semisynthetic opioids,2,"Deaths per 100,000 resident population, age-adjusted",1,Sex and race and Hispanic origin,5,Female: Not Hispanic or Latino: American Indian or Alaska Native,5.9,2015,17,All ages,1.1,4.8,NULL
Drug overdose death rates,Drug overdose deaths involving natural and semisynthetic opioids,2,"Deaths per 100,000 resident population, age-adjusted",1,Sex and race and Hispanic origin,5,Female: Not Hispanic or Latino: American Indian or Alaska Native,5.9,2016,18,All ages,1.1,5.5,NULL
Drug overdose death rates,Drug overdose deaths involving natural and semisynthetic opioids,2,"Deaths per 100,000 resident population, age-adjusted",1,Sex and race and Hispanic origin,5,Female: Not Hispanic or Latino: American Indian or Alaska Native,5.9,2017,19,All ages,1.1,5.3,NULL
Drug overdose death rates,Drug overdose deaths involving natural and semisynthetic opioids,2,"Deaths per 100,000 resident population, age-adjusted",1,Sex and race and Hispanic origin,5,Female: Not Hispanic or Latino: American Indian or Alaska Native,5.9,2018,20,All ages,1.1,4.0,NULL
Drug overdose death rates,Drug overdose deaths involving natural and semisynthetic opioids,2,"Deaths per 100,000 resident population, age-adjusted",1,Sex and race and Hispanic origin,5,Female: Not Hispanic or Latino: Asian or Pacific Islander,5.91,1999,***,All ages,1.1,NULL,*
Drug overdose death rates,Drug overdose deaths involving natural and semisynthetic opioids,2,"Deaths per 100,000 resident population, age-adjusted",1,Sex and race and Hispanic origin,5,Female: Not Hispanic or Latino: Asian or Pacific Islander,5.91,2000,2,All ages,1.1,NULL,*
Drug overdose death rates,Drug overdose deaths involving natural and semisynthetic opioids,2,"Deaths per 100,000 resident population, age-adjusted",1,Sex and race and Hispanic origin,5,Female: Not Hispanic or Latino: Asian or Pacific Islander,5.91,2001,3,All ages,1.1,NULL,*
Drug overdose death rates,Drug overdose deaths involving natural and semisynthetic opioids,2,"Deaths per 100,000 resident population, age-adjusted",1,Sex and race and Hispanic origin,5,Female: Not Hispanic or Latino: Asian or Pacific Islander,5.91,2002,4,All ages,1.1,NULL,*
Drug overdose death rates,Drug overdose deaths involving natural and semisynthetic opioids,2,"Deaths per 100,000 resident population, age-adjusted",1,Sex and race and Hispanic origin,5,Female: Not Hispanic or Latino: Asian or Pacific Islander,5.91,2003,5,All ages,1.1,NULL,*
Drug overdose death rates,Drug overdose deaths involving natural and semisynthetic opioids,2,"Deaths per 100,000 resident population, age-adjusted",1,Sex and race and Hispanic origin,5,Female: Not Hispanic or Latino: Asian or Pacific Islander,5.91,2004,6,All ages,1.1,NULL,*
Drug overdose death rates,Drug overdose deaths involving natural and semisynthetic opioids,2,"Deaths per 100,000 resident population, age-adjusted",1,Sex and race and Hispanic origin,5,Female: Not Hispanic or Latino: Asian or Pacific Islander,5.91,2005,7,All ages,1.1,NULL,*
Drug overdose death rates,Drug overdose deaths involving natural and semisynthetic opioids,2,"Deaths per 100,000 resident population, age-adjusted",1,Sex and race and Hispanic origin,5,Female: Not Hispanic or Latino: Asian or Pacific Islander,5.91,2006,8,All ages,1.1,NULL,*
Drug overdose death rates,Drug overdose deaths involving natural and semisynthetic opioids,2,"Deaths per 100,000 resident population, age-adjusted",1,Sex and race and Hispanic origin,5,Female: Not Hispanic or Latino: Asian or Pacific Islander,5.91,2007,9,All ages,1.1,NULL,*
Drug overdose death rates,Drug overdose deaths involving natural and semisynthetic opioids,2,"Deaths per 100,000 resident population, age-adjusted",1,Sex and race and Hispanic origin,5,Female: Not Hispanic or Latino: Asian or Pacific Islander,5.91,2008,10,All ages,1.1,0.4,NULL
Drug overdose death rates,Drug overdose deaths involving natural and semisynthetic opioids,2,"Deaths per 100,000 resident population, age-adjusted",1,Sex and race and Hispanic origin,5,Female: Not Hispanic or Latino: Asian or Pacific Islander,5.91,2009,11,All ages,1.1,NULL,*
Drug overdose death rates,Drug overdose deaths involving natural and semisynthetic opioids,2,"Deaths per 100,000 resident population, age-adjusted",1,Sex and race and Hispanic origin,5,Female: Not Hispanic or Latino: Asian or Pacific Islander,5.91,2010,12,All ages,1.1,0.4,NULL
Drug overdose death rates,Drug overdose deaths involving natural and semisynthetic opioids,2,"Deaths per 100,000 resident population, age-adjusted",1,Sex and race and Hispanic origin,5,Female: Not Hispanic or Latino: Asian or Pacific Islander,5.91,2011,13,All ages,1.1,0.3,NULL
Drug overdose death rates,Drug overdose deaths involving natural and semisynthetic opioids,2,"Deaths per 100,000 resident population, age-adjusted",1,Sex and race and Hispanic origin,5,Female: Not Hispanic or Latino: Asian or Pacific Islander,5.91,2012,14,All ages,1.1,0.4,NULL
Drug overdose death rates,Drug overdose deaths involving natural and semisynthetic opioids,2,"Deaths per 100,000 resident population, age-adjusted",1,Sex and race and Hispanic origin,5,Female: Not Hispanic or Latino: Asian or Pacific Islander,5.91,2013,15,All ages,1.1,0.2,NULL
Drug overdose death rates,Drug overdose deaths involving natural and semisynthetic opioids,2,"Deaths per 100,000 resident population, age-adjusted",1,Sex and race and Hispanic origin,5,Female: Not Hispanic or Latino: Asian or Pacific Islander,5.91,2014,16,All ages,1.1,0.3,NULL
Drug overdose death rates,Drug overdose deaths involving natural and semisynthetic opioids,2,"Deaths per 100,000 resident population, age-adjusted",1,Sex and race and Hispanic origin,5,Female: Not Hispanic or Latino: Asian or Pacific Islander,5.91,2015,17,All ages,1.1,0.2,NULL
Drug overdose death rates,Drug overdose deaths involving natural and semisynthetic opioids,2,"Deaths per 100,000 resident population, age-adjusted",1,Sex and race and Hispanic origin,5,Female: Not Hispanic or Latino: Asian or Pacific Islander,5.91,2016,18,All ages,1.1,0.4,NULL
Drug overdose death rates,Drug overdose deaths involving natural and semisynthetic opioids,2,"Deaths per 100,000 resident population, age-adjusted",1,Sex and race and Hispanic origin,5,Female: Not Hispanic or Latino: Asian or Pacific Islander,5.91,2017,19,All ages,1.1,0.4,NULL
Drug overdose death rates,Drug overdose deaths involving natural and semisynthetic opioids,2,"Deaths per 100,000 resident population, age-adjusted",1,Sex and race and Hispanic origin,5,Female: Not Hispanic or Latino: Asian or Pacific Islander,5.91,2018,20,All ages,1.1,0.3,NULL
Drug overdose death rates,Drug overdose deaths involving natural and semisynthetic opioids,2,"Deaths per 100,000 resident population, crude",2,Total,0,All persons,0.1,1999,***,Allh ages,1.1,1.0,NULL
Drug overdose death rates,Drug overdose deaths involving natural and semisynthetic opioids,2,"Deaths per 100,000 resident population, crude",2,Total,0,All persons,0.1,2000,2,All ages,1.1,1.0,NULL
Drug overdose death rates,Drug overdose deaths involving natural and semisynthetic opioids,2,"Deaths per 100,000 resident population, crude",2,Total,0,All persons,0.1,2001,3,All ages,1.1,1.2,NULL
Drug overdose death rates,Drug overdose deaths involving natural and semisynthetic opioids,2,"Deaths per 100,000 resident population, crude",2,Total,0,All persons,0.1,2002,4,All ags,1.1,1.5,NULL
Drug overdose death rates,Drug overdose deaths involving natural and semisynthetic opioids,2,"Deaths per 100,000 resident population, crude",2,Total,0,All persons,0.1,2003,5,All ages,1.1,1.7,NULL
Drug overdose death rates,Drug overdose deaths involving natural and semisynthetic opioids,2,"Deaths per 100,000 resident population, crude",2,Total,0,All persons,0.1,2004,6,All ages,1.1,1.8,NULL
Drug overdose death rates,Drug overdose deaths involving natural and semisynthetic opioids,2,"Deaths per 100,000 resident population, crude",2,Total,0,All persons,0.1,2005,7,All ages,1.1,2.0,NULL
Drug overdose death rates,Drug overdose deaths involving natural and semisynthetic opioids,2,"Deaths per 100,000 resident population, crude",2,Total,0,All persons,0.1,2006,8,All agse,1.1,2.4,NULL
Drug overdose death rates,Drug overdose deaths involving natural and semisynthetic opioids,2,"Deaths per 100,000 resident population, crude",2,Total,0,All persons,0.1,2007,9,All ages,1.1,2.7,NULL
Drug overdose death rates,Drug overdose deaths involving natural and semisynthetic opioids,2,"Deaths per 100,000 resident population, crude",2,Total,0,All persons,0.1,2008,10,All afges,1.1,3.0,NULL
Drug overdose death rates,Drug overdose deaths involving natural and semisynthetic opioids,2,"Deaths per 100,000 resident population, crude",2,Total,0,All persons,0.1,2009,11,All ages,1.1,3.2,NULL
Drug overdose death rates,Drug overdose deaths involving natural and semisynthetic opioids,2,"Deaths per 100,000 resident population, crude",2,Total,0,All persons,0.1,2010,12,All yages,1.1,3.5,NULL
Drug overdose death rates,Drug overdose deaths involving natural and semisynthetic opioids,2,"Deaths per 100,000 resident population, crude",2,Total,0,All persons,0.1,2011,13,All ages,1.1,3.8,NULL
Drug overdose death rates,Drug overdose deaths involving natural and semisynthetic opioids,2,"Deaths per 100,000 resident population, crude",2,Total,0,All persons,0.1,2012,14,All pages,1.1,3.5,NULL
Drug overdose death rates,Drug overdose deaths involving natural and semisynthetic opioids,2,"Deaths per 100,000 resident population, crude",2,Total,0,All persons,0.1,2013,15,All ages,1.a1,3.6,NULL
Drug overdose death rates,Drug overdose deaths involving natural and semisynthetic opioids,2,"Deaths per 100,000 resident population, crude",2,Total,0,All persons,0.1,2014,16,All aes,.1,3.8,NULL
Drug overdose death rates,Drug overdose deaths involving natural and semisynthetic opioids,2,"Deaths per 100,000 resident population, crude",2,Total,0,All persons,0.1,2015,17,All ages,1.1,4.0,NULL
Drug overdose death rates,Drug overdose deaths involving natural and semisynthetic opioids,2,"Deaths per 100,000 resident population, crude",2,Total,0,All persons,0.1,2016,18,ll ages,1.1,4.5,NULL
Drug overdose death rates,Drug overdose deaths involving natural and semisynthetic opioids,2,"Deaths per 100,000 resident population, crude",2,Total,0,All persons,0.1,2017,19,All agse,j1.1,4.5,NULL
Drug overdose death rates,Drug overdose deaths involving natural and semisynthetic opioids,2,"Deaths per 100,000 resident population, crude",2,Age,1,Under 15 years,1.1,999,1,Under 15 years,1.2,NULL,*
Drug overdose death rates,Drug overdose deaths involving natural and semisynthetic opioids,2,"Deaths per 100,000 resident population, crude",2,Age,1,Under 15 years,1.1,2000,2,Under 15 years,1.2,NULL,*
Drug overdose death rates,Drug overdose deaths involving natural and semisynthetic opioids,2,"Deaths per 100,000 resident population, crude",2,Age,1,Under 15 years,1.1,2001,3,Under 15 years,1.2,0.0,NULL
Drug overdose death rates,Drug overdose deaths involving natural and semisynthetic opioids,2,"Deaths per 100,000 resident population, crude",2,Age,1,Under 15 years,1.1,2002,4,Under 15 years,1.2,0.0,NULL
Drug overdose death rates,Drug overdose deaths involving natural and semisynthetic opioids,2,"Deaths per 100,000 resident population, crude",2,Age,1,Under 15 years,1.1,2003,5,Under 15 years,1.2,0.0,NULL
Drug overdose death rates,Drug overdose deaths involving natural and semisynthetic opioids,2,"Deaths per 100,000 resident population, crude",2,Age,1,Under 15 years,1.1,2005,7,Under 15 years,1.2,0.0,NULL
Drug overdose death rates,Drug overdose deaths involving natural and semisynthetic opioids,2,"Deaths per 100,000 resident population, crude",2,Age,1,Under 15 years,1.1,2006,8,Under 15 years,1.2,0.0,NULL
Drug overdose death rates,Drug overdose deaths involving natural and semisynthetic opioids,2,"Deaths per 100,000 resident population, crude",2,Age,1,Under 15 years,1.1,2007,9,Under 15 years,1.2,0.1,NULL
Drug overdose death rates,Drug overdose deaths involving natural and semisynthetic opioids,2,"Deaths per 100,000 resident population, crude",2,Age,1,Under 15 years,1.1,2008,10,Under 15 years,1.2,0.1,NULL
Drug overdose death rates,Drug overdose deaths involving natural and semisynthetic opioids,2,"Deaths per 100,000 resident population, crude",2,Age,1,Under 15 years,1.1,2009,11,Under 15 years,1.2,0.1,NULL
Drug overdose death rates,Drug overdose deaths involving natural and semisynthetic opioids,2,"Deaths per 100,000 resident population, crude",2,Age,1,Under 15 years,1.1,2010,12,Under 15 years,1.2,0.1,NULL
Drug overdose death rates,Drug overdose deaths involving natural and semisynthetic opioids,2,"Deaths per 100,000 resident population, crude",2,Age,1,Under 15 years,1.1,2011,13,Under 15 years,1.2,0.1,NULL
Drug overdose death rates,Drug overdose deaths involving natural and semisynthetic opioids,2,"Deaths per 100,000 resident population, crude",2,Age,1,Under 15 years,1.1,2012,14,Under 15 years,1.2,0.1,NULL
Drug overdose death rates,Drug overdose deaths involving natural and semisynthetic opioids,2,"Deaths per 100,000 resident population, crude",2,Age,1,Under 15 years,1.1,2013,15,Under 15 years,1.2,0.1,NULL
Drug overdose death rates,Drug overdose deaths involving natural and semisynthetic opioids,2,"Deaths per 100,000 resident population, crude",2,Age,1,Under 15 years,1.1,2014,16,Under 15 years,1.2,0.1,NULL
Drug overdose death rates,Drug overdose deaths involving natural and semisynthetic opioids,2,"Deaths per 100,000 resident population, crude",2,Age,1,Under 15 years,1.1,2015,17,Under 15 years,1.2,0.1,NULL
Drug overdose death rates,Drug overdose deaths involving natural and semisynthetic opioids,2,"Deaths per 100,000 resident population, crude",2,Age,1,Under 15 years,1.1,2016,18,Under 15 years,1.2,0.1,NULL
Drug overdose death rates,Drug overdose deaths involving natural and semisynthetic opioids,2,"Deaths per 100,000 resident population, crude",2,Age,1,Under 15 years,1.1,2017,19,Under 15 years,1.2,0.1,NULL
Drug overdose death rates,Drug overdose deaths involving natural and semisynthetic opioids,2,"Deaths per 100,000 resident population, crude",2,Age,***,15-24 years,1.2,1999,1,15-24 years,1.3,0.5,NULL
Drug overdose death rates,Drug overdose deaths involving natural and semisynthetic opioids,2,"Deaths per 100,000 resident population, crude",2,Age,,15-24 years,1.2,2000,2,1-524 years,1.3,0.5,NULL
Drug overdose death rates,Drug overdose deaths involving natural and semisynthetic opioids,2,"Deaths per 100,000 resident population, crude",2,Age,1,15-24 years,1.2,2001,3,15-24 years,1.3,0.9,NULL
Drug overdose death rates,Drug overdose deaths involving natural and semisynthetic opioids,2,"Deaths per 100,000 resident population, crude",2,Age,***,15-24 years,1.2,2002,4,15-24 years,1.3,0.9,NULL
Drug overdose death rates,Drug overdose deaths involving natural and semisynthetic opioids,2,"Deaths per 100,000 resident population, crude",2,Age,1,15-24 years,1.2,2003,5,15-2n4 years,1.3,1.1,NULL
Drug overdose death rates,Drug overdose deaths involving natural and semisynthetic opioids,2,"Deaths per 100,000 resident population, crude",2,Age,1,15-24 years,1.2,2004,6,15-24 yearhs,1.3,1.2,NULL
Drug overdose death rates,Drug overdose deaths involving natural and semisynthetic opioids,2,"Deaths per 100,000 resident population, crude",2,Age,1,15-24 years,1.2,2005,7,15-24 years,1.3,1.2,NULL
Drug overdose death rates,Drug overdose deaths involving natural and semisynthetic opioids,2,"Deaths per 100,000 resident population, crude",2,Age,1,15-24 years,1.2,2006,8,15-24 years,1.3,1.6,NULL
Drug overdose death rates,Drug overdose deaths involving natural and semisynthetic opioids,2,"Deaths per 100,000 resident population, crude",2,Age,***,15-24 years,1.2,2007,9,15-24 years,1.3,1.8,NULL
Drug overdose death rates,Drug overdose deaths involving natural and semisynthetic opioids,2,"Deaths per 100,000 resident population, crude",2,Age,***,15-24 years,1.2,2008,10,15-24 years,1.3,2.0,NULL
Drug overdose death rates,Drug overdose deaths involving natural and semisynthetic opioids,2,"Deaths per 100,000 resident population, crude",2,Age,,15-24 years,1.2,2009,11,15-24 years,1.3,2.0,NULL
Drug overdose death rates,Drug overdose deaths involving natural and semisynthetic opioids,2,"Deaths per 100,000 resident population, crude",2,Age,***,15-24 years,1.2,2010,12,15-24 years,1.3,2.4,NULL
Drug overdose death rates,Drug overdose deaths involving natural and semisynthetic opioids,2,"Deaths per 100,000 resident population, crude",2,Age,1,15-24 years,1.2,2011,13,15-24 yars,1.3,2.4,NULL
Drug overdose death rates,Drug overdose deaths involving natural and semisynthetic opioids,2,"Deaths per 100,000 resident population, crude",2,Age,1,15-24 years,1.2,2012,14,15-24 eyars,1.3,1.9,NULL
Drug overdose death rates,Drug overdose deaths involving natural and semisynthetic opioids,2,"Deaths per 100,000 resident population, crude",2,Age,1,15-24 years,1.2,2013,15,15-42 years,1.3,1.7,NULL
Drug overdose death rates,Drug overdose deaths involving natural and semisynthetic opioids,2,"Deaths per 100,000 resident population, crude",2,Age,1,15-24 years,1.2,2014,16,15-24 years,1.3,1.7,NULL
Drug overdose death rates,Drug overdose deaths involving natural and semisynthetic opioids,2,"Deaths per 100,000 resident population, crude",2,Age,1,15-24 years,1.2,2015,17,15-24 years,1.3,1.6,NULL
Drug overdose death rates,Drug overdose deaths involving natural and semisynthetic opioids,2,"Deaths per 100,000 resident population, crude",2,Age,h1,15-24 years,1.2,2016,18,15-24 years,1.3,2.3,NULL
Drug overdose death rates,Drug overdose deaths involving natural and semisynthetic opioids,2,"Deaths per 100,000 resident population, crude",2,Age,1,15-24 years,1.2,2017,19,15-24 years,1.3,2.1,NULL
Drug overdose death rates,Drug overdose deaths involving natural and semisynthetic opioids,2,"Deaths per 100,000 resident population, crude",2,Age,1,25-34 years,1.3,1999,1,25-34 years,1.4,1.3,NULL
Drug overdose death rates,Drug overdose deaths involving natural and semisynthetic opioids,2,"Deaths per 100,000 resident population, crude",2,Age,1,25-34 years,1.3,2000,2,25-34 years,1.4,1.3,NULL
Drug overdose death rates,Drug overdose deaths involving natural and semisynthetic opioids,2,"Deaths per 100,000 resident population, crude",2,Age,1,25-34 years,1.3,2001,3,25-34 years,1.4,1.4,NULL
Drug overdose death rates,Drug overdose deaths involving natural and semisynthetic opioids,2,"Deaths per 100,000 resident population, crude",2,Age,1,25-34 years,1.3,2002,4,25-34 years,1.4,1.9,NULL
Drug overdose death rates,Drug overdose deaths involving natural and semisynthetic opioids,2,"Deaths per 100,000 resident population, crude",2,Age,1,25-34 years,1.3,2003,5,25-34 years,1.4,2.1,NULL
Drug overdose death rates,Drug overdose deaths involving natural and semisynthetic opioids,2,"Deaths per 100,000 resident population, crude",2,Age,1,25-34 years,1.3,2004,6,25-34 years,1.4,2.1,NULL
Drug overdose death rates,Drug overdose deaths involving natural and semisynthetic opioids,2,"Deaths per 100,000 resident population, crude",2,Age,1,25-34 years,1.3,2005,7,25-34 years,1.4,2.5,NULL
Drug overdose death rates,Drug overdose deaths involving natural and semisynthetic opioids,2,"Deaths per 100,000 resident population, crude",2,Age,1,25-34 years,1.3,2006,8,25-34 years,1.4,3.2,NULL
Drug overdose death rates,Drug overdose deaths involving natural and semisynthetic opioids,2,"Deaths per 100,000 resident population, crude",2,Age,1,25-34 years,1.3,2007,9,25-34 years,1.4,3.8,NULL
Drug overdose death rates,Drug overdose deaths involving natural and semisynthetic opioids,2,"Deaths per 100,000 resident population, crude",2,Age,1,25-34 years,1.3,2008,10,25-34 years,1.4,4.1,NULL
Drug overdose death rates,Drug overdose deaths involving natural and semisynthetic opioids,2,"Deaths per 100,000 resident population, crude",2,Age,1,25-34 years,1.3,2009,11,25-34 years,1.4,4.5,NULL
Drug overdose death rates,Drug overdose deaths involving natural and semisynthetic opioids,2,"Deaths per 100,000 resident population, crude",2,Age,1,25-34 years,1.3,2010,12,25-34 years,1.4,5.3,NULL
Drug overdose death rates,Drug overdose deaths involving natural and semisynthetic opioids,2,"Deaths per 100,000 resident population, crude",2,Age,1,25-34 years,1.3,2011,13,25-34 years,1.4,5.6,NULL
Drug overdose death rates,Drug overdose deaths involving natural and semisynthetic opioids,2,"Deaths per 100,000 resident population, crude",2,Age,1,25-34 years,1.3,2012,14,25-34 years,1.4,4.9,NULL
Drug overdose death rates,Drug overdose deaths involving natural and semisynthetic opioids,2,"Deaths per 100,000 resident population, crude",2,Age,1,25-34 years,1.3,2013,15,25-34 years,1.4,4.9,NULL
Drug overdose death rates,Drug overdose deaths involving natural and semisynthetic opioids,2,"Deaths per 100,000 resident population, crude",2,Age,1,25-34 years,1.3,2014,16,25-34 years,1.4,4.9,NULL
Drug overdose death rates,Drug overdose deaths involving natural and semisynthetic opioids,2,"Deaths per 100,000 resident population, crude",2,Age,1,25-34 years,1.3,2015,17,25-34 years,1.4,5.3,NULL
Drug overdose death rates,Drug overdose deaths involving natural and semisynthetic opioids,2,"Deaths per 100,000 resident population, crude",2,Age,1,25-34 years,1.3,2016,18,25-34 years,1.4,6.3,NULL
Drug overdose death rates,Drug overdose deaths involving natural and semisynthetic opioids,2,"Deaths per 100,000 resident population, crude",2,Age,1,25-34 years,1.3,2017,19,25-34 years,1.4,6.3,NULL
Drug overdose death rates,Drug overdose deaths involving natural and semisynthetic opioids,2,"Deaths per 100,000 resident population, crude",2,Age,1,35-44 years,1.4,1999,y1,35-44 years,1.5,2.3,NULL
Drug overdose death rates,Drug overdose deaths involving natural and semisynthetic opioids,2,"Deaths per 100,000 resident population, crude",2,Age,1,35-44 years,1.4,2000,2,35-44 years,1.5,2.4,NULL
Drug overdose death rates,Drug overdose deaths involving natural and semisynthetic opioids,2,"Deaths per 100,000 resident population, crude",2,Age,1,35-44 years,1.4,2001,3,35-44 years,1.5,2.8,NULL
Drug overdose death rates,Drug overdose deaths involving natural and semisynthetic opioids,2,"Deaths per 100,000 resident population, crude",2,Age,1,35-44 years,1.4,2002,4,35-44 years,1.5,3.4,NULL
Drug overdose death rates,Drug overdose deaths involving natural and semisynthetic opioids,2,"Deaths per 100,000 resident population, crude",2,Age,1,35-44 years,1.4,2003,5,35-44 years,1.5,3.5,NULL
Drug overdose death rates,Drug overdose deaths involving natural and semisynthetic opioids,2,"Deaths per 100,000 resident population, crude",2,Age,1,35-44 years,1.4,2004,6,35-44 years,1.5,3.6,NULL
Drug overdose death rates,Drug overdose deaths involving natural and semisynthetic opioids,2,"Deaths per 100,000 resident population, crude",2,Age,1,35-44 years,1.4,2005,7,35-44 years,1.5,3.7,NULL
Drug overdose death rates,Drug overdose deaths involving natural and semisynthetic opioids,2,"Deaths per 100,000 resident population, crude",2,Age,1,35-44 years,1.4,2006,8,35-44 years,1.5,4.2,NULL
Drug overdose death rates,Drug overdose deaths involving natural and semisynthetic opioids,2,"Deaths per 100,000 resident population, crude",2,Age,1,35-44 years,1.4,2007,9,35-44 years,1.5,4.8,NULL
Drug overdose death rates,Drug overdose deaths involving natural and semisynthetic opioids,2,"Deaths per 100,000 resident population, crude",2,Age,1,35-44 years,1.4,2008,10,35-44 years,1.5,5.2,NULL
Drug overdose death rates,Drug overdose deaths involving natural and semisynthetic opioids,2,"Deaths per 100,000 resident population, crude",2,Age,1,35-44 years,1.4,2009,11,35-44 years,1.5,5.5,NULL
Drug overdose death rates,Drug overdose deaths involving natural and semisynthetic opioids,2,"Deaths per 100,000 resident population, crude",2,Age,1,35-44 years,1.4,2010,12,35-44 years,1.5,6.1,NULL
Drug overdose death rates,Drug overdose deaths involving natural and semisynthetic opioids,2,"Deaths per 100,000 resident population, crude",2,Age,1,35-44 years,1.4,2011,13,35-44 years,1.5,6.5,NULL
Drug overdose death rates,Drug overdose deaths involving natural and semisynthetic opioids,2,"Deaths per 100,000 resident population, crude",2,Age,1,35-44 years,1.4,2012,14,35-44 years,1.5,6.2,NULL
Drug overdose death rates,Drug overdose deaths involving natural and semisynthetic opioids,2,"Deaths per 100,000 resident population, crude",2,Age,1,35-44 years,1.4,2013,15,35-44 years,1.5,5.9,NULL
Drug overdose death rates,Drug overdose deaths involving natural and semisynthetic opioids,2,"Deaths per 100,000 resident population, crude",2,Age,1,35-44 years,1.4,2014,16,35-44 years,1.5,6.5,NULL
Drug overdose death rates,Drug overdose deaths involving natural and semisynthetic opioids,2,"Deaths per 100,000 resident population, crude",2,Age,1,35-44 years,1.4,2015,17,35-44 years,1.5,6.9,NULL
Drug overdose death rates,Drug overdose deaths involving natural and semisynthetic opioids,2,"Deaths per 100,000 resident population, crude",2,Age,1,35-44 years,1.4,2016,18,35-44 years,1.5,7.7,NULL
Drug overdose death rates,Drug overdose deaths involving natural and semisynthetic opioids,2,"Deaths per 100,000 resident population, crude",2,Age,1,35-44 years,1.4,2017,19,35-44 years,1.5,7.7,NULL
Drug overdose death rates,Drug overdose deaths involving natural and semisynthetic opioids,2,"Deaths per 100,000 resident population, crude",2,Age,1,45-54 years,1.5,1999,1,45-54 years,1.6,2.0,NULL
Drug overdose death rates,Drug overdose deaths involving natural and semisynthetic opioids,2,"Deaths per 100,000 resident population, crude",2,Age,1,45-54 years,1.5,2000,2,45-54 years,1.6,2.2,NULL
Drug overdose death rates,Drug overdose deaths involving natural and semisynthetic opioids,2,"Deaths per 100,000 resident population, crude",2,Age,1,45-54 years,1.5,2001,3,45-54 years,1.6,2.5,NULL
Drug overdose death rates,Drug overdose deaths involving natural and semisynthetic opioids,2,"Deaths per 100,000 resident population, crude",2,Age,1,45-54 years,1.5,2002,4,45-54 years,1.6,3.3,NULL
Drug overdose death rates,Drug overdose deaths involving natural and semisynthetic opioids,2,"Deaths per 100,000 resident population, crude",2,Age,1,45-54 years,1.5,2003,5,45-54 years,1.6,3.6,NULL
Drug overdose death rates,Drug overdose deaths involving natural and semisynthetic opioids,2,"Deaths per 100,000 resident population, crude",2,Age,1,45-54 years,1.5,2004,6,45-54 years,1.6,3.9,NULL
Drug overdose death rates,Drug overdose deaths involving natural and semisynthetic opioids,2,"Deaths per 100,000 resident population, crude",2,Age,1,45-54 years,1.5,2005,7,45-54 years,1.6,4.4,NULL
Drug overdose death rates,Drug overdose deaths involving natural and semisynthetic opioids,2,"Deaths per 100,000 resident population, crude",2,Age,1,45-54 years,1.5,2006,8,45-54 years,1.6,5.1,NULL
Drug overdose death rates,Drug overdose deaths involving natural and semisynthetic opioids,2,"Deaths per 100,000 resident population, crude",2,Age,1,45-54 years,1.5,2007,9,45-54 years,1.6,5.8,NULL
Drug overdose death rates,Drug overdose deaths involving natural and semisynthetic opioids,2,"Deaths per 100,000 resident population, crude",2,Age,1,45-54 years,1.5,2008,10,45-54 years,1.6,6.5,NULL
Drug overdose death rates,Drug overdose deaths involving natural and semisynthetic opioids,2,"Deaths per 100,000 resident population, crude",2,Age,1,45-54 years,1.5,2009,11,45-54 years,1.6,6.8,NULL
Drug overdose death rates,Drug overdose deaths involving natural and semisynthetic opioids,2,"Deaths per 100,000 resident population, crude",2,Age,1,45-54 years,1.5,2010,12,45-54 years,1.6,7.3,NULL
Drug overdose death rates,Drug overdose deaths involving natural and semisynthetic opioids,2,"Deaths per 100,000 resident population, crude",2,Age,1,45-54 years,1.5,2011,13,45-54 years,1.6,7.9,NULL
Drug overdose death rates,Drug overdose deaths involving natural and semisynthetic opioids,2,"Deaths per 100,000 resident population, crude",2,Age,1,45-54 years,1.5,2012,14,45-54 years,1.6,7.6,NULL
Drug overdose death rates,Drug overdose deaths involving natural and semisynthetic opioids,2,"Deaths per 100,000 resident population, crude",2,Age,1,45-54 years,1.5,2013,15,45-54 years,1.6,7.8,NULL
Drug overdose death rates,Drug overdose deaths involving natural and semisynthetic opioids,2,"Deaths per 100,000 resident population, crude",2,Age,1,45-54 years,1.5,2014,16,45-54 years,1.6,8.0,NULL
Drug overdose death rates,Drug overdose deaths involving natural and semisynthetic opioids,2,"Deaths per 100,000 resident population, crude",2,Age,1,45-54 years,1.5,2015,17,45-54 years,1.6,8.1,NULL
Drug overdose death rates,Drug overdose deaths involving natural and semisynthetic opioids,2,"Deaths per 100,000 resident population, crude",2,Age,1,45-54 years,1.5,2016,18,45-54 years,1.6,8.7,NULL
Drug overdose death rates,Drug overdose deaths involving natural and semisynthetic opioids,2,"Deaths per 100,000 resident population, crude",2,Age,1,45-54 years,1.5,2017,19,45-54 years,1.6,8.6,NULL
Drug overdose death rates,Drug overdose deaths involving natural and semisynthetic opioids,2,"Deaths per 100,000 resident population, crude",2,Age,1,55-64 years,1.6,1999,1,55-64 years,1.7,0.7,NULL
Drug overdose death rates,Drug overdose deaths involving natural and semisynthetic opioids,2,"Deaths per 100,000 resident population, crude",2,Age,1,55-64 years,1.6,2000,2,55-64 years,1.7,0.7,NULL
Drug overdose death rates,Drug overdose deaths involving natural and semisynthetic opioids,2,"Deaths per 100,000 resident population, crude",2,Age,1,55-64 years,1.6,2001,3,55-64 years,1.7,0.9,NULL
Drug overdose death rates,Drug overdose deaths involving natural and semisynthetic opioids,2,"Deaths per 100,000 resident population, crude",2,Age,1,55-64 years,1.6,2002,4,55-64 years,1.7,1.1,NULL
Drug overdose death rates,Drug overdose deaths involving natural and semisynthetic opioids,2,"Deaths per 100,000 resident population, crude",2,Age,1,55-64 years,1.6,2003,5,55-64 years,1.7,1.4,NULL
Drug overdose death rates,Drug overdose deaths involving natural and semisynthetic opioids,2,"Deaths per 100,000 resident population, crude",2,Age,1,55-64 years,1.6,2004,6,55-64 years,1.7,1.7,NULL
Drug overdose death rates,Drug overdose deaths involving natural and semisynthetic opioids,2,"Deaths per 100,000 resident population, crude",2,Age,1,55-64 years,1.6,2005,7,55-64 years,1.7,1.9,NULL
Drug overdose death rates,Drug overdose deaths involving natural and semisynthetic opioids,2,"Deaths per 100,000 resident population, crude",2,Age,1,55-64 years,1.6,2006,8,55-64 years,1.7,2.4,NULL
Drug overdose death rates,Drug overdose deaths involving natural and semisynthetic opioids,2,"Deaths per 100,000 resident population, crude",2,Age,1,55-64 years,1.6,2007,9,55-64 years,1.7,3.0,NULL
Drug overdose death rates,Drug overdose deaths involving natural and semisynthetic opioids,2,"Deaths per 100,000 resident population, crude",2,Age,1,55-64 years,1.6,2008,10,55-64 years,1.7,3.4,NULL
Drug overdose death rates,Drug overdose deaths involving natural and semisynthetic opioids,2,"Deaths per 100,000 resident population, crude",2,Age,1,55-64 years,1.6,2009,11,55-64 years,1.7,3.7,NULL
Drug overdose death rates,Drug overdose deaths involving natural and semisynthetic opioids,2,"Deaths per 100,000 resident population, crude",2,Age,1,55-64 years,1.6,2010,12,55-64 years,1.7,4.2,NULL
Drug overdose death rates,Drug overdose deaths involving natural and semisynthetic opioids,2,"Deaths per 100,000 resident population, crude",2,Age,1,55-64 years,1.6,2011,13,55-64 years,1.7,4.5,NULL
Drug overdose death rates,Drug overdose deaths involving natural and semisynthetic opioids,2,"Deaths per 100,000 resident population, crude",2,Age,1,55-64 years,1.6,2012,14,55-64 years,1.7,4.7,NULL
Drug overdose death rates,Drug overdose deaths involving natural and semisynthetic opioids,2,"Deaths per 100,000 resident population, crude",2,Age,1,55-64 years,1.6,2013,15,55-64 years,1.7,5.4,NULL
Drug overdose death rates,Drug overdose deaths involving natural and semisynthetic opioids,2,"Deaths per 100,000 resident population, crude",2,Age,1,55-64 years,1.6,2014,16,55-64 years,1.7,6.1,NULL
Drug overdose death rates,Drug overdose deaths involving natural and semisynthetic opioids,2,"Deaths per 100,000 resident population, crude",2,Age,1,55-64 years,1.6,2015,17,55-64 years,1.7,6.4,NULL
Drug overdose death rates,Drug overdose deaths involving natural and semisynthetic opioids,2,"Deaths per 100,000 resident population, crude",2,Age,1,55-64 years,1.6,2016,18,55-64 years,1.7,7.2,NULL
Drug overdose death rates,Drug overdose deaths involving natural and semisynthetic opioids,2,"Deaths per 100,000 resident population, crude",2,Age,1,55-64 years,1.6,2017,19,55-64 years,1.7,7.1,NULL
Drug overdose death rates,Drug overdose deaths involving natural and semisynthetic opioids,2,"Deaths per 100,000 resident population, crude",2,Age,1,65-74 years,1.7,1999,1,65-74 years,1.8,0.3,NULL
Drug overdose death rates,Drug overdose deaths involving natural and semisynthetic opioids,2,"Deaths per 100,000 resident population, crude",2,Age,1,65-74 years,1.7,2000,2,65-74 years,1.8,0.3,NULL
Drug overdose death rates,Drug overdose deaths involving natural and semisynthetic opioids,2,"Deaths per 100,000 resident population, crude",2,Age,1,65-74 years,1.7,2001,3,65-74 years,1.8,0.3,NULL
Drug overdose death rates,Drug overdose deaths involving natural and semisynthetic opioids,2,"Deaths per 100,000 resident population, crude",2,Age,1,65-74 years,1.7,2002,4,65-74 years,1.8,0.4,NULL
Drug overdose death rates,Drug overdose deaths involving natural and semisynthetic opioids,2,"Deaths per 100,000 resident population, crude",2,Age,1,65-74 years,1.7,2003,5,65-74 years,1.8,0.5,NULL
Drug overdose death rates,Drug overdose deaths involving natural and semisynthetic opioids,2,"Deaths per 100,000 resident population, crude",2,Age,1,65-74 years,1.7,2004,6,65-74 years,1.8,0.5,NULL
Drug overdose death rates,Drug overdose deaths involving natural and semisynthetic opioids,2,"Deaths per 100,000 resident population, crude",2,Age,1,65-74 years,1.7,2005,7,65-74 years,1.8,0.7,NULL
Drug overdose death rates,Drug overdose deaths involving natural and semisynthetic opioids,2,"Deaths per 100,000 resident population, crude",2,Age,1,65-74 years,1.7,2006,8,65-74 years,1.8,0.7,NULL
Drug overdose death rates,Drug overdose deaths involving natural and semisynthetic opioids,2,"Deaths per 100,000 resident population, crude",2,Age,1,65-74 years,1.7,2007,9,65-74 years,1.8,0.8,NULL
Drug overdose death rates,Drug overdose deaths involving natural and semisynthetic opioids,2,"Deaths per 100,000 resident population, crude",2,Age,1,65-74 years,1.7,2008,10,65-74 years,1.8,1.0,NULL
Drug overdose death rates,Drug overdose deaths involving natural and semisynthetic opioids,2,"Deaths per 100,000 resident population, crude",2,Age,1,65-74 years,1.7,2009,11,65-74 years,1.8,1.2,NULL
Drug overdose death rates,Drug overdose deaths involving natural and semisynthetic opioids,2,"Deaths per 100,000 resident population, crude",2,Age,1,65-74 years,1.7,2010,12,65-74 years,1.8,1.1,NULL
Drug overdose death rates,Drug overdose deaths involving natural and semisynthetic opioids,2,"Deaths per 100,000 resident population, crude",2,Age,1,65-74 years,1.7,2011,13,65-74 years,1.8,1.4,NULL
Drug overdose death rates,Drug overdose deaths involving natural and semisynthetic opioids,2,"Deaths per 100,000 resident population, crude",2,Age,1,65-74 years,1.7,2012,14,65-74 years,1.8,1.6,NULL
Drug overdose death rates,Drug overdose deaths involving natural and semisynthetic opioids,2,"Deaths per 100,000 resident population, crude",2,Age,1,65-74 years,1.7,2013,15,65-74 years,1.8,1.7,NULL
Drug overdose death rates,Drug overdose deaths involving natural and semisynthetic opioids,2,"Deaths per 100,000 resident population, crude",2,Age,1,65-74 years,1.7,2014,16,65-74 years,1.8,2.1,NULL
Drug overdose death rates,Drug overdose deaths involving natural and semisynthetic opioids,2,"Deaths per 100,000 resident population, crude",2,Age,1,65-74 years,1.7,2015,17,65-74 years,1.8,2.1,NULL
Drug overdose death rates,Drug overdose deaths involving natural and semisynthetic opioids,2,"Deaths per 100,000 resident population, crude",2,Age,1,65-74 years,1.7,2016,18,65-74 years,1.8,2.3,NULL
Drug overdose death rates,Drug overdose deaths involving natural and semisynthetic opioids,2,"Deaths per 100,000 resident population, crude",2,Age,1,65-74 years,1.7,2017,19,65-74 years,1.8,2.5,NULL
Drug overdose death rates,Drug overdose deaths involving natural and semisynthetic opioids,2,"Deaths per 100,000 resident population, crude",2,Age,1,75-84 years,1.8,1999,z1,75-84 years,1.9,0.2,NULL
Drug overdose death rates,Drug overdose deaths involving natural and semisynthetic opioids,2,"Deaths per 100,000 resident population, crude",2,Age,1,75-84 years,1.8,2000,2,75-84 years,1.9,NULL,*
Drug overdose death rates,Drug overdose deaths involving natural and semisynthetic opioids,2,"Deaths per 100,000 resident population, crude",2,Age,1,75-84 years,1.8,2001,3,75-84 years,1.9,0.2,NULL
Drug overdose death rates,Drug overdose deaths involving natural and semisynthetic opioids,2,"Deaths per 100,000 resident population, crude",2,Age,1,75-84 years,1.8,2002,4,75-84 years,1.9,0.3,NULL
Drug overdose death rates,Drug overdose deaths involving natural and semisynthetic opioids,2,"Deaths per 100,000 resident population, crude",2,Age,1,75-84 years,1.8,2003,5,75-84 years,1.9,0.3,NULL
Drug overdose death rates,Drug overdose deaths involving natural and semisynthetic opioids,2,"Deaths per 100,000 resident population, crude",2,Age,1,75-84 years,1.8,2004,6,75-84 years,1.9,0.4,NULL
Drug overdose death rates,Drug overdose deaths involving natural and semisynthetic opioids,2,"Deaths per 100,000 resident population, crude",2,Age,1,75-84 years,1.8,2005,7,75-84 years,1.9,0.4,NULL
Drug overdose death rates,Drug overdose deaths involving natural and semisynthetic opioids,2,"Deaths per 100,000 resident population, crude",2,Age,1,75-84 years,1.8,2006,8,75-84 years,1.9,0.4,NULL
Drug overdose death rates,Drug overdose deaths involving natural and semisynthetic opioids,2,"Deaths per 100,000 resident population, crude",2,Age,1,75-84 years,1.8,2007,9,75-84 years,1.9,0.4,NULL
Drug overdose death rates,Drug overdose deaths involving natural and semisynthetic opioids,2,"Deaths per 100,000 resident population, crude",2,Age,1,75-84 years,1.8,2008,10,75-84 years,1.9,0.5,NULL
Drug overdose death rates,Drug overdose deaths involving natural and semisynthetic opioids,2,"Deaths per 100,000 resident population, crude",2,Age,1,75-84 years,1.8,2009,11,75-84 years,1.9,0.6,NULL
Drug overdose death rates,Drug overdose deaths involving natural and semisynthetic opioids,2,"Deaths per 100,000 resident population, crude",2,Age,1,75-84 years,1.8,2010,12,75-84 years,1.9,0.5,NULL
Drug overdose death rates,Drug overdose deaths involving natural and semisynthetic opioids,2,"Deaths per 100,000 resident population, crude",2,Age,1,75-84 years,1.8,2011,13,75-84 years,1.9,0.6,NULL
Drug overdose death rates,Drug overdose deaths involving natural and semisynthetic opioids,2,"Deaths per 100,000 resident population, crude",2,Age,1,75-84 years,1.8,2012,14,75-84 years,1.9,0.6,NULL
Drug overdose death rates,Drug overdose deaths involving natural and semisynthetic opioids,2,"Deaths per 100,000 resident population, crude",2,Age,1,75-84 years,1.8,2013,15,75-84 years,1.9,0.6,NULL
Drug overdose death rates,Drug overdose deaths involving natural and semisynthetic opioids,2,"Deaths per 100,000 resident population, crude",2,Age,1,75-84 years,1.8,2014,16,75-84 years,1.9,0.8,NULL
Drug overdose death rates,Drug overdose deaths involving natural and semisynthetic opioids,2,"Deaths per 100,000 resident population, crude",2,Age,1,75-84 years,1.8,2015,17,75-84 years,1.9,0.9,NULL
Drug overdose death rates,Drug overdose deaths involving natural and semisynthetic opioids,2,"Deaths per 100,000 resident population, crude",2,Age,1,75-84 years,1.8,2016,18,75-84 years,1.9,0.9,NULL
Drug overdose death rates,Drug overdose deaths involving natural and semisynthetic opioids,2,"Deaths per 100,000 resident population, crude",2,Age,1,75-84 years,1.8,2017,19,75-84 years,1.9,1.0,NULL
Drug overdose death rates,Drug overdose deaths involving natural and semisynthetic opioids,2,"Deaths per 100,000 resident population, crude",2,Age,1,85 years and over,1.9,1999,1,85 years and over,1.91,NULL,*
Drug overdose death rates,Drug overdose deaths involving natural and semisynthetic opioids,2,"Deaths per 100,000 resident population, crude",2,Age,1,85 years and over,1.9,2000,2,85 years and over,1.91,NULL,*
Drug overdose death rates,Drug overdose deaths involving natural and semisynthetic opioids,2,"Deaths per 100,000 resident population, crude",2,Age,1,85 years and over,1.9,2001,3,85 years and over,1.91,NULL,*
Drug overdose death rates,Drug overdose deaths involving natural and semisynthetic opioids,2,"Deaths per 100,000 resident population, crude",2,Age,1,85 years and over,1.9,2002,4,85 years and over,1.91,NULL,*
Drug overdose death rates,Drug overdose deaths involving natural and semisynthetic opioids,2,"Deaths per 100,000 resident population, crude",2,Age,1,85 years and over,1.9,2003,5,85 years and over,1.91,0.5,NULL
Drug overdose death rates,Drug overdose deaths involving natural and semisynthetic opioids,2,"Deaths per 100,000 resident population, crude",2,Age,1,85 years and over,1.9,2004,6,85 years and over,1.91,NULL,*
Drug overdose death rates,Drug overdose deaths involving natural and semisynthetic opioids,2,"Deaths per 100,000 resident population, crude",2,Age,1,85 years and over,1.9,2005,7,85 years and over,1.91,0.6,NULL
Drug overdose death rates,Drug overdose deaths involving natural and semisynthetic opioids,2,"Deaths per 100,000 resident population, crude",2,Age,1,85 years and over,1.9,2006,8,85 years and over,1.91,0.5,NULL
Drug overdose death rates,Drug overdose deaths involving natural and semisynthetic opioids,2,"Deaths per 100,000 resident population, crude",2,Age,1,85 years and over,1.9,2007,9,85 years and over,1.91,0.7,NULL
Drug overdose death rates,Drug overdose deaths involving natural and semisynthetic opioids,2,"Deaths per 100,000 resident population, crude",2,Age,1,85 years and over,1.9,2008,10,85 years and over,1.91,0.5,NULL
Drug overdose death rates,Drug overdose deaths involving natural and semisynthetic opioids,2,"Deaths per 100,000 resident population, crude",2,Age,1,85 years and over,1.9,2009,11,85 years and over,1.91,0.5,NULL
Drug overdose death rates,Drug overdose deaths involving natural and semisynthetic opioids,2,"Deaths per 100,000 resident population, crude",2,Age,1,85 years and over,1.9,2010,12,85 years and over,1.91,0.9,NULL
Drug overdose death rates,Drug overdose deaths involving natural and semisynthetic opioids,2,"Deaths per 100,000 resident population, crude",2,Age,1,85 years and over,1.9,2011,13,85 years and over,1.91,0.7,NULL
Drug overdose death rates,Drug overdose deaths involving natural and semisynthetic opioids,2,"Deaths per 100,000 resident population, crude",2,Age,1,85 years and over,1.9,2012,14,85 years and over,1.91,0.7,NULL
Drug overdose death rates,Drug overdose deaths involving natural and semisynthetic opioids,2,"Deaths per 100,000 resident population, crude",2,Age,1,85 years and over,1.9,2013,15,85 years and over,1.91,0.8,NULL
Drug overdose death rates,Drug overdose deaths involving natural and semisynthetic opioids,2,"Deaths per 100,000 resident population, crude",2,Age,1,85 years and over,1.9,2014,16,85 years and over,1.91,0.7,NULL
Drug overdose death rates,Drug overdose deaths involving natural and semisynthetic opioids,2,"Deaths per 100,000 resident population, crude",2,Age,1,85 years and over,1.9,2015,17,85 years and over,1.91,0.7,NULL
Drug overdose death rates,Drug overdose deaths involving natural and semisynthetic opioids,2,"Deaths per 100,000 resident population, crude",2,Age,1,85 years and over,1.9,2016,18,85 years and over,1.91,0.6,NULL
Drug overdose death rates,Drug overdose deaths involving natural and semisynthetic opioids,2,"Deaths per 100,000 resident population, crude",2,Age,1,85 years and over,1.9,2017,19,85 years and over,1.91,0.9,NULL
Drug overdose death rates,Drug overdose deaths involving natural and semisynthetic opioids,2,"Deaths per 100,000 resident population, crude",2,Sex,2,Male,2.1,199,1,All ages,1.1,1.4,NULL
Drug overdose death rates,Drug overdose deaths involving natural and semisynthetic opioids,2,"Deaths per 100,000 resident population, crude",2,Sex,2,Male,2.1,2000,2,All ages,1.1,1.5,NULL
Drug overdose death rates,Drug overdose deaths involving natural and semisynthetic opioids,2,"Deaths per 100,000 resident population, crude",2,Sex,2,Male,2.1,2001,3,All ages,1.1,1.7,NULL
Drug overdose death rates,Drug overdose deaths involving natural and semisynthetic opioids,2,"Deaths per 100,000 resident population, crude",2,Sex,2,Male,2.1,2002,4,All ages,1.1,2.0,NULL
Drug overdose death rates,Drug overdose deaths involving natural and semisynthetic opioids,2,"Deaths per 100,000 resident population, crude",2,Sex,2,Male,2.1,2003,5,All ages,1.1,2.2,NULL
Drug overdose death rates,Drug overdose deaths involving natural and semisynthetic opioids,2,"Deaths per 100,000 resident population, crude",2,Sex,2,Male,2.1,2004,6,All ages,1.1,2.3,NULL
Drug overdose death rates,Drug overdose deaths involving natural and semisynthetic opioids,2,"Deaths per 100,000 resident population, crude",2,Sex,2,Male,2.1,2005,7,All ages,1.1,2.4,NULL
Drug overdose death rates,Drug overdose deaths involving natural and semisynthetic opioids,2,"Deaths per 100,000 resident population, crude",2,Sex,2,Male,2.1,2006,8,All ages,1.1,2.9,NULL
Drug overdose death rates,Drug overdose deaths involving natural and semisynthetic opioids,2,"Deaths per 100,000 resident population, crude",2,Sex,2,Male,2.1,2007,9,All ages,1.1,3.3,NULL
Drug overdose death rates,Drug overdose deaths involving natural and semisynthetic opioids,2,"Deaths per 100,000 resident population, crude",2,Sex,2,Male,2.1,2008,10,All ages,1.1,3.7,NULL
Drug overdose death rates,Drug overdose deaths involving natural and semisynthetic opioids,2,"Deaths per 100,000 resident population, crude",2,Sex,2,Male,2.1,2009,11,All ages,1.1,3.9,NULL
Drug overdose death rates,Drug overdose deaths involving natural and semisynthetic opioids,2,"Deaths per 100,000 resident population, crude",2,Sex,2,Male,2.1,2010,12,All ages,1.1,4.4,NULL
Drug overdose death rates,Drug overdose deaths involving natural and semisynthetic opioids,2,"Deaths per 100,000 resident population, crude",2,Sex,2,Male,2.1,2011,13,All ages,1.1,4.5,NULL
Drug overdose death rates,Drug overdose deaths involving natural and semisynthetic opioids,2,"Deaths per 100,000 resident population, crude",2,Sex,2,Male,2.1,2012,14,All ages,1.1,4.1,NULL
Drug overdose death rates,Drug overdose deaths involving natural and semisynthetic opioids,2,"Deaths per 100,000 resident population, crude",2,Sex,2,Male,2.1,2013,15,All ages,1.1,4.1,NULL
Drug overdose death rates,Drug overdose deaths involving natural and semisynthetic opioids,2,"Deaths per 100,000 resident population, crude",2,Sex,2,Male,2.1,2014,16,All ages,1.1,4.3,NULL
Drug overdose death rates,Drug overdose deaths involving natural and semisynthetic opioids,2,"Deaths per 100,000 resident population, crude",2,Sex,2,Male,2.1,2015,17,All ages,1.1,4.5,NULL
Drug overdose death rates,Drug overdose deaths involving natural and semisynthetic opioids,2,"Deaths per 100,000 resident population, crude",2,Sex,2,Male,2.1,2016,18,All ages,1.1,5.3,NULL
Drug overdose death rates,Drug overdose deaths involving natural and semisynthetic opioids,2,"Deaths per 100,000 resident population, crude",2,Sex,2,Male,2.1,2017,19,All ages,1.1,5.2,NULL
Drug overdose death rates,Drug overdose deaths involving natural and semisynthetic opioids,2,"Deaths per 100,000 resident population, crude",2,Sex,2,Female,2.2,1999***,1,All ages,1.1,0.5,NULL
Drug overdose death rates,Drug overdose deaths involving natural and semisynthetic opioids,2,"Deaths per 100,000 resident population, crude",2,Sex,2,Female,2.2,2000,2,All ages,1.1,0.6,NULL
Drug overdose death rates,Drug overdose deaths involving natural and semisynthetic opioids,2,"Deaths per 100,000 resident population, crude",2,Sex,2,Female,2.2,2001,3,All ages,1.1,0.8,NULL
Drug overdose death rates,Drug overdose deaths involving natural and semisynthetic opioids,2,"Deaths per 100,000 resident population, crude",2,Sex,2,Female,2.2,2002,4,All ages,1.1,1.1,NULL
Drug overdose death rates,Drug overdose deaths involving natural and semisynthetic opioids,2,"Deaths per 100,000 resident population, crude",2,Sex,2,Female,2.2,2003,5,All ages,1.1,1.2,NULL
Drug overdose death rates,Drug overdose deaths involving natural and semisynthetic opioids,2,"Deaths per 100,000 resident population, crude",2,Sex,2,Female,2.2,2004,6,All ages,1.1,1.3,NULL
Drug overdose death rates,Drug overdose deaths involving natural and semisynthetic opioids,2,"Deaths per 100,000 resident population, crude",2,Sex,2,Female,2.2,2005,7,All ages,1.1,1.5,NULL
Drug overdose death rates,Drug overdose deaths involving natural and semisynthetic opioids,2,"Deaths per 100,000 resident population, crude",2,Sex,2,Female,2.2,2006,8,All ages,1.1,1.8,NULL
Drug overdose death rates,Drug overdose deaths involving natural and semisynthetic opioids,2,"Deaths per 100,000 resident population, crude",2,Sex,2,Female,2.2,2007,9,All ages,1.1,2.1,NULL
Drug overdose death rates,Drug overdose deaths involving natural and semisynthetic opioids,2,"Deaths per 100,000 resident population, crude",2,Sex,2,Female,2.2,2008,10,All ages,1.1,2.3,NULL
Drug overdose death rates,Drug overdose deaths involving natural and semisynthetic opioids,2,"Deaths per 100,000 resident population, crude",2,Sex,2,Female,2.2,2009,11,All ages,1.1,2.5,NULL
Drug overdose death rates,Drug overdose deaths involving natural and semisynthetic opioids,2,"Deaths per 100,000 resident population, crude",2,Sex,2,Female,2.2,2010,12,All ages,1.1,2.8,NULL
Drug overdose death rates,Drug overdose deaths involving natural and semisynthetic opioids,2,"Deaths per 100,000 resident population, crude",2,Sex,2,Female,2.2,2011,13,All ages,1.1,3.0,NULL
Drug overdose death rates,Drug overdose deaths involving natural and semisynthetic opioids,2,"Deaths per 100,000 resident population, crude",2,Sex,2,Female,2.2,2012,14,All ages,1.1,3.0,NULL
Drug overdose death rates,Drug overdose deaths involving natural and semisynthetic opioids,2,"Deaths per 100,000 resident population, crude",2,Sex,2,Female,2.2,2013,15,All ages,1.1,3.1,NULL
Drug overdose death rates,Drug overdose deaths involving natural and semisynthetic opioids,2,"Deaths per 100,000 resident population, crude",2,Sex,2,Female,2.2,2014,16,All ages,1.1,3.4,NULL
Drug overdose death rates,Drug overdose deaths involving natural and semisynthetic opioids,2,"Deaths per 100,000 resident population, crude",2,Sex,2,Female,2.2,2015,17,All ages,1.1,3.4,NULL
Drug overdose death rates,Drug overdose deaths involving natural and semisynthetic opioids,2,"Deaths per 100,000 resident population, crude",2,Sex,2,Female,2.2,2016,18,All ages,1.1,3.7,NULL
Drug overdose death rates,Drug overdose deaths involving natural and semisynthetic opioids,2,"Deaths per 100,000 resident population, crude",2,Sex,2,Female,2.2,2017,19,All ages,1.1,3.7,NULL
Drug overdose death rates,Drug overdose deaths involving natural and semisynthetic opioids,2,"Deaths per 100,000 resident population, crude",2,Sex and age,3,Male: Under 15 years,3.11,1999,1,Under 15 years,1.2,NULL,*
Drug overdose death rates,Drug overdose deaths involving natural and semisynthetic opioids,2,"Deaths per 100,000 resident population, crude",2,Sex and age,3,Male: Under 15 years,3.11,2000,2,Under 15 years,1.2,NULL,*
Drug overdose death rates,Drug overdose deaths involving natural and semisynthetic opioids,2,"Deaths per 100,000 resident population, crude",2,Sex and age,3,Male: Under 15 years,3.11,2001,3,Under 15 years,1.2,NULL,*
Drug overdose death rates,Drug overdose deaths involving natural and semisynthetic opioids,2,"Deaths per 100,000 resident population, crude",2,Sex and age,3,Male: Under 15 years,3.11,2002,4,Under 15 years,1.2,NULL,*
Drug overdose death rates,Drug overdose deaths involving natural and semisynthetic opioids,2,"Deaths per 100,000 resident population, crude",2,Sex and age,3,Male: Under 15 years,3.11,2003,5,Under 15 years,1.2,NULL,*
Drug overdose death rates,Drug overdose deaths involving natural and semisynthetic opioids,2,"Deaths per 100,000 resident population, crude",2,Sex and age,3,Male: Under 15 years,3.11,2004,6,Under 15 years,1.2,NULL,*
Drug overdose death rates,Drug overdose deaths involving natural and semisynthetic opioids,2,"Deaths per 100,000 resident population, crude",2,Sex and age,3,Male: Under 15 years,3.11,2005,7,Under 15 years,1.2,NULL,*
Drug overdose death rates,Drug overdose deaths involving natural and semisynthetic opioids,2,"Deaths per 100,000 resident population, crude",2,Sex and age,3,Male: Under 15 years,3.11,2006,8,Under 15 years,1.2,NULL,*
Drug overdose death rates,Drug overdose deaths involving natural and semisynthetic opioids,2,"Deaths per 100,000 resident population, crude",2,Sex and age,3,Male: Under 15 years,3.11,2007,9,Under 15 years,1.2,NULL,*
Drug overdose death rates,Drug overdose deaths involving natural and semisynthetic opioids,2,"Deaths per 100,000 resident population, crude",2,Sex and age,3,Male: Under 15 years,3.11,2008,10,Under 15 years,1.2,0.1,NULL
Drug overdose death rates,Drug overdose deaths involving natural and semisynthetic opioids,2,"Deaths per 100,000 resident population, crude",2,Sex and age,3,Male: Under 15 years,3.11,2009,11,Under 15 years,1.2,0.1,NULL
Drug overdose death rates,Drug overdose deaths involving natural and semisynthetic opioids,2,"Deaths per 100,000 resident population, crude",2,Sex and age,3,Male: Under 15 years,3.11,2010,12,Under 15 years,1.2,0.1,NULL
Drug overdose death rates,Drug overdose deaths involving natural and semisynthetic opioids,2,"Deaths per 100,000 resident population, crude",2,Sex and age,3,Male: Under 15 years,3.11,2011,13,Under 15 years,1.2,0.1,NULL
Drug overdose death rates,Drug overdose deaths involving natural and semisynthetic opioids,2,"Deaths per 100,000 resident population, crude",2,Sex and age,3,Male: Under 15 years,3.11,2012,14,Under 15 years,1.2,0.1,NULL
Drug overdose death rates,Drug overdose deaths involving natural and semisynthetic opioids,2,"Deaths per 100,000 resident population, crude",2,Sex and age,3,Male: Under 15 years,3.11,2013,15,Under 15 years,1.2,0.1,NULL
Drug overdose death rates,Drug overdose deaths involving natural and semisynthetic opioids,2,"Deaths per 100,000 resident population, crude",2,Sex and age,3,Male: Under 15 years,3.11,2014,16,Under 15 years,1.2,0.1,NULL
Drug overdose death rates,Drug overdose deaths involving natural and semisynthetic opioids,2,"Deaths per 100,000 resident population, crude",2,Sex and age,3,Male: Under 15 years,3.11,2015,17,Under 15 years,1.2,0.1,NULL
Drug overdose death rates,Drug overdose deaths involving natural and semisynthetic opioids,2,"Deaths per 100,000 resident population, crude",2,Sex and age,3,Male: Under 15 years,3.11,2016,18,Under 15 years,1.2,0.1,NULL
Drug overdose death rates,Drug overdose deaths involving natural and semisynthetic opioids,2,"Deaths per 100,000 resident population, crude",2,Sex and age,3,Male: Under 15 years,3.11,2017,19,Under 15 years,1.2,NULL,*
Drug overdose death rates,Drug overdose deaths involving natural and semisynthetic opioids,2,"Deaths per 100,000 resident population, crude",2,Sex and age,3,Male: 15-24 years,3.12,1999,1,15-24 years,1.3,0.7,NULL
Drug overdose death rates,Drug overdose deaths involving natural and semisynthetic opioids,2,"Deaths per 100,000 resident population, crude",2,Sex and age,3,Male: 15-24 years,3.12,2000,2,15-24 years,1.3,0.8,NULL
Drug overdose death rates,Drug overdose deaths involving natural and semisynthetic opioids,2,"Deaths per 100,000 resident population, crude",2,Sex and age,3,Male: 15-24 years,3.12,2001,3,15-24 years,1.3,1.3,NULL
Drug overdose death rates,Drug overdose deaths involving natural and semisynthetic opioids,2,"Deaths per 100,000 resident population, crude",2,Sex and age,3,Male: 15-24 years,3.12,2002,4,15-24 years,1.3,1.3,NULL
Drug overdose death rates,Drug overdose deaths involving natural and semisynthetic opioids,2,"Deaths per 100,000 resident population, crude",2,Sex and age,3,Male: 15-24 years,3.12,2003,5,15-24 years,1.3,1.7,NULL
Drug overdose death rates,Drug overdose deaths involving natural and semisynthetic opioids,2,"Deaths per 100,000 resident population, crude",2,Sex and age,3,Male: 15-24 years,3.12,2004,6,15-24 years,1.3,1.8,NULL
Drug overdose death rates,Drug overdose deaths involving natural and semisynthetic opioids,2,"Deaths per 100,000 resident population, crude",2,Sex and age,3,Male: 15-24 years,3.12,2005,7,15-24 years,1.3,1.9,NULL
Drug overdose death rates,Drug overdose deaths involving natural and semisynthetic opioids,2,"Deaths per 100,000 resident population, crude",2,Sex and age,3,Male: 15-24 years,3.12,2006,8,15-24 years,1.3,2.3,NULL
Drug overdose death rates,Drug overdose deaths involving natural and semisynthetic opioids,2,"Deaths per 100,000 resident population, crude",2,Sex and age,3,Male: 15-24 years,3.12,2007,9,15-24 years,1.3,2.6,NULL
Drug overdose death rates,Drug overdose deaths involving natural and semisynthetic opioids,2,"Deaths per 100,000 resident population, crude",2,Sex and age,3,Male: 15-24 years,3.12,2008,10,15-24 years,1.3,3.0,NULL
Drug overdose death rates,Drug overdose deaths involving natural and semisynthetic opioids,2,"Deaths per 100,000 resident population, crude",2,Sex and age,3,Male: 15-24 years,3.12,2009,11,15-24 years,1.3,2.8,NULL
Drug overdose death rates,Drug overdose deaths involving natural and semisynthetic opioids,2,"Deaths per 100,000 resident population, crude",2,Sex and age,3,Male: 15-24 years,3.12,2010,12,15-24 years,1.3,3.5,NULL
Drug overdose death rates,Drug overdose deaths involving natural and semisynthetic opioids,2,"Deaths per 100,000 resident population, crude",2,Sex and age,3,Male: 15-24 years,3.12,2011,13,15-24 years,1.3,3.3,NULL
Drug overdose death rates,Drug overdose deaths involving natural and semisynthetic opioids,2,"Deaths per 100,000 resident population, crude",2,Sex and age,3,Male: 15-24 years,3.12,2012,14,15-24 years,1.3,2.7,NULL
Drug overdose death rates,Drug overdose deaths involving natural and semisynthetic opioids,2,"Deaths per 100,000 resident population, crude",2,Sex and age,3,Male: 15-24 years,3.12,2013,15,15-24 years,1.3,2.6,NULL
Drug overdose death rates,Drug overdose deaths involving natural and semisynthetic opioids,2,"Deaths per 100,000 resident population, crude",2,Sex and age,3,Male: 15-24 years,3.12,2014,16,15-24 years,1.3,2.3,NULL
Drug overdose death rates,Drug overdose deaths involving natural and semisynthetic opioids,2,"Deaths per 100,000 resident population, crude",2,Sex and age,3,Male: 15-24 years,3.12,2015,17,15-24 years,1.3,2.2,NULL
Drug overdose death rates,Drug overdose deaths involving natural and semisynthetic opioids,2,"Deaths per 100,000 resident population, crude",2,Sex and age,3,Male: 15-24 years,3.12,2016,18,15-24 years,1.3,3.3,NULL
Drug overdose death rates,Drug overdose deaths involving natural and semisynthetic opioids,2,"Deaths per 100,000 resident population, crude",2,Sex and age,3,Male: 15-24 years,3.12,2017,19,15-24 years,1.3,2.8,NULL
Drug overdose death rates,Drug overdose deaths involving natural and semisynthetic opioids,2,"Deaths per 100,000 resident population, crude",2,Sex and age,3,Male: 25-34 years,3.13,1999,1,25-34 years,1.4,2.0,NULL
Drug overdose death rates,Drug overdose deaths involving natural and semisynthetic opioids,2,"Deaths per 100,000 resident population, crude",2,Sex and age,3,Male: 25-34 years,3.13,2000,2,25-34 years,1.4,1.9,NULL
Drug overdose death rates,Drug overdose deaths involving natural and semisynthetic opioids,2,"Deaths per 100,000 resident population, crude",2,Sex and age,3,Male: 25-34 years,3.13,2001,3,25-34 years,1.4,2.0,NULL
Drug overdose death rates,Drug overdose deaths involving natural and semisynthetic opioids,2,"Deaths per 100,000 resident population, crude",2,Sex and age,3,Male: 25-34 years,3.13,2002,4,25-34 years,1.4,2.7,NULL
Drug overdose death rates,Drug overdose deaths involving natural and semisynthetic opioids,2,"Deaths per 100,000 resident population, crude",2,Sex and age,3,Male: 25-34 years,3.13,2003,5,25-34 years,1.4,2.9,NULL
Drug overdose death rates,Drug overdose deaths involving natural and semisynthetic opioids,2,"Deaths per 100,000 resident population, crude",2,Sex and age,3,Male: 25-34 years,3.13,2004,6,25-34 years,1.4,2.9,NULL
Drug overdose death rates,Drug overdose deaths involving natural and semisynthetic opioids,2,"Deaths per 100,000 resident population, crude",2,Sex and age,3,Male: 25-34 years,3.13,2005,7,25-34 years,1.4,3.4,NULL
Drug overdose death rates,Drug overdose deaths involving natural and semisynthetic opioids,2,"Deaths per 100,000 resident population, crude",2,Sex and age,3,Male: 25-34 years,3.13,2006,8,25-34 years,1.4,4.4,NULL
Drug overdose death rates,Drug overdose deaths involving natural and semisynthetic opioids,2,"Deaths per 100,000 resident population, crude",2,Sex and age,3,Male: 25-34 years,3.13,2007,9,25-34 years,1.4,5.2,NULL
Drug overdose death rates,Drug overdose deaths involving natural and semisynthetic opioids,2,"Deaths per 100,000 resident population, crude",2,Sex and age,3,Male: 25-34 years,3.13,2008,10,25-34 years,1.4,5.9,NULL
Drug overdose death rates,Drug overdose deaths involving natural and semisynthetic opioids,2,"Deaths per 100,000 resident population, crude",2,Sex and age,3,Male: 25-34 years,3.13,2009,11,25-34 years,1.4,6.3,NULL
Drug overdose death rates,Drug overdose deaths involving natural and semisynthetic opioids,2,"Deaths per 100,000 resident population, crude",2,Sex and age,3,Male: 25-34 years,3.13,2010,12,25-34 years,1.4,7.1,NULL
Drug overdose death rates,Drug overdose deaths involving natural and semisynthetic opioids,2,"Deaths per 100,000 resident population, crude",2,Sex and age,3,Male: 25-34 years,3.13,2011,13,25-34 years,1.4,7.5,NULL
Drug overdose death rates,Drug overdose deaths involving natural and semisynthetic opioids,2,"Deaths per 100,000 resident population, crude",2,Sex and age,3,Male: 25-34 years,3.13,2012,14,25-34 years,1.4,6.3,NULL
Drug overdose death rates,Drug overdose deaths involving natural and semisynthetic opioids,2,"Deaths per 100,000 resident population, crude",2,Sex and age,3,Male: 25-34 years,3.13,2013,15,25-34 years,1.4,6.4,NULL
Drug overdose death rates,Drug overdose deaths involving natural and semisynthetic opioids,2,"Deaths per 100,000 resident population, crude",2,Sex and age,3,Male: 25-34 years,3.13,2014,16,25-34 years,1.4,6.5,NULL
Drug overdose death rates,Drug overdose deaths involving natural and semisynthetic opioids,2,"Deaths per 100,000 resident population, crude",2,Sex and age,3,Male: 25-34 years,3.13,2015,17,25-34 years,1.4,7.0,NULL
Drug overdose death rates,Drug overdose deaths involving natural and semisynthetic opioids,2,"Deaths per 100,000 resident population, crude",2,Sex and age,3,Male: 25-34 years,3.13,2016,18,25-34 years,1.4,8.4,NULL
Drug overdose death rates,Drug overdose deaths involving natural and semisynthetic opioids,2,"Deaths per 100,000 resident population, crude",2,Sex and age,3,Male: 25-34 years,3.13,2017,19,25-34 years,1.4,8.3,NULL
Drug overdose death rates,Drug overdose deaths involving natural and semisynthetic opioids,2,"Deaths per 100,000 resident population, crude",2,Sex and age,3,Male: 35-44 years,3.14,1999,***,35-44 years,1.5,3.6,NULL
Drug overdose death rates,Drug overdose deaths involving natural and semisynthetic opioids,2,"Deaths per 100,000 resident population, crude",2,Sex and age,3,Male: 35-44 years,3.14,2000,2,35-44 years,1.5,3.4,NULL
Drug overdose death rates,Drug overdose deaths involving natural and semisynthetic opioids,2,"Deaths per 100,000 resident population, crude",2,Sex and age,3,Male: 35-44 years,3.14,2001,3,35-44 years,1.5,3.7,NULL
Drug overdose death rates,Drug overdose deaths involving natural and semisynthetic opioids,2,"Deaths per 100,000 resident population, crude",2,Sex and age,3,Male: 35-44 years,3.14,2002,4,35-44 years,1.5,4.4,NULL
Drug overdose death rates,Drug overdose deaths involving natural and semisynthetic opioids,2,"Deaths per 100,000 resident population, crude",2,Sex and age,3,Male: 35-44 years,3.14,2003,5,35-44 years,1.5,4.5,NULL
Drug overdose death rates,Drug overdose deaths involving natural and semisynthetic opioids,2,"Deaths per 100,000 resident population, crude",2,Sex and age,3,Male: 35-44 years,3.14,2004,6,35-44 years,1.5,4.5,NULL
Drug overdose death rates,Drug overdose deaths involving natural and semisynthetic opioids,2,"Deaths per 100,000 resident population, crude",2,Sex and age,3,Male: 35-44 years,3.14,2005,7,35-44 years,1.5,4.4,NULL
Drug overdose death rates,Drug overdose deaths involving natural and semisynthetic opioids,2,"Deaths per 100,000 resident population, crude",2,Sex and age,3,Male: 35-44 years,3.14,2006,8,35-44 years,1.5,5.3,NULL
Drug overdose death rates,Drug overdose deaths involving natural and semisynthetic opioids,2,"Deaths per 100,000 resident population, crude",2,Sex and age,3,Male: 35-44 years,3.14,2007,9,35-44 years,1.5,5.8,NULL
Drug overdose death rates,Drug overdose deaths involving natural and semisynthetic opioids,2,"Deaths per 100,000 resident population, crude",2,Sex and age,3,Male: 35-44 years,3.14,2008,10,35-44 years,1.5,6.3,NULL
Drug overdose death rates,Drug overdose deaths involving natural and semisynthetic opioids,2,"Deaths per 100,000 resident population, crude",2,Sex and age,3,Male: 35-44 years,3.14,2009,11,35-44 years,1.5,6.6,NULL
Drug overdose death rates,Drug overdose deaths involving natural and semisynthetic opioids,2,"Deaths per 100,000 resident population, crude",2,Sex and age,3,Male: 35-44 years,3.14,2010,12,35-44 years,1.5,7.5,NULL
Drug overdose death rates,Drug overdose deaths involving natural and semisynthetic opioids,2,"Deaths per 100,000 resident population, crude",2,Sex and age,3,Male: 35-44 years,3.14,2011,13,35-44 years,1.5,7.7,NULL
Drug overdose death rates,Drug overdose deaths involving natural and semisynthetic opioids,2,"Deaths per 100,000 resident population, crude",2,Sex and age,3,Male: 35-44 years,3.14,2012,14,35-44 years,1.5,7.1,NULL
Drug overdose death rates,Drug overdose deaths involving natural and semisynthetic opioids,2,"Deaths per 100,000 resident population, crude",2,Sex and age,3,Male: 35-44 years,3.14,2013,15,35-44 years,1.5,6.6,NULL
Drug overdose death rates,Drug overdose deaths involving natural and semisynthetic opioids,2,"Deaths per 100,000 resident population, crude",2,Sex and age,3,Male: 35-44 years,3.14,2014,16,35-44 years,1.5,7.2,NULL
Drug overdose death rates,Drug overdose deaths involving natural and semisynthetic opioids,2,"Deaths per 100,000 resident population, crude",2,Sex and age,3,Male: 35-44 years,3.14,2015,17,35-44 years,1.5,7.8,NULL
Drug overdose death rates,Drug overdose deaths involving natural and semisynthetic opioids,2,"Deaths per 100,000 resident population, crude",2,Sex and age,3,Male: 35-44 years,3.14,2016,18,35-44 years,1.5,9.1,NULL
Drug overdose death rates,Drug overdose deaths involving natural and semisynthetic opioids,2,"Deaths per 100,000 resident population, crude",2,Sex and age,3,Male: 35-44 years,3.14,2017,19,35-44 years,1.5,9.5,NULL
Drug overdose death rates,Drug overdose deaths involving natural and semisynthetic opioids,2,"Deaths per 100,000 resident population, crude",2,Sex and age,3,Male: 45-54 years,3.15,1999,1,45-54 years,1.6,2.8,NULL
Drug overdose death rates,Drug overdose deaths involving natural and semisynthetic opioids,2,"Deaths per 100,000 resident population, crude",2,Sex and age,3,Male: 45-54 years,3.15,2000,2,45-54 years,1.6,3.1,NULL
Drug overdose death rates,Drug overdose deaths involving natural and semisynthetic opioids,2,"Deaths per 100,000 resident population, crude",2,Sex and age,3,Male: 45-54 years,3.15,2001,3,45-54 years,1.6,3.3,NULL
Drug overdose death rates,Drug overdose deaths involving natural and semisynthetic opioids,2,"Deaths per 100,000 resident population, crude",2,Sex and age,3,Male: 45-54 years,3.15,2002,4,45-54 years,1.6,4.2,NULL
Drug overdose death rates,Drug overdose deaths involving natural and semisynthetic opioids,2,"Deaths per 100,000 resident population, crude",2,Sex and age,3,Male: 45-54 years,3.15,2003,5,45-54 years,1.6,4.5,NULL
Drug overdose death rates,Drug overdose deaths involving natural and semisynthetic opioids,2,"Deaths per 100,000 resident population, crude",2,Sex and age,3,Male: 45-54 years,3.15,2004,6,45-54 years,1.6,4.7,NULL
Drug overdose death rates,Drug overdose deaths involving natural and semisynthetic opioids,2,"Deaths per 100,000 resident population, crude",2,Sex and age,3,Male: 45-54 years,3.15,2005,7,45-54 years,1.6,5.3,NULL
Drug overdose death rates,Drug overdose deaths involving natural and semisynthetic opioids,2,"Deaths per 100,000 resident population, crude",2,Sex and age,3,Male: 45-54 years,3.15,2006,8,45-54 years,1.6,5.8,NULL
Drug overdose death rates,Drug overdose deaths involving natural and semisynthetic opioids,2,"Deaths per 100,000 resident population, crude",2,Sex and age,3,Male: 45-54 years,3.15,2007,9,45-54 years,1.6,6.4,NULL
Drug overdose death rates,Drug overdose deaths involving natural and semisynthetic opioids,2,"Deaths per 100,000 resident population, crude",2,Sex and age,3,Male: 45-54 years,3.15,2008,10,45-54 years,1.6,7.4,NULL
Drug overdose death rates,Drug overdose deaths involving natural and semisynthetic opioids,2,"Deaths per 100,000 resident population, crude",2,Sex and age,3,Male: 45-54 years,3.15,2009,11,45-54 years,1.6,7.6,NULL
Drug overdose death rates,Drug overdose deaths involving natural and semisynthetic opioids,2,"Deaths per 100,000 resident population, crude",2,Sex and age,3,Male: 45-54 years,3.15,2010,12,45-54 years,1.6,8.3,NULL
Drug overdose death rates,Drug overdose deaths involving natural and semisynthetic opioids,2,"Deaths per 100,000 resident population, crude",2,Sex and age,3,Male: 45-54 years,3.15,2011,13,45-54 years,1.6,8.6,NULL
Drug overdose death rates,Drug overdose deaths involving natural and semisynthetic opioids,2,"Deaths per 100,000 resident population, crude",2,Sex and age,3,Male: 45-54 years,3.15,2012,14,45-54 years,1.6,8.0,NULL
Drug overdose death rates,Drug overdose deaths involving natural and semisynthetic opioids,2,"Deaths per 100,000 resident population, crude",2,Sex and age,3,Male: 45-54 years,3.15,2013,15,45-54 years,1.6,8.2,NULL
Drug overdose death rates,Drug overdose deaths involving natural and semisynthetic opioids,2,"Deaths per 100,000 resident population, crude",2,Sex and age,3,Male: 45-54 years,3.15,2014,16,45-54 years,1.6,8.4,NULL
Drug overdose death rates,Drug overdose deaths involving natural and semisynthetic opioids,2,"Deaths per 100,000 resident population, crude",2,Sex and age,3,Male: 45-54 years,3.15,2015,17,45-54 years,1.6,8.2,NULL
Drug overdose death rates,Drug overdose deaths involving natural and semisynthetic opioids,2,"Deaths per 100,000 resident population, crude",2,Sex and age,3,Male: 45-54 years,3.15,2016,18,45-54 years,1.6,9.3,NULL
Drug overdose death rates,Drug overdose deaths involving natural and semisynthetic opioids,2,"Deaths per 100,000 resident population, crude",2,Sex and age,3,Male: 45-54 years,3.15,2017,19,45-54 years,1.6,9.3,NULL
Drug overdose death rates,Drug overdose deaths involving natural and semisynthetic opioids,2,"Deaths per 100,000 resident population, crude",2,Sex and age,3,Male: 55-64 years,3.16,1999,***,55-64 years,1.7,0.8,NULL
Drug overdose death rates,Drug overdose deaths involving natural and semisynthetic opioids,2,"Deaths per 100,000 resident population, crude",2,Sex and age,3,Male: 55-64 years,3.16,2000,2,55-64 years,1.7,0.7,NULL
Drug overdose death rates,Drug overdose deaths involving natural and semisynthetic opioids,2,"Deaths per 100,000 resident population, crude",2,Sex and age,3,Male: 55-64 years,3.16,2001,3,55-64 years,1.7,0.9,NULL
Drug overdose death rates,Drug overdose deaths involving natural and semisynthetic opioids,2,"Deaths per 100,000 resident population, crude",2,Sex and age,3,Male: 55-64 years,3.16,2002,4,55-64 years,1.7,1.3,NULL
Drug overdose death rates,Drug overdose deaths involving natural and semisynthetic opioids,2,"Deaths per 100,000 resident population, crude",2,Sex and age,3,Male: 55-64 years,3.16,2003,5,55-64 years,1.7,1.6,NULL
Drug overdose death rates,Drug overdose deaths involving natural and semisynthetic opioids,2,"Deaths per 100,000 resident population, crude",2,Sex and age,3,Male: 55-64 years,3.16,2004,6,55-64 years,1.7,1.8,NULL
Drug overdose death rates,Drug overdose deaths involving natural and semisynthetic opioids,2,"Deaths per 100,000 resident population, crude",2,Sex and age,3,Male: 55-64 years,3.16,2005,7,55-64 years,1.7,2.0,NULL
Drug overdose death rates,Drug overdose deaths involving natural and semisynthetic opioids,2,"Deaths per 100,000 resident population, crude",2,Sex and age,3,Male: 55-64 years,3.16,2006,8,55-64 years,1.7,2.6,NULL
Drug overdose death rates,Drug overdose deaths involving natural and semisynthetic opioids,2,"Deaths per 100,000 resident population, crude",2,Sex and age,3,Male: 55-64 years,3.16,2007,9,55-64 years,1.7,3.3,NULL
Drug overdose death rates,Drug overdose deaths involving natural and semisynthetic opioids,2,"Deaths per 100,000 resident population, crude",2,Sex and age,3,Male: 55-64 years,3.16,2008,10,55-64 years,1.7,3.7,NULL
Drug overdose death rates,Drug overdose deaths involving natural and semisynthetic opioids,2,"Deaths per 100,000 resident population, crude",2,Sex and age,3,Male: 55-64 years,3.16,2009,11,55-64 years,1.7,4.1,NULL
Drug overdose death rates,Drug overdose deaths involving natural and semisynthetic opioids,2,"Deaths per 100,000 resident population, crude",2,Sex and age,3,Male: 55-64 years,3.16,2010,12,55-64 years,1.7,4.7,NULL
Drug overdose death rates,Drug overdose deaths involving natural and semisynthetic opioids,2,"Deaths per 100,000 resident population, crude",2,Sex and age,3,Male: 55-64 years,3.16,2011,13,55-64 years,1.7,5.0,NULL
Drug overdose death rates,Drug overdose deaths involving natural and semisynthetic opioids,2,"Deaths per 100,000 resident population, crude",2,Sex and age,3,Male: 55-64 years,3.16,2012,14,55-64 years,1.7,5.0,NULL
Drug overdose death rates,Drug overdose deaths involving natural and semisynthetic opioids,2,"Deaths per 100,000 resident population, crude",2,Sex and age,3,Male: 55-64 years,3.16,2013,15,55-64 years,1.7,5.7,NULL
Drug overdose death rates,Drug overdose deaths involving natural and semisynthetic opioids,2,"Deaths per 100,000 resident population, crude",2,Sex and age,3,Male: 55-64 years,3.16,2014,16,55-64 years,1.7,6.3,NULL
Drug overdose death rates,Drug overdose deaths involving natural and semisynthetic opioids,2,"Deaths per 100,000 resident population, crude",2,Sex and age,3,Male: 55-64 years,3.16,2015,17,55-64 years,1.7,6.8,NULL
Drug overdose death rates,Drug overdose deaths involving natural and semisynthetic opioids,2,"Deaths per 100,000 resident population, crude",2,Sex and age,3,Male: 55-64 years,3.16,2016,18,55-64 years,1.7,7.8,NULL
Drug overdose death rates,Drug overdose deaths involving natural and semisynthetic opioids,2,"Deaths per 100,000 resident population, crude",2,Sex and age,3,Male: 55-64 years,3.16,2017,19,55-64 years,1.7,7.5,NULL
Drug overdose death rates,Drug overdose deaths involving natural and semisynthetic opioids,2,"Deaths per 100,000 resident population, crude",2,Sex and age,3,Male: 65-74 years,3.17,1999,1,65-74 years,1.8,0.4,NULL
Drug overdose death rates,Drug overdose deaths involving natural and semisynthetic opioids,2,"Deaths per 100,000 resident population, crude",2,Sex and age,3,Male: 65-74 years,3.17,2000,2,65-74 years,1.8,0.3,NULL
Drug overdose death rates,Drug overdose deaths involving natural and semisynthetic opioids,2,"Deaths per 100,000 resident population, crude",2,Sex and age,3,Male: 65-74 years,3.17,2001,3,65-74 years,1.8,0.3,NULL
Drug overdose death rates,Drug overdose deaths involving natural and semisynthetic opioids,2,"Deaths per 100,000 resident population, crude",2,Sex and age,3,Male: 65-74 years,3.17,2002,4,65-74 years,1.8,0.4,NULL
Drug overdose death rates,Drug overdose deaths involving natural and semisynthetic opioids,2,"Deaths per 100,000 resident population, crude",2,Sex and age,3,Male: 65-74 years,3.17,2003,5,65-74 years,1.8,0.5,NULL
Drug overdose death rates,Drug overdose deaths involving natural and semisynthetic opioids,2,"Deaths per 100,000 resident population, crude",2,Sex and age,3,Male: 65-74 years,3.17,2004,6,65-74 years,1.8,0.5,NULL
Drug overdose death rates,Drug overdose deaths involving natural and semisynthetic opioids,2,"Deaths per 100,000 resident population, crude",2,Sex and age,3,Male: 65-74 years,3.17,2005,7,65-74 years,1.8,0.5,NULL
Drug overdose death rates,Drug overdose deaths involving natural and semisynthetic opioids,2,"Deaths per 100,000 resident population, crude",2,Sex and age,3,Male: 65-74 years,3.17,2006,8,65-74 years,1.8,0.7,NULL
Drug overdose death rates,Drug overdose deaths involving natural and semisynthetic opioids,2,"Deaths per 100,000 resident population, crude",2,Sex and age,3,Male: 65-74 years,3.17,2007,9,65-74 years,1.8,0.8,NULL
Drug overdose death rates,Drug overdose deaths involving natural and semisynthetic opioids,2,"Deaths per 100,000 resident population, crude",2,Sex and age,3,Male: 65-74 years,3.17,2008,10,65-74 years,1.8,1.1,NULL
Drug overdose death rates,Drug overdose deaths involving natural and semisynthetic opioids,2,"Deaths per 100,000 resident population, crude",2,Sex and age,3,Male: 65-74 years,3.17,2009,11,65-74 years,1.8,1.2,NULL
Drug overdose death rates,Drug overdose deaths involving natural and semisynthetic opioids,2,"Deaths per 100,000 resident population, crude",2,Sex and age,3,Male: 65-74 years,3.17,2010,12,65-74 years,1.8,1.0,NULL
Drug overdose death rates,Drug overdose deaths involving natural and semisynthetic opioids,2,"Deaths per 100,000 resident population, crude",2,Sex and age,3,Male: 65-74 years,3.17,2011,13,65-74 years,1.8,1.2,NULL
Drug overdose death rates,Drug overdose deaths involving natural and semisynthetic opioids,2,"Deaths per 100,000 resident population, crude",2,Sex and age,3,Male: 65-74 years,3.17,2012,14,65-74 years,1.8,1.6,NULL
Drug overdose death rates,Drug overdose deaths involving natural and semisynthetic opioids,2,"Deaths per 100,000 resident population, crude",2,Sex and age,3,Male: 65-74 years,3.17,2013,15,65-74 years,1.8,1.6,NULL
Drug overdose death rates,Drug overdose deaths involving natural and semisynthetic opioids,2,"Deaths per 100,000 resident population, crude",2,Sex and age,3,Male: 65-74 years,3.17,2014,16,65-74 years,1.8,1.9,NULL
Drug overdose death rates,Drug overdose deaths involving natural and semisynthetic opioids,2,"Deaths per 100,000 resident population, crude",2,Sex and age,3,Male: 65-74 years,3.17,2015,17,65-74 years,1.8,2.3,NULL
Drug overdose death rates,Drug overdose deaths involving natural and semisynthetic opioids,2,"Deaths per 100,000 resident population, crude",2,Sex and age,3,Male: 65-74 years,3.17,2016,18,65-74 years,1.8,2.4,NULL
Drug overdose death rates,Drug overdose deaths involving natural and semisynthetic opioids,2,"Deaths per 100,000 resident population, crude",2,Sex and age,3,Male: 65-74 years,3.17,2017,19,65-74 years,1.8,2.6,NULL
Drug overdose death rates,Drug overdose deaths involving natural and semisynthetic opioids,2,"Deaths per 100,000 resident population, crude",2,Sex and age,3,Male: 75-84 years,3.18,1999,1,75-84 years,1.9,NULL,*
Drug overdose death rates,Drug overdose deaths involving natural and semisynthetic opioids,2,"Deaths per 100,000 resident population, crude",2,Sex and age,3,Male: 75-84 years,3.18,2000,2,75-84 years,1.9,NULL,*
Drug overdose death rates,Drug overdose deaths involving natural and semisynthetic opioids,2,"Deaths per 100,000 resident population, crude",2,Sex and age,3,Male: 75-84 years,3.18,2001,3,75-84 years,1.9,NULL,*
Drug overdose death rates,Drug overdose deaths involving natural and semisynthetic opioids,2,"Deaths per 100,000 resident population, crude",2,Sex and age,3,Male: 75-84 years,3.18,2002,4,75-84 years,1.9,NULL,*
Drug overdose death rates,Drug overdose deaths involving natural and semisynthetic opioids,2,"Deaths per 100,000 resident population, crude",2,Sex and age,3,Male: 75-84 years,3.18,2003,5,75-84 years,1.9,NULL,*
Drug overdose death rates,Drug overdose deaths involving natural and semisynthetic opioids,2,"Deaths per 100,000 resident population, crude",2,Sex and age,3,Male: 75-84 years,3.18,2004,6,75-84 years,1.9,NULL,*
Drug overdose death rates,Drug overdose deaths involving natural and semisynthetic opioids,2,"Deaths per 100,000 resident population, crude",2,Sex and age,3,Male: 75-84 years,3.18,2005,7,75-84 years,1.9,0.4,NULL
Drug overdose death rates,Drug overdose deaths involving natural and semisynthetic opioids,2,"Deaths per 100,000 resident population, crude",2,Sex and age,3,Male: 75-84 years,3.18,2006,8,75-84 years,1.9,NULL,*
Drug overdose death rates,Drug overdose deaths involving natural and semisynthetic opioids,2,"Deaths per 100,000 resident population, crude",2,Sex and age,3,Male: 75-84 years,3.18,2007,9,75-84 years,1.9,NULL,*
Drug overdose death rates,Drug overdose deaths involving natural and semisynthetic opioids,2,"Deaths per 100,000 resident population, crude",2,Sex and age,3,Male: 75-84 years,3.18,2008,10,75-84 years,1.9,NULL,*
Drug overdose death rates,Drug overdose deaths involving natural and semisynthetic opioids,2,"Deaths per 100,000 resident population, crude",2,Sex and age,3,Male: 75-84 years,3.18,2009,11,75-84 years,1.9,0.5,NULL
Drug overdose death rates,Drug overdose deaths involving natural and semisynthetic opioids,2,"Deaths per 100,000 resident population, crude",2,Sex and age,3,Male: 75-84 years,3.18,2010,12,75-84 years,1.9,0.5,NULL
Drug overdose death rates,Drug overdose deaths involving natural and semisynthetic opioids,2,"Deaths per 100,000 resident population, crude",2,Sex and age,3,Male: 75-84 years,3.18,2011,13,75-84 years,1.9,0.6,NULL
Drug overdose death rates,Drug overdose deaths involving natural and semisynthetic opioids,2,"Deaths per 100,000 resident population, crude",2,Sex and age,3,Male: 75-84 years,3.18,2012,14,75-84 years,1.9,0.5,NULL
Drug overdose death rates,Drug overdose deaths involving natural and semisynthetic opioids,2,"Deaths per 100,000 resident population, crude",2,Sex and age,3,Male: 75-84 years,3.18,2013,15,75-84 years,1.9,0.7,NULL
Drug overdose death rates,Drug overdose deaths involving natural and semisynthetic opioids,2,"Deaths per 100,000 resident population, crude",2,Sex and age,3,Male: 75-84 years,3.18,2014,16,75-84 years,1.9,0.7,NULL
Drug overdose death rates,Drug overdose deaths involving natural and semisynthetic opioids,2,"Deaths per 100,000 resident population, crude",2,Sex and age,3,Male: 75-84 years,3.18,2015,17,75-84 years,1.9,0.9,NULL
Drug overdose death rates,Drug overdose deaths involving natural and semisynthetic opioids,2,"Deaths per 100,000 resident population, crude",2,Sex and age,3,Male: 75-84 years,3.18,2016,18,75-84 years,1.9,0.9,NULL
Drug overdose death rates,Drug overdose deaths involving natural and semisynthetic opioids,2,"Deaths per 100,000 resident population, crude",2,Sex and age,3,Male: 75-84 years,3.18,2017,19,75-84 years,1.9,0.8,NULL
Drug overdose death rates,Drug overdose deaths involving natural and semisynthetic opioids,2,"Deaths per 100,000 resident population, crude",2,Sex and age,3,Male: 85 years and over,3.19,1999,1,85 years and over,1.91,NULL,*
Drug overdose death rates,Drug overdose deaths involving natural and semisynthetic opioids,2,"Deaths per 100,000 resident population, crude",2,Sex and age,3,Male: 85 years and over,3.19,2000,2,85 years and over,1.91,NULL,*
Drug overdose death rates,Drug overdose deaths involving natural and semisynthetic opioids,2,"Deaths per 100,000 resident population, crude",2,Sex and age,3,Male: 85 years and over,3.19,2001,3,85 years and over,1.91,NULL,*
Drug overdose death rates,Drug overdose deaths involving natural and semisynthetic opioids,2,"Deaths per 100,000 resident population, crude",2,Sex and age,3,Male: 85 years and over,3.19,2002,4,85 years and over,1.91,NULL,*
Drug overdose death rates,Drug overdose deaths involving natural and semisynthetic opioids,2,"Deaths per 100,000 resident population, crude",2,Sex and age,3,Male: 85 years and over,3.19,2003,5,85 years and over,1.91,NULL,*
Drug overdose death rates,Drug overdose deaths involving natural and semisynthetic opioids,2,"Deaths per 100,000 resident population, crude",2,Sex and age,3,Male: 85 years and over,3.19,2004,6,85 years and over,1.91,NULL,*
Drug overdose death rates,Drug overdose deaths involving natural and semisynthetic opioids,2,"Deaths per 100,000 resident population, crude",2,Sex and age,3,Male: 85 years and over,3.19,2005,7,85 years and over,1.91,NULL,*
Drug overdose death rates,Drug overdose deaths involving natural and semisynthetic opioids,2,"Deaths per 100,000 resident population, crude",2,Sex and age,3,Male: 85 years and over,3.19,2006,8,85 years and over,1.91,NULL,*
Drug overdose death rates,Drug overdose deaths involving natural and semisynthetic opioids,2,"Deaths per 100,000 resident population, crude",2,Sex and age,3,Male: 85 years and over,3.19,2007,9,85 years and over,1.91,NULL,*
Drug overdose death rates,Drug overdose deaths involving natural and semisynthetic opioids,2,"Deaths per 100,000 resident population, crude",2,Sex and age,3,Male: 85 years and over,3.19,2008,10,85 years and over,1.91,NULL,*
Drug overdose death rates,Drug overdose deaths involving natural and semisynthetic opioids,2,"Deaths per 100,000 resident population, crude",2,Sex and age,3,Male: 85 years and over,3.19,2009,11,85 years and over,1.91,NULL,*
Drug overdose death rates,Drug overdose deaths involving natural and semisynthetic opioids,2,"Deaths per 100,000 resident population, crude",2,Sex and age,3,Male: 85 years and over,3.19,2010,12,85 years and over,1.91,NULL,*
Drug overdose death rates,Drug overdose deaths involving natural and semisynthetic opioids,2,"Deaths per 100,000 resident population, crude",2,Sex and age,3,Male: 85 years and over,3.19,2011,13,85 years and over,1.91,NULL,*
Drug overdose death rates,Drug overdose deaths involving natural and semisynthetic opioids,2,"Deaths per 100,000 resident population, crude",2,Sex and age,3,Male: 85 years and over,3.19,2012,14,85 years and over,1.91,NULL,*
Drug overdose death rates,Drug overdose deaths involving natural and semisynthetic opioids,2,"Deaths per 100,000 resident population, crude",2,Sex and age,3,Male: 85 years and over,3.19,2013,15,85 years and over,1.91,1.1,NULL
Drug overdose death rates,Drug overdose deaths involving natural and semisynthetic opioids,2,"Deaths per 100,000 resident population, crude",2,Sex and age,3,Male: 85 years and over,3.19,2014,16,85 years and over,1.91,NULL,*
Drug overdose death rates,Drug overdose deaths involving natural and semisynthetic opioids,2,"Deaths per 100,000 resident population, crude",2,Sex and age,3,Male: 85 years and over,3.19,2015,17,85 years and over,1.91,NULL,*
Drug overdose death rates,Drug overdose deaths involving natural and semisynthetic opioids,2,"Deaths per 100,000 resident population, crude",2,Sex and age,3,Male: 85 years and over,3.19,2016,18,85 years and over,1.91,NULL,*
Drug overdose death rates,Drug overdose deaths involving natural and semisynthetic opioids,2,"Deaths per 100,000 resident population, crude",2,Sex and age,3,Male: 85 years and over,3.19,2017,19,85 years and over,1.91,0.9,NULL
Drug overdose death rates,Drug overdose deaths involving natural and semisynthetic opioids,2,"Deaths per 100,000 resident population, crude",2,Sex and age,3,Female: Under 15 years,3.21,1999,1,Under 15 years,1.2,NULL,*
Drug overdose death rates,Drug overdose deaths involving natural and semisynthetic opioids,2,"Deaths per 100,000 resident population, crude",2,Sex and age,3,Female: Under 15 years,3.21,2000,2,Under 15 years,1.2,NULL,*
Drug overdose death rates,Drug overdose deaths involving natural and semisynthetic opioids,2,"Deaths per 100,000 resident population, crude",2,Sex and age,3,Female: Under 15 years,3.21,2001,3,Under 15 years,1.2,NULL,*
Drug overdose death rates,Drug overdose deaths involving natural and semisynthetic opioids,2,"Deaths per 100,000 resident population, crude",2,Sex and age,3,Female: Under 15 years,3.21,2002,4,Under 15 years,1.2,NULL,*
Drug overdose death rates,Drug overdose deaths involving natural and semisynthetic opioids,2,"Deaths per 100,000 resident population, crude",2,Sex and age,3,Female: Under 15 years,3.21,2003,5,Under 15 years,1.2,NULL,*
Drug overdose death rates,Drug overdose deaths involving natural and semisynthetic opioids,2,"Deaths per 100,000 resident population, crude",2,Sex and age,3,Female: Under 15 years,3.21,2004,6,Under 15 years,1.2,NULL,*
Drug overdose death rates,Drug overdose deaths involving natural and semisynthetic opioids,2,"Deaths per 100,000 resident population, crude",2,Sex and age,3,Female: Under 15 years,3.21,2005,7,Under 15 years,1.2,NULL,*
Drug overdose death rates,Drug overdose deaths involving natural and semisynthetic opioids,2,"Deaths per 100,000 resident population, crude",2,Sex and age,3,Female: Under 15 years,3.21,2006,8,Under 15 years,1.2,NULL,*
Drug overdose death rates,Drug overdose deaths involving natural and semisynthetic opioids,2,"Deaths per 100,000 resident population, crude",2,Sex and age,3,Female: Under 15 years,3.21,2007,9,Under 15 years,1.2,0.1,NULL
Drug overdose death rates,Drug overdose deaths involving natural and semisynthetic opioids,2,"Deaths per 100,000 resident population, crude",2,Sex and age,3,Female: Under 15 years,3.21,2008,10,Under 15 years,1.2,0.1,NULL
Drug overdose death rates,Drug overdose deaths involving natural and semisynthetic opioids,2,"Deaths per 100,000 resident population, crude",2,Sex and age,3,Female: Under 15 years,3.21,2009,11,Under 15 years,1.2,NULL,*
Drug overdose death rates,Drug overdose deaths involving natural and semisynthetic opioids,2,"Deaths per 100,000 resident population, crude",2,Sex and age,3,Female: Under 15 years,3.21,2010,12,Under 15 years,1.2,NULL,*
Drug overdose death rates,Drug overdose deaths involving natural and semisynthetic opioids,2,"Deaths per 100,000 resident population, crude",2,Sex and age,3,Female: Under 15 years,3.21,2011,13,Under 15 years,1.2,NULL,*
Drug overdose death rates,Drug overdose deaths involving natural and semisynthetic opioids,2,"Deaths per 100,000 resident population, crude",2,Sex and age,3,Female: Under 15 years,3.21,2012,14,Under 15 years,1.2,NULL,*
Drug overdose death rates,Drug overdose deaths involving natural and semisynthetic opioids,2,"Deaths per 100,000 resident population, crude",2,Sex and age,3,Female: Under 15 years,3.21,2013,15,Under 15 years,1.2,NULL,*
Drug overdose death rates,Drug overdose deaths involving natural and semisynthetic opioids,2,"Deaths per 100,000 resident population, crude",2,Sex and age,3,Female: Under 15 years,3.21,2014,16,Under 15 years,1.2,0.1,NULL
Drug overdose death rates,Drug overdose deaths involving natural and semisynthetic opioids,2,"Deaths per 100,000 resident population, crude",2,Sex and age,3,Female: Under 15 years,3.21,2015,17,Under 15 years,1.2,0.1,NULL
Drug overdose death rates,Drug overdose deaths involving natural and semisynthetic opioids,2,"Deaths per 100,000 resident population, crude",2,Sex and age,3,Female: Under 15 years,3.21,2016,18,Under 15 years,1.2,0.1,NULL
Drug overdose death rates,Drug overdose deaths involving natural and semisynthetic opioids,2,"Deaths per 100,000 resident population, crude",2,Sex and age,3,Female: Under 15 years,3.21,2017,19,Under 15 years,1.2,0.1,NULL
Drug overdose death rates,Drug overdose deaths involving natural and semisynthetic opioids,2,"Deaths per 100,000 resident population, crude",2,Sex and age,3,Female: 15-24 years,3.22,1999,***,15-24 years,1.3,0.3,NULL
Drug overdose death rates,Drug overdose deaths involving natural and semisynthetic opioids,2,"Deaths per 100,000 resident population, crude",2,Sex and age,3,Female: 15-24 years,3.22,2000,2,15-24 years,1.3,0.3,NULL
Drug overdose death rates,Drug overdose deaths involving natural and semisynthetic opioids,2,"Deaths per 100,000 resident population, crude",2,Sex and age,3,Female: 15-24 years,3.22,2001,3,15-24 years,1.3,0.3,NULL
Drug overdose death rates,Drug overdose deaths involving natural and semisynthetic opioids,2,"Deaths per 100,000 resident population, crude",2,Sex and age,3,Female: 15-24 years,3.22,2002,4,15-24 years,1.3,0.5,NULL
Drug overdose death rates,Drug overdose deaths involving natural and semisynthetic opioids,2,"Deaths per 100,000 resident population, crude",2,Sex and age,3,Female: 15-24 years,3.22,2003,5,15-24 years,1.3,0.5,NULL
Drug overdose death rates,Drug overdose deaths involving natural and semisynthetic opioids,2,"Deaths per 100,000 resident population, crude",2,Sex and age,3,Female: 15-24 years,3.22,2004,6,15-24 years,1.3,0.5,NULL
Drug overdose death rates,Drug overdose deaths involving natural and semisynthetic opioids,2,"Deaths per 100,000 resident population, crude",2,Sex and age,3,Female: 15-24 years,3.22,2005,7,15-24 years,1.3,0.6,NULL
Drug overdose death rates,Drug overdose deaths involving natural and semisynthetic opioids,2,"Deaths per 100,000 resident population, crude",2,Sex and age,3,Female: 15-24 years,3.22,2006,8,15-24 years,1.3,0.8,NULL
Drug overdose death rates,Drug overdose deaths involving natural and semisynthetic opioids,2,"Deaths per 100,000 resident population, crude",2,Sex and age,3,Female: 15-24 years,3.22,2007,9,15-24 years,1.3,0.9,NULL
Drug overdose death rates,Drug overdose deaths involving natural and semisynthetic opioids,2,"Deaths per 100,000 resident population, crude",2,Sex and age,3,Female: 15-24 years,3.22,2008,10,15-24 years,1.3,0.9,NULL
Drug overdose death rates,Drug overdose deaths involving natural and semisynthetic opioids,2,"Deaths per 100,000 resident population, crude",2,Sex and age,3,Female: 15-24 years,3.22,2009,11,15-24 years,1.3,1.0,NULL
Drug overdose death rates,Drug overdose deaths involving natural and semisynthetic opioids,2,"Deaths per 100,000 resident population, crude",2,Sex and age,3,Female: 15-24 years,3.22,2010,12,15-24 years,1.3,1.3,NULL
Drug overdose death rates,Drug overdose deaths involving natural and semisynthetic opioids,2,"Deaths per 100,000 resident population, crude",2,Sex and age,3,Female: 15-24 years,3.22,2011,13,15-24 years,1.3,1.4,NULL
Drug overdose death rates,Drug overdose deaths involving natural and semisynthetic opioids,2,"Deaths per 100,000 resident population, crude",2,Sex and age,3,Female: 15-24 years,3.22,2012,14,15-24 years,1.3,1.1,NULL
Drug overdose death rates,Drug overdose deaths involving natural and semisynthetic opioids,2,"Deaths per 100,000 resident population, crude",2,Sex and age,3,Female: 15-24 years,3.22,2013,15,15-24 years,1.3,0.9,NULL
Drug overdose death rates,Drug overdose deaths involving natural and semisynthetic opioids,2,"Deaths per 100,000 resident population, crude",2,Sex and age,3,Female: 15-24 years,3.22,2014,16,15-24 years,1.3,0.9,NULL
Drug overdose death rates,Drug overdose deaths involving natural and semisynthetic opioids,2,"Deaths per 100,000 resident population, crude",2,Sex and age,3,Female: 15-24 years,3.22,2015,17,15-24 years,1.3,1.0,NULL
Drug overdose death rates,Drug overdose deaths involving natural and semisynthetic opioids,2,"Deaths per 100,000 resident population, crude",2,Sex and age,3,Female: 15-24 years,3.22,2016,18,15-24 years,1.3,1.2,NULL
Drug overdose death rates,Drug overdose deaths involving natural and semisynthetic opioids,2,"Deaths per 100,000 resident population, crude",2,Sex and age,3,Female: 15-24 years,3.22,2017,19,15-24 years,1.3,1.4,NULL
Drug overdose death rates,Drug overdose deaths involving natural and semisynthetic opioids,2,"Deaths per 100,000 resident population, crude",2,Sex and age,3,Female: 25-34 years,3.23,1999,1,25-34 years,1.4,0.7,NULL
Drug overdose death rates,Drug overdose deaths involving natural and semisynthetic opioids,2,"Deaths per 100,000 resident population, crude",2,Sex and age,3,Female: 25-34 years,3.23,2000,2,25-34 years,1.4,0.8,NULL
Drug overdose death rates,Drug overdose deaths involving natural and semisynthetic opioids,2,"Deaths per 100,000 resident population, crude",2,Sex and age,3,Female: 25-34 years,3.23,2001,3,25-34 years,1.4,0.8,NULL
Drug overdose death rates,Drug overdose deaths involving natural and semisynthetic opioids,2,"Deaths per 100,000 resident population, crude",2,Sex and age,3,Female: 25-34 years,3.23,2002,4,25-34 years,1.4,1.1,NULL
Drug overdose death rates,Drug overdose deaths involving natural and semisynthetic opioids,2,"Deaths per 100,000 resident population, crude",2,Sex and age,3,Female: 25-34 years,3.23,2003,5,25-34 years,1.4,1.3,NULL
Drug overdose death rates,Drug overdose deaths involving natural and semisynthetic opioids,2,"Deaths per 100,000 resident population, crude",2,Sex and age,3,Female: 25-34 years,3.23,2004,6,25-34 years,1.4,1.3,NULL
Drug overdose death rates,Drug overdose deaths involving natural and semisynthetic opioids,2,"Deaths per 100,000 resident population, crude",2,Sex and age,3,Female: 25-34 years,3.23,2005,7,25-34 years,1.4,1.6,NULL
Drug overdose death rates,Drug overdose deaths involving natural and semisynthetic opioids,2,"Deaths per 100,000 resident population, crude",2,Sex and age,3,Female: 25-34 years,3.23,2006,8,25-34 years,1.4,2.0,NULL
Drug overdose death rates,Drug overdose deaths involving natural and semisynthetic opioids,2,"Deaths per 100,000 resident population, crude",2,Sex and age,3,Female: 25-34 years,3.23,2007,9,25-34 years,1.4,2.4,NULL
Drug overdose death rates,Drug overdose deaths involving natural and semisynthetic opioids,2,"Deaths per 100,000 resident population, crude",2,Sex and age,3,Female: 25-34 years,3.23,2008,10,25-34 years,1.4,2.4,NULL
Drug overdose death rates,Drug overdose deaths involving natural and semisynthetic opioids,2,"Deaths per 100,000 resident population, crude",2,Sex and age,3,Female: 25-34 years,3.23,2009,11,25-34 years,1.4,2.7,NULL
Drug overdose death rates,Drug overdose deaths involving natural and semisynthetic opioids,2,"Deaths per 100,000 resident population, crude",2,Sex and age,3,Female: 25-34 years,3.23,2010,12,25-34 years,1.4,3.4,NULL
Drug overdose death rates,Drug overdose deaths involving natural and semisynthetic opioids,2,"Deaths per 100,000 resident population, crude",2,Sex and age,3,Female: 25-34 years,3.23,2011,13,25-34 years,1.4,3.6,NULL
Drug overdose death rates,Drug overdose deaths involving natural and semisynthetic opioids,2,"Deaths per 100,000 resident population, crude",2,Sex and age,3,Female: 25-34 years,3.23,2012,14,25-34 years,1.4,3.5,NULL
Drug overdose death rates,Drug overdose deaths involving natural and semisynthetic opioids,2,"Deaths per 100,000 resident population, crude",2,Sex and age,3,Female: 25-34 years,3.23,2013,15,25-34 years,1.4,3.3,NULL
Drug overdose death rates,Drug overdose deaths involving natural and semisynthetic opioids,2,"Deaths per 100,000 resident population, crude",2,Sex and age,3,Female: 25-34 years,3.23,2014,16,25-34 years,1.4,3.2,NULL
Drug overdose death rates,Drug overdose deaths involving natural and semisynthetic opioids,2,"Deaths per 100,000 resident population, crude",2,Sex and age,3,Female: 25-34 years,3.23,2015,17,25-34 years,1.4,3.5,NULL
Drug overdose death rates,Drug overdose deaths involving natural and semisynthetic opioids,2,"Deaths per 100,000 resident population, crude",2,Sex and age,3,Female: 25-34 years,3.23,2016,18,25-34 years,1.4,4.2,NULL
Drug overdose death rates,Drug overdose deaths involving natural and semisynthetic opioids,2,"Deaths per 100,000 resident population, crude",2,Sex and age,3,Female: 25-34 years,3.23,2017,19,25-34 years,1.4,4.3,NULL
Drug overdose death rates,Drug overdose deaths involving natural and semisynthetic opioids,2,"Deaths per 100,000 resident population, crude",2,Sex and age,3,Female: 35-44 years,3.24,1999,***,35-44 years,1.5,1.1,NULL
Drug overdose death rates,Drug overdose deaths involving natural and semisynthetic opioids,2,"Deaths per 100,000 resident population, crude",2,Sex and age,3,Female: 35-44 years,3.24,2000,2,35-44 years,1.5,1.4,NULL
Drug overdose death rates,Drug overdose deaths involving natural and semisynthetic opioids,2,"Deaths per 100,000 resident population, crude",2,Sex and age,3,Female: 35-44 years,3.24,2001,3,35-44 years,1.5,1.9,NULL
Drug overdose death rates,Drug overdose deaths involving natural and semisynthetic opioids,2,"Deaths per 100,000 resident population, crude",2,Sex and age,3,Female: 35-44 years,3.24,2002,4,35-44 years,1.5,2.4,NULL
Drug overdose death rates,Drug overdose deaths involving natural and semisynthetic opioids,2,"Deaths per 100,000 resident population, crude",2,Sex and age,3,Female: 35-44 years,3.24,2003,5,35-44 years,1.5,2.5,NULL
Drug overdose death rates,Drug overdose deaths involving natural and semisynthetic opioids,2,"Deaths per 100,000 resident population, crude",2,Sex and age,3,Female: 35-44 years,3.24,2004,6,35-44 years,1.5,2.8,NULL
Drug overdose death rates,Drug overdose deaths involving natural and semisynthetic opioids,2,"Deaths per 100,000 resident population, crude",2,Sex and age,3,Female: 35-44 years,3.24,2005,7,35-44 years,1.5,2.9,NULL
Drug overdose death rates,Drug overdose deaths involving natural and semisynthetic opioids,2,"Deaths per 100,000 resident population, crude",2,Sex and age,3,Female: 35-44 years,3.24,2006,8,35-44 years,1.5,3.2,NULL
Drug overdose death rates,Drug overdose deaths involving natural and semisynthetic opioids,2,"Deaths per 100,000 resident population, crude",2,Sex and age,3,Female: 35-44 years,3.24,2007,9,35-44 years,1.5,3.9,NULL
Drug overdose death rates,Drug overdose deaths involving natural and semisynthetic opioids,2,"Deaths per 100,000 resident population, crude",2,Sex and age,3,Female: 35-44 years,3.24,2008,10,35-44 years,1.5,4.2,NULL
Drug overdose death rates,Drug overdose deaths involving natural and semisynthetic opioids,2,"Deaths per 100,000 resident population, crude",2,Sex and age,3,Female: 35-44 years,3.24,2009,11,35-44 years,1.5,4.4,NULL
Drug overdose death rates,Drug overdose deaths involving natural and semisynthetic opioids,2,"Deaths per 100,000 resident population, crude",2,Sex and age,3,Female: 35-44 years,3.24,2010,12,35-44 years,1.5,4.8,NULL
Drug overdose death rates,Drug overdose deaths involving natural and semisynthetic opioids,2,"Deaths per 100,000 resident population, crude",2,Sex and age,3,Female: 35-44 years,3.24,2011,13,35-44 years,1.5,5.3,NULL
Drug overdose death rates,Drug overdose deaths involving natural and semisynthetic opioids,2,"Deaths per 100,000 resident population, crude",2,Sex and age,3,Female: 35-44 years,3.24,2012,14,35-44 years,1.5,5.3,NULL
Drug overdose death rates,Drug overdose deaths involving natural and semisynthetic opioids,2,"Deaths per 100,000 resident population, crude",2,Sex and age,3,Female: 35-44 years,3.24,2013,15,35-44 years,1.5,5.2,NULL
Drug overdose death rates,Drug overdose deaths involving natural and semisynthetic opioids,2,"Deaths per 100,000 resident population, crude",2,Sex and age,3,Female: 35-44 years,3.24,2014,16,35-44 years,1.5,5.9,NULL
Drug overdose death rates,Drug overdose deaths involving natural and semisynthetic opioids,2,"Deaths per 100,000 resident population, crude",2,Sex and age,3,Female: 35-44 years,3.24,2015,17,35-44 years,1.5,6.1,NULL
Drug overdose death rates,Drug overdose deaths involving natural and semisynthetic opioids,2,"Deaths per 100,000 resident population, crude",2,Sex and age,3,Female: 35-44 years,3.24,2016,18,35-44 years,1.5,6.3,NULL
Drug overdose death rates,Drug overdose deaths involving natural and semisynthetic opioids,2,"Deaths per 100,000 resident population, crude",2,Sex and age,3,Female: 35-44 years,3.24,2017,19,35-44 years,1.5,5.8,NULL
Drug overdose death rates,Drug overdose deaths involving natural and semisynthetic opioids,2,"Deaths per 100,000 resident population, crude",2,Sex and age,3,Female: 45-54 years,3.25,1999,,45-54 years,1.6,1.1,NULL
Drug overdose death rates,Drug overdose deaths involving natural and semisynthetic opioids,2,"Deaths per 100,000 resident population, crude",2,Sex and age,3,Female: 45-54 years,3.25,2000,2,45-54 years,1.6,1.3,NULL
Drug overdose death rates,Drug overdose deaths involving natural and semisynthetic opioids,2,"Deaths per 100,000 resident population, crude",2,Sex and age,3,Female: 45-54 years,3.25,2001,3,45-54 years,1.6,1.8,NULL
Drug overdose death rates,Drug overdose deaths involving natural and semisynthetic opioids,2,"Deaths per 100,000 resident population, crude",2,Sex and age,3,Female: 45-54 years,3.25,2002,4,45-54 years,1.6,2.4,NULL
Drug overdose death rates,Drug overdose deaths involving natural and semisynthetic opioids,2,"Deaths per 100,000 resident population, crude",2,Sex and age,3,Female: 45-54 years,3.25,2003,5,45-54 years,1.6,2.8,NULL
Drug overdose death rates,Drug overdose deaths involving natural and semisynthetic opioids,2,"Deaths per 100,000 resident population, crude",2,Sex and age,3,Female: 45-54 years,3.25,2004,6,45-54 years,1.6,3.2,NULL
Drug overdose death rates,Drug overdose deaths involving natural and semisynthetic opioids,2,"Deaths per 100,000 resident population, crude",2,Sex and age,3,Female: 45-54 years,3.25,2005,7,45-54 years,1.6,3.5,NULL
Drug overdose death rates,Drug overdose deaths involving natural and semisynthetic opioids,2,"Deaths per 100,000 resident population, crude",2,Sex and age,3,Female: 45-54 years,3.25,2006,8,45-54 years,1.6,4.5,NULL
Drug overdose death rates,Drug overdose deaths involving natural and semisynthetic opioids,2,"Deaths per 100,000 resident population, crude",2,Sex and age,3,Female: 45-54 years,3.25,2007,9,45-54 years,1.6,5.2,NULL
Drug overdose death rates,Drug overdose deaths involving natural and semisynthetic opioids,2,"Deaths per 100,000 resident population, crude",2,Sex and age,3,Female: 45-54 years,3.25,2008,10,45-54 years,1.6,5.6,NULL
Drug overdose death rates,Drug overdose deaths involving natural and semisynthetic opioids,2,"Deaths per 100,000 resident population, crude",2,Sex and age,3,Female: 45-54 years,3.25,2009,11,45-54 years,1.6,6.0,NULL
Drug overdose death rates,Drug overdose deaths involving natural and semisynthetic opioids,2,"Deaths per 100,000 resident population, crude",2,Sex and age,3,Female: 45-54 years,3.25,2010,12,45-54 years,1.6,6.4,NULL
Drug overdose death rates,Drug overdose deaths involving natural and semisynthetic opioids,2,"Deaths per 100,000 resident population, crude",2,Sex and age,3,Female: 45-54 years,3.25,2011,13,45-54 years,1.6,7.1,NULL
Drug overdose death rates,Drug overdose deaths involving natural and semisynthetic opioids,2,"Deaths per 100,000 resident population, crude",2,Sex and age,3,Female: 45-54 years,3.25,2012,14,45-54 years,1.6,7.2,NULL
Drug overdose death rates,Drug overdose deaths involving natural and semisynthetic opioids,2,"Deaths per 100,000 resident population, crude",2,Sex and age,3,Female: 45-54 years,3.25,2013,15,45-54 years,1.6,7.3,NULL
Drug overdose death rates,Drug overdose deaths involving natural and semisynthetic opioids,2,"Deaths per 100,000 resident population, crude",2,Sex and age,3,Female: 45-54 years,3.25,2014,16,45-54 years,1.6,7.7,NULL
Drug overdose death rates,Drug overdose deaths involving natural and semisynthetic opioids,2,"Deaths per 100,000 resident population, crude",2,Sex and age,3,Female: 45-54 years,3.25,2015,17,45-54 years,1.6,7.9,NULL
Drug overdose death rates,Drug overdose deaths involving natural and semisynthetic opioids,2,"Deaths per 100,000 resident population, crude",2,Sex and age,3,Female: 45-54 years,3.25,2016,18,45-54 years,1.6,8.1,NULL
Drug overdose death rates,Drug overdose deaths involving natural and semisynthetic opioids,2,"Deaths per 100,000 resident population, crude",2,Sex and age,3,Female: 45-54 years,3.25,2017,19,45-54 years,1.6,8.0,NULL
Drug overdose death rates,Drug overdose deaths involving natural and semisynthetic opioids,2,"Deaths per 100,000 resident population, crude",2,Sex and age,3,Female: 55-64 years,3.26,1999,1,55-64 years,1.7,0.6,NULL
Drug overdose death rates,Drug overdose deaths involving natural and semisynthetic opioids,2,"Deaths per 100,000 resident population, crude",2,Sex and age,3,Female: 55-64 years,3.26,2000,2,55-64 years,1.7,0.7,NULL
Drug overdose death rates,Drug overdose deaths involving natural and semisynthetic opioids,2,"Deaths per 100,000 resident population, crude",2,Sex and age,3,Female: 55-64 years,3.26,2001,3,55-64 years,1.7,0.8,NULL
Drug overdose death rates,Drug overdose deaths involving natural and semisynthetic opioids,2,"Deaths per 100,000 resident population, crude",2,Sex and age,3,Female: 55-64 years,3.26,2002,4,55-64 years,1.7,1.0,NULL
Drug overdose death rates,Drug overdose deaths involving natural and semisynthetic opioids,2,"Deaths per 100,000 resident population, crude",2,Sex and age,3,Female: 55-64 years,3.26,2003,5,55-64 years,1.7,1.3,NULL
Drug overdose death rates,Drug overdose deaths involving natural and semisynthetic opioids,2,"Deaths per 100,000 resident population, crude",2,Sex and age,3,Female: 55-64 years,3.26,2004,6,55-64 years,1.7,1.5,NULL
Drug overdose death rates,Drug overdose deaths involving natural and semisynthetic opioids,2,"Deaths per 100,000 resident population, crude",2,Sex and age,3,Female: 55-64 years,3.26,2005,7,55-64 years,1.7,1.7,NULL
Drug overdose death rates,Drug overdose deaths involving natural and semisynthetic opioids,2,"Deaths per 100,000 resident population, crude",2,Sex and age,3,Female: 55-64 years,3.26,2006,8,55-64 years,1.7,2.3,NULL
Drug overdose death rates,Drug overdose deaths involving natural and semisynthetic opioids,2,"Deaths per 100,000 resident population, crude",2,Sex and age,3,Female: 55-64 years,3.26,2007,9,55-64 years,1.7,2.6,NULL
Drug overdose death rates,Drug overdose deaths involving natural and semisynthetic opioids,2,"Deaths per 100,000 resident population, crude",2,Sex and age,3,Female: 55-64 years,3.26,2008,10,55-64 years,1.7,3.1,NULL
Drug overdose death rates,Drug overdose deaths involving natural and semisynthetic opioids,2,"Deaths per 100,000 resident population, crude",2,Sex and age,3,Female: 55-64 years,3.26,2009,11,55-64 years,1.7,3.4,NULL
Drug overdose death rates,Drug overdose deaths involving natural and semisynthetic opioids,2,"Deaths per 100,000 resident population, crude",2,Sex and age,3,Female: 55-64 years,3.26,2010,12,55-64 years,1.7,3.6,NULL
Drug overdose death rates,Drug overdose deaths involving natural and semisynthetic opioids,2,"Deaths per 100,000 resident population, crude",2,Sex and age,3,Female: 55-64 years,3.26,2011,13,55-64 years,1.7,4.0,NULL
Drug overdose death rates,Drug overdose deaths involving natural and semisynthetic opioids,2,"Deaths per 100,000 resident population, crude",2,Sex and age,3,Female: 55-64 years,3.26,2012,14,55-64 years,1.7,4.5,NULL
Drug overdose death rates,Drug overdose deaths involving natural and semisynthetic opioids,2,"Deaths per 100,000 resident population, crude",2,Sex and age,3,Female: 55-64 years,3.26,2013,15,55-64 years,1.7,5.0,NULL
Drug overdose death rates,Drug overdose deaths involving natural and semisynthetic opioids,2,"Deaths per 100,000 resident population, crude",2,Sex and age,3,Female: 55-64 years,3.26,2014,16,55-64 years,1.7,5.9,NULL
Drug overdose death rates,Drug overdose deaths involving natural and semisynthetic opioids,2,"Deaths per 100,000 resident population, crude",2,Sex and age,3,Female: 55-64 years,3.26,2015,17,55-64 years,1.7,5.9,NULL
Drug overdose death rates,Drug overdose deaths involving natural and semisynthetic opioids,2,"Deaths per 100,000 resident population, crude",2,Sex and age,3,Female: 55-64 years,3.26,2016,18,55-64 years,1.7,6.5,NULL
Drug overdose death rates,Drug overdose deaths involving natural and semisynthetic opioids,2,"Deaths per 100,000 resident population, crude",2,Sex and age,3,Female: 55-64 years,3.26,2017,19,55-64 years,1.7,6.6,NULL
Drug overdose death rates,Drug overdose deaths involving natural and semisynthetic opioids,2,"Deaths per 100,000 resident population, crude",2,Sex and age,3,Female: 65-74 years,3.27,1999,1,65-74 years,1.8,0.2,NULL
Drug overdose death rates,Drug overdose deaths involving natural and semisynthetic opioids,2,"Deaths per 100,000 resident population, crude",2,Sex and age,3,Female: 65-74 years,3.27,2000,2,65-74 years,1.8,0.3,NULL
Drug overdose death rates,Drug overdose deaths involving natural and semisynthetic opioids,2,"Deaths per 100,000 resident population, crude",2,Sex and age,3,Female: 65-74 years,3.27,2001,3,65-74 years,1.8,0.3,NULL
Drug overdose death rates,Drug overdose deaths involving natural and semisynthetic opioids,2,"Deaths per 100,000 resident population, crude",2,Sex and age,3,Female: 65-74 years,3.27,2002,4,65-74 years,1.8,0.5,NULL
Drug overdose death rates,Drug overdose deaths involving natural and semisynthetic opioids,2,"Deaths per 100,000 resident population, crude",2,Sex and age,3,Female: 65-74 years,3.27,2003,5,65-74 years,1.8,0.5,NULL
Drug overdose death rates,Drug overdose deaths involving natural and semisynthetic opioids,2,"Deaths per 100,000 resident population, crude",2,Sex and age,3,Female: 65-74 years,3.27,2004,6,65-74 years,1.8,0.6,NULL
Drug overdose death rates,Drug overdose deaths involving natural and semisynthetic opioids,2,"Deaths per 100,000 resident population, crude",2,Sex and age,3,Female: 65-74 years,3.27,2005,7,65-74 years,1.8,0.8,NULL
Drug overdose death rates,Drug overdose deaths involving natural and semisynthetic opioids,2,"Deaths per 100,000 resident population, crude",2,Sex and age,3,Female: 65-74 years,3.27,2006,8,65-74 years,1.8,0.8,NULL
Drug overdose death rates,Drug overdose deaths involving natural and semisynthetic opioids,2,"Deaths per 100,000 resident population, crude",2,Sex and age,3,Female: 65-74 years,3.27,2007,9,65-74 years,1.8,0.8,NULL
Drug overdose death rates,Drug overdose deaths involving natural and semisynthetic opioids,2,"Deaths per 100,000 resident population, crude",2,Sex and age,3,Female: 65-74 years,3.27,2008,10,65-74 years,1.8,1.0,NULL
Drug overdose death rates,Drug overdose deaths involving natural and semisynthetic opioids,2,"Deaths per 100,000 resident population, crude",2,Sex and age,3,Female: 65-74 years,3.27,2009,11,65-74 years,1.8,1.1,NULL
Drug overdose death rates,Drug overdose deaths involving natural and semisynthetic opioids,2,"Deaths per 100,000 resident population, crude",2,Sex and age,3,Female: 65-74 years,3.27,2010,12,65-74 years,1.8,1.3,NULL
Drug overdose death rates,Drug overdose deaths involving natural and semisynthetic opioids,2,"Deaths per 100,000 resident population, crude",2,Sex and age,3,Female: 65-74 years,3.27,2011,13,65-74 years,1.8,1.5,NULL
Drug overdose death rates,Drug overdose deaths involving natural and semisynthetic opioids,2,"Deaths per 100,000 resident population, crude",2,Sex and age,3,Female: 65-74 years,3.27,2012,14,65-74 years,1.8,1.5,NULL
Drug overdose death rates,Drug overdose deaths involving natural and semisynthetic opioids,2,"Deaths per 100,000 resident population, crude",2,Sex and age,3,Female: 65-74 years,3.27,2013,15,65-74 years,1.8,1.8,NULL
Drug overdose death rates,Drug overdose deaths involving natural and semisynthetic opioids,2,"Deaths per 100,000 resident population, crude",2,Sex and age,3,Female: 65-74 years,3.27,2014,16,65-74 years,1.8,2.3,NULL
Drug overdose death rates,Drug overdose deaths involving natural and semisynthetic opioids,2,"Deaths per 100,000 resident population, crude",2,Sex and age,3,Female: 65-74 years,3.27,2015,17,65-74 years,1.8,1.9,NULL
Drug overdose death rates,Drug overdose deaths involving natural and semisynthetic opioids,2,"Deaths per 100,000 resident population, crude",2,Sex and age,3,Female: 65-74 years,3.27,2016,18,65-74 years,1.8,2.3,NULL
Drug overdose death rates,Drug overdose deaths involving natural and semisynthetic opioids,2,"Deaths per 100,000 resident population, crude",2,Sex and age,3,Female: 65-74 years,3.27,2017,19,65-74 years,1.8,2.3,NULL
Drug overdose death rates,Drug overdose deaths involving natural and semisynthetic opioids,2,"Deaths per 100,000 resident population, crude",2,Sex and age,3,Female: 75-84 years,3.28,1999,1,75-84 years,1.9,NULL,*
Drug overdose death rates,Drug overdose deaths involving natural and semisynthetic opioids,2,"Deaths per 100,000 resident population, crude",2,Sex and age,3,Female: 75-84 years,3.28,2000,2,75-84 years,1.9,NULL,*
Drug overdose death rates,Drug overdose deaths involving natural and semisynthetic opioids,2,"Deaths per 100,000 resident population, crude",2,Sex and age,3,Female: 75-84 years,3.28,2001,3,75-84 years,1.9,NULL,*
Drug overdose death rates,Drug overdose deaths involving natural and semisynthetic opioids,2,"Deaths per 100,000 resident population, crude",2,Sex and age,3,Female: 75-84 years,3.28,2002,4,75-84 years,1.9,0.3,NULL
Drug overdose death rates,Drug overdose deaths involving natural and semisynthetic opioids,2,"Deaths per 100,000 resident population, crude",2,Sex and age,3,Female: 75-84 years,3.28,2003,5,75-84 years,1.9,0.4,NULL
Drug overdose death rates,Drug overdose deaths involving natural and semisynthetic opioids,2,"Deaths per 100,000 resident population, crude",2,Sex and age,3,Female: 75-84 years,3.28,2004,6,75-84 years,1.9,0.4,NULL
Drug overdose death rates,Drug overdose deaths involving natural and semisynthetic opioids,2,"Deaths per 100,000 resident population, crude",2,Sex and age,3,Female: 75-84 years,3.28,2005,7,75-84 years,1.9,0.5,NULL
Drug overdose death rates,Drug overdose deaths involving natural and semisynthetic opioids,2,"Deaths per 100,000 resident population, crude",2,Sex and age,3,Female: 75-84 years,3.28,2006,8,75-84 years,1.9,0.4,NULL
Drug overdose death rates,Drug overdose deaths involving natural and semisynthetic opioids,2,"Deaths per 100,000 resident population, crude",2,Sex and age,3,Female: 75-84 years,3.28,2007,9,75-84 years,1.9,0.4,NULL
Drug overdose death rates,Drug overdose deaths involving natural and semisynthetic opioids,2,"Deaths per 100,000 resident population, crude",2,Sex and age,3,Female: 75-84 years,3.28,2008,10,75-84 years,1.9,0.6,NULL
Drug overdose death rates,Drug overdose deaths involving natural and semisynthetic opioids,2,"Deaths per 100,000 resident population, crude",2,Sex and age,3,Female: 75-84 years,3.28,2009,11,75-84 years,1.9,0.6,NULL
Drug overdose death rates,Drug overdose deaths involving natural and semisynthetic opioids,2,"Deaths per 100,000 resident population, crude",2,Sex and age,3,Female: 75-84 years,3.28,2010,12,75-84 years,1.9,0.5,NULL
Drug overdose death rates,Drug overdose deaths involving natural and semisynthetic opioids,2,"Deaths per 100,000 resident population, crude",2,Sex and age,3,Female: 75-84 years,3.28,2011,13,75-84 years,1.9,0.5,NULL
Drug overdose death rates,Drug overdose deaths involving natural and semisynthetic opioids,2,"Deaths per 100,000 resident population, crude",2,Sex and age,3,Female: 75-84 years,3.28,2012,14,75-84 years,1.9,0.7,NULL
Drug overdose death rates,Drug overdose deaths involving natural and semisynthetic opioids,2,"Deaths per 100,000 resident population, crude",2,Sex and age,3,Female: 75-84 years,3.28,2013,15,75-84 years,1.9,0.6,NULL
Drug overdose death rates,Drug overdose deaths involving natural and semisynthetic opioids,2,"Deaths per 100,000 resident population, crude",2,Sex and age,3,Female: 75-84 years,3.28,2014,16,75-84 years,1.9,0.8,NULL
Drug overdose death rates,Drug overdose deaths involving natural and semisynthetic opioids,2,"Deaths per 100,000 resident population, crude",2,Sex and age,3,Female: 75-84 years,3.28,2015,17,75-84 years,1.9,0.9,NULL
Drug overdose death rates,Drug overdose deaths involving natural and semisynthetic opioids,2,"Deaths per 100,000 resident population, crude",2,Sex and age,3,Female: 75-84 years,3.28,2016,18,75-84 years,1.9,0.8,NULL
Drug overdose death rates,Drug overdose deaths involving natural and semisynthetic opioids,2,"Deaths per 100,000 resident population, crude",2,Sex and age,3,Female: 75-84 years,3.28,2017,19,75-84 years,1.9,1.1,NULL
Drug overdose death rates,Drug overdose deaths involving natural and semisynthetic opioids,2,"Deaths per 100,000 resident population, crude",2,Sex and age,3,Female: 85 years and over,3.29,1999,1,85 years and over,1.91,NULL,*
Drug overdose death rates,Drug overdose deaths involving natural and semisynthetic opioids,2,"Deaths per 100,000 resident population, crude",2,Sex and age,3,Female: 85 years and over,3.29,2000,2,85 years and over,1.91,NULL,*
Drug overdose death rates,Drug overdose deaths involving natural and semisynthetic opioids,2,"Deaths per 100,000 resident population, crude",2,Sex and age,3,Female: 85 years and over,3.29,2001,3,85 years and over,1.91,NULL,*
Drug overdose death rates,Drug overdose deaths involving natural and semisynthetic opioids,2,"Deaths per 100,000 resident population, crude",2,Sex and age,3,Female: 85 years and over,3.29,2002,4,85 years and over,1.91,NULL,*
Drug overdose death rates,Drug overdose deaths involving natural and semisynthetic opioids,2,"Deaths per 100,000 resident population, crude",2,Sex and age,3,Female: 85 years and over,3.29,2003,5,85 years and over,1.91,NULL,*
Drug overdose death rates,Drug overdose deaths involving natural and semisynthetic opioids,2,"Deaths per 100,000 resident population, crude",2,Sex and age,3,Female: 85 years and over,3.29,2004,6,85 years and over,1.91,NULL,*
Drug overdose death rates,Drug overdose deaths involving natural and semisynthetic opioids,2,"Deaths per 100,000 resident population, crude",2,Sex and age,3,Female: 85 years and over,3.29,2005,7,85 years and over,1.91,NULL,*
Drug overdose death rates,Drug overdose deaths involving natural and semisynthetic opioids,2,"Deaths per 100,000 resident population, crude",2,Sex and age,3,Female: 85 years and over,3.29,2006,8,85 years and over,1.91,0.6,NULL
Drug overdose death rates,Drug overdose deaths involving natural and semisynthetic opioids,2,"Deaths per 100,000 resident population, crude",2,Sex and age,3,Female: 85 years and over,3.29,2007,9,85 years and over,1.91,NULL,*
Drug overdose death rates,Drug overdose deaths involving natural and semisynthetic opioids,2,"Deaths per 100,000 resident population, crude",2,Sex and age,3,Female: 85 years and over,3.29,2008,10,85 years and over,1.91,0.7,NULL
Drug overdose death rates,Drug overdose deaths involving natural and semisynthetic opioids,2,"Deaths per 100,000 resident population, crude",2,Sex and age,3,Female: 85 years and over,3.29,2009,11,85 years and over,1.91,NULL,*
Drug overdose death rates,Drug overdose deaths involving natural and semisynthetic opioids,2,"Deaths per 100,000 resident population, crude",2,Sex and age,3,Female: 85 years and over,3.29,2010,12,85 years and over,1.91,0.8,NULL
Drug overdose death rates,Drug overdose deaths involving natural and semisynthetic opioids,2,"Deaths per 100,000 resident population, crude",2,Sex and age,3,Female: 85 years and over,3.29,2011,13,85 years and over,1.91,0.7,NULL
Drug overdose death rates,Drug overdose deaths involving natural and semisynthetic opioids,2,"Deaths per 100,000 resident population, crude",2,Sex and age,3,Female: 85 years and over,3.29,2012,14,85 years and over,1.91,0.6,NULL
Drug overdose death rates,Drug overdose deaths involving natural and semisynthetic opioids,2,"Deaths per 100,000 resident population, crude",2,Sex and age,3,Female: 85 years and over,3.29,2013,15,85 years and over,1.91,0.7,NULL
Drug overdose death rates,Drug overdose deaths involving natural and semisynthetic opioids,2,"Deaths per 100,000 resident population, crude",2,Sex and age,3,Female: 85 years and over,3.29,2014,16,85 years and over,1.91,0.8,NULL
Drug overdose death rates,Drug overdose deaths involving natural and semisynthetic opioids,2,"Deaths per 100,000 resident population, crude",2,Sex and age,3,Female: 85 years and over,3.29,2015,17,85 years and over,1.91,0.7,NULL
Drug overdose death rates,Drug overdose deaths involving natural and semisynthetic opioids,2,"Deaths per 100,000 resident population, crude",2,Sex and age,3,Female: 85 years and over,3.29,2016,18,85 years and over,1.91,0.5,NULL
Drug overdose death rates,Drug overdose deaths involving natural and semisynthetic opioids,2,"Deaths per 100,000 resident population, crude",2,Sex and age,3,Female: 85 years and over,3.29,2017,19,85 years and over,1.91,0.9,NULL
Drug overdose death rates,Drug overdose deaths involving methadone,3,"Deaths per 100,000 resident population, age-adjusted",1,Total,0,All persons,0.1,1999,1,Allv ages,1.1,0.3,NULL
Drug overdose death rates,Drug overdose deaths involving methadone,3,"Deaths per 100,000 resident population, age-adjusted",1,Total,0,All persons,0.1,2000,2,All ages,1.1,0.4,NULL
Drug overdose death rates,Drug overdose deaths involving methadone,3,"Deaths per 100,000 resident population, age-adjusted",1,Total,0,All persons,0.1,2001,3,All ages,11,0.5,NULL
Drug overdose death rates,Drug overdose deaths involving methadone,3,"Deaths per 100,000 resident population, age-adjusted",1,Total,0,All persons,0.1,2003,5,All ages,1.1,1.0,NULL
Drug overdose death rates,Drug overdose deaths involving methadone,3,"Deaths per 100,000 resident population, age-adjusted",1,Total,0,All persons,0.1,2004,6,All agees,1.1,1.3,NULL
Drug overdose death rates,Drug overdose deaths involving methadone,3,"Deaths per 100,000 resident population, age-adjusted",1,Total,0,All persons,0.1,2005,7,All ges,.1,1.5,NULL
Drug overdose death rates,Drug overdose deaths involving methadone,3,"Deaths per 100,000 resident population, age-adjusted",1,Total,0,All persons,0.1,2006,8,All ages,.11,1.8,NULL
Drug overdose death rates,Drug overdose deaths involving methadone,3,"Deaths per 100,000 resident population, age-adjusted",1,Total,0,All persons,0.1,2007,9,All ages,1.1,1.8,NULL
Drug overdose death rates,Drug overdose deaths involving methadone,3,"Deaths per 100,000 resident population, age-adjusted",1,Total,0,All persons,0.1,2008,10,All ages,.11,1.6,NULL
Drug overdose death rates,Drug overdose deaths involving methadone,3,"Deaths per 100,000 resident population, age-adjusted",1,Total,0,All persons,0.1,2009,11,ll ages,1.1,1.5,NULL
Drug overdose death rates,Drug overdose deaths involving methadone,3,"Deaths per 100,000 resident population, age-adjusted",1,Total,0,All persons,0.1,2010,12,All aegs,1.1,1.5,NULL
Drug overdose death rates,Drug overdose deaths involving methadone,3,"Deaths per 100,000 resident population, age-adjusted",1,Total,0,All persons,0.1,2011,13,All ages,1.1,1.4,NULL
Drug overdose death rates,Drug overdose deaths involving methadone,3,"Deaths per 100,000 resident population, age-adjusted",1,Total,0,All persons,0.1,2012,14,All ages,1.1,1.2,NULL
Drug overdose death rates,Drug overdose deaths involving methadone,3,"Deaths per 100,000 resident population, age-adjusted",1,Total,0,All persons,0.1,2013,15,All ages,1.1,1.1,NULL
Drug overdose death rates,Drug overdose deaths involving methadone,3,"Deaths per 100,000 resident population, age-adjusted",1,Total,0,All persons,0.1,2014,16,Awll ages,1.1,1.1,NULL
Drug overdose death rates,Drug overdose deaths involving methadone,3,"Deaths per 100,000 resident population, age-adjusted",1,Total,0,All persons,0.1,2015,17,All ages,1.1,1.0,NULL
Drug overdose death rates,Drug overdose deaths involving methadone,3,"Deaths per 100,000 resident population, age-adjusted",1,Total,0,All persons,0.1,2016,18,All ages,1.1,1.0,NULL
Drug overdose death rates,Drug overdose deaths involving methadone,3,"Deaths per 100,000 resident population, age-adjusted",1,Total,0,All persons,0.1,2017,19,All ages,1.1,1.0,NULL
Drug overdose death rates,Drug overdose deaths involving methadone,3,"Deaths per 100,000 resident population, age-adjusted",1,Sex,2,Male,2.1,1999,,All ages,1.1,0.4,NULL
Drug overdose death rates,Drug overdose deaths involving methadone,3,"Deaths per 100,000 resident population, age-adjusted",1,Sex,2,Male,2.1,2000,2,All ages,1.1,0.4,NULL
Drug overdose death rates,Drug overdose deaths involving methadone,3,"Deaths per 100,000 resident population, age-adjusted",1,Sex,2,Male,2.1,2001,3,All ages,1.1,0.7,NULL
Drug overdose death rates,Drug overdose deaths involving methadone,3,"Deaths per 100,000 resident population, age-adjusted",1,Sex,2,Male,2.1,2002,4,All ages,1.1,1.0,NULL
Drug overdose death rates,Drug overdose deaths involving methadone,3,"Deaths per 100,000 resident population, age-adjusted",1,Sex,2,Male,2.1,2003,5,All ages,1.1,1.3,NULL
Drug overdose death rates,Drug overdose deaths involving methadone,3,"Deaths per 100,000 resident population, age-adjusted",1,Sex,2,Male,2.1,2004,6,All ages,1.1,1.7,NULL
Drug overdose death rates,Drug overdose deaths involving methadone,3,"Deaths per 100,000 resident population, age-adjusted",1,Sex,2,Male,2.1,2005,7,All ages,1.1,2.0,NULL
Drug overdose death rates,Drug overdose deaths involving methadone,3,"Deaths per 100,000 resident population, age-adjusted",1,Sex,2,Male,2.1,2006,8,All ages,1.1,2.4,NULL
Drug overdose death rates,Drug overdose deaths involving methadone,3,"Deaths per 100,000 resident population, age-adjusted",1,Sex,2,Male,2.1,2007,9,All ages,1.1,2.4,NULL
Drug overdose death rates,Drug overdose deaths involving methadone,3,"Deaths per 100,000 resident population, age-adjusted",1,Sex,2,Male,2.1,2008,10,All ages,1.1,2.1,NULL
Drug overdose death rates,Drug overdose deaths involving methadone,3,"Deaths per 100,000 resident population, age-adjusted",1,Sex,2,Male,2.1,2009,11,All ages,1.1,2.0,NULL
Drug overdose death rates,Drug overdose deaths involving methadone,3,"Deaths per 100,000 resident population, age-adjusted",1,Sex,2,Male,2.1,2010,12,All ages,1.1,1.9,NULL
Drug overdose death rates,Drug overdose deaths involving methadone,3,"Deaths per 100,000 resident population, age-adjusted",1,Sex,2,Male,2.1,2011,13,All ages,1.1,1.8,NULL
Drug overdose death rates,Drug overdose deaths involving methadone,3,"Deaths per 100,000 resident population, age-adjusted",1,Sex,2,Male,2.1,2012,14,All ages,1.1,1.6,NULL
Drug overdose death rates,Drug overdose deaths involving methadone,3,"Deaths per 100,000 resident population, age-adjusted",1,Sex,2,Male,2.1,2013,15,All ages,1.1,1.4,NULL
Drug overdose death rates,Drug overdose deaths involving methadone,3,"Deaths per 100,000 resident population, age-adjusted",1,Sex,2,Male,2.1,2014,16,All ages,1.1,1.3,NULL
Drug overdose death rates,Drug overdose deaths involving methadone,3,"Deaths per 100,000 resident population, age-adjusted",1,Sex,2,Male,2.1,2015,17,All ages,1.1,1.2,NULL
Drug overdose death rates,Drug overdose deaths involving methadone,3,"Deaths per 100,000 resident population, age-adjusted",1,Sex,2,Male,2.1,2016,18,All ages,1.1,1.3,NULL
Drug overdose death rates,Drug overdose deaths involving methadone,3,"Deaths per 100,000 resident population, age-adjusted",1,Sex,2,Male,2.1,2017,19,All ages,1.1,1.1,NULL
Drug overdose death rates,Drug overdose deaths involving methadone,3,"Deaths per 100,000 resident population, age-adjusted",1,Sex,2,Female,2.2,1999,1,All ages,1.1,0.2,NULL
Drug overdose death rates,Drug overdose deaths involving methadone,3,"Deaths per 100,000 resident population, age-adjusted",1,Sex,2,Female,2.2,2000,2,All ages,1.1,0.2,NULL
Drug overdose death rates,Drug overdose deaths involving methadone,3,"Deaths per 100,000 resident population, age-adjusted",1,Sex,2,Female,2.2,2001,3,All ages,1.1,0.3,NULL
Drug overdose death rates,Drug overdose deaths involving methadone,3,"Deaths per 100,000 resident population, age-adjusted",1,Sex,2,Female,2.2,2002,4,All ages,1.1,0.6,NULL
Drug overdose death rates,Drug overdose deaths involving methadone,3,"Deaths per 100,000 resident population, age-adjusted",1,Sex,2,Female,2.2,2003,5,All ages,1.1,0.7,NULL
Drug overdose death rates,Drug overdose deaths involving methadone,3,"Deaths per 100,000 resident population, age-adjusted",1,Sex,2,Female,2.2,2004,6,All ages,1.1,0.9,NULL
Drug overdose death rates,Drug overdose deaths involving methadone,3,"Deaths per 100,000 resident population, age-adjusted",1,Sex,2,Female,2.2,2005,7,All ages,1.1,1.0,NULL
Drug overdose death rates,Drug overdose deaths involving methadone,3,"Deaths per 100,000 resident population, age-adjusted",1,Sex,2,Female,2.2,2006,8,All ages,1.1,1.2,NULL
Drug overdose death rates,Drug overdose deaths involving methadone,3,"Deaths per 100,000 resident population, age-adjusted",1,Sex,2,Female,2.2,2007,9,All ages,1.1,1.3,NULL
Drug overdose death rates,Drug overdose deaths involving methadone,3,"Deaths per 100,000 resident population, age-adjusted",1,Sex,2,Female,2.2,2008,10,All ages,1.1,1.1,NULL
Drug overdose death rates,Drug overdose deaths involving methadone,3,"Deaths per 100,000 resident population, age-adjusted",1,Sex,2,Female,2.2,2009,11,All ages,1.1,1.1,NULL
Drug overdose death rates,Drug overdose deaths involving methadone,3,"Deaths per 100,000 resident population, age-adjusted",1,Sex,2,Female,2.2,2010,12,All ages,1.1,1.1,NULL
Drug overdose death rates,Drug overdose deaths involving methadone,3,"Deaths per 100,000 resident population, age-adjusted",1,Sex,2,Female,2.2,2011,13,All ages,1.1,1.1,NULL
Drug overdose death rates,Drug overdose deaths involving methadone,3,"Deaths per 100,000 resident population, age-adjusted",1,Sex,2,Female,2.2,2012,14,All ages,1.1,0.9,NULL
Drug overdose death rates,Drug overdose deaths involving methadone,3,"Deaths per 100,000 resident population, age-adjusted",1,Sex,2,Female,2.2,2013,15,All ages,1.1,0.9,NULL
Drug overdose death rates,Drug overdose deaths involving methadone,3,"Deaths per 100,000 resident population, age-adjusted",1,Sex,2,Female,2.2,2014,16,All ages,1.1,0.9,NULL
Drug overdose death rates,Drug overdose deaths involving methadone,3,"Deaths per 100,000 resident population, age-adjusted",1,Sex,2,Female,2.2,2015,17,All ages,1.1,0.8,NULL
Drug overdose death rates,Drug overdose deaths involving methadone,3,"Deaths per 100,000 resident population, age-adjusted",1,Sex,2,Female,2.2,2016,18,All ages,1.1,0.8,NULL
Drug overdose death rates,Drug overdose deaths involving methadone,3,"Deaths per 100,000 resident population, age-adjusted",1,Sex,2,Female,2.2,2017,19,All ages,1.1,0.8,NULL
Drug overdose death rates,Drug overdose deaths involving methadone,3,"Deaths per 100,000 resident population, age-adjusted",1,Sex and race,4,Male: White,4.1,1999,1,All ages,1.1,0.4,NULL
Drug overdose death rates,Drug overdose deaths involving methadone,3,"Deaths per 100,000 resident population, age-adjusted",1,Sex and race,4,Male: White,4.1,2000,2,All ages,1.1,0.5,NULL
Drug overdose death rates,Drug overdose deaths involving methadone,3,"Deaths per 100,000 resident population, age-adjusted",1,Sex and race,4,Male: White,4.1,2001,3,All ages,1.1,0.7,NULL
Drug overdose death rates,Drug overdose deaths involving methadone,3,"Deaths per 100,000 resident population, age-adjusted",1,Sex and race,4,Male: White,4.1,2002,4,All ages,1.1,1.2,NULL
Drug overdose death rates,Drug overdose deaths involving methadone,3,"Deaths per 100,000 resident population, age-adjusted",1,Sex and race,4,Male: White,4.1,2003,5,All ages,1.1,1.6,NULL
Drug overdose death rates,Drug overdose deaths involving methadone,3,"Deaths per 100,000 resident population, age-adjusted",1,Sex and race,4,Male: White,4.1,2004,6,All ages,1.1,2.0,NULL
Drug overdose death rates,Drug overdose deaths involving methadone,3,"Deaths per 100,000 resident population, age-adjusted",1,Sex and race,4,Male: White,4.1,2005,7,All ages,1.1,2.3,NULL
Drug overdose death rates,Drug overdose deaths involving methadone,3,"Deaths per 100,000 resident population, age-adjusted",1,Sex and race,4,Male: White,4.1,2006,8,All ages,1.1,2.8,NULL
Drug overdose death rates,Drug overdose deaths involving methadone,3,"Deaths per 100,000 resident population, age-adjusted",1,Sex and race,4,Male: White,4.1,2007,9,All ages,1.1,2.8,NULL
Drug overdose death rates,Drug overdose deaths involving methadone,3,"Deaths per 100,000 resident population, age-adjusted",1,Sex and race,4,Male: White,4.1,2008,10,All ages,1.1,2.5,NULL
Drug overdose death rates,Drug overdose deaths involving methadone,3,"Deaths per 100,000 resident population, age-adjusted",1,Sex and race,4,Male: White,4.1,2009,11,All ages,1.1,2.3,NULL
Drug overdose death rates,Drug overdose deaths involving methadone,3,"Deaths per 100,000 resident population, age-adjusted",1,Sex and race,4,Male: White,4.1,2010,12,All ages,1.1,2.3,NULL
Drug overdose death rates,Drug overdose deaths involving methadone,3,"Deaths per 100,000 resident population, age-adjusted",1,Sex and race,4,Male: White,4.1,2011,13,All ages,1.1,2.1,NULL
Drug overdose death rates,Drug overdose deaths involving methadone,3,"Deaths per 100,000 resident population, age-adjusted",1,Sex and race,4,Male: White,4.1,2012,14,All ages,1.1,1.8,NULL
Drug overdose death rates,Drug overdose deaths involving methadone,3,"Deaths per 100,000 resident population, age-adjusted",1,Sex and race,4,Male: White,4.1,2013,15,All ages,1.1,1.6,NULL
Drug overdose death rates,Drug overdose deaths involving methadone,3,"Deaths per 100,000 resident population, age-adjusted",1,Sex and race,4,Male: White,4.1,2014,16,All ages,1.1,1.5,NULL
Drug overdose death rates,Drug overdose deaths involving methadone,3,"Deaths per 100,000 resident population, age-adjusted",1,Sex and race,4,Male: White,4.1,2015,17,All ages,1.1,1.4,NULL
Drug overdose death rates,Drug overdose deaths involving methadone,3,"Deaths per 100,000 resident population, age-adjusted",1,Sex and race,4,Male: White,4.1,2016,18,All ages,1.1,1.4,NULL
Drug overdose death rates,Drug overdose deaths involving methadone,3,"Deaths per 100,000 resident population, age-adjusted",1,Sex and race,4,Male: White,4.1,2017,19,All ages,1.1,1.3,NULL
Drug overdose death rates,Drug overdose deaths involving methadone,3,"Deaths per 100,000 resident population, age-adjusted",1,Sex and race,4,Male: White,4.1,2018,20,All ages,1.1,1.2,NULL
Drug overdose death rates,Drug overdose deaths involving methadone,3,"Deaths per 100,000 resident population, age-adjusted",1,Sex and race,4,Male: Black or African American,4.2,1999,j1,All ages,1.1,0.2,NULL
Drug overdose death rates,Drug overdose deaths involving methadone,3,"Deaths per 100,000 resident population, age-adjusted",1,Sex and race,4,Male: Black or African American,4.2,2000,2,All ages,1.1,0.3,NULL
Drug overdose death rates,Drug overdose deaths involving methadone,3,"Deaths per 100,000 resident population, age-adjusted",1,Sex and race,4,Male: Black or African American,4.2,2001,3,All ages,1.1,0.4,NULL
Drug overdose death rates,Drug overdose deaths involving methadone,3,"Deaths per 100,000 resident population, age-adjusted",1,Sex and race,4,Male: Black or African American,4.2,2002,4,All ages,1.1,0.5,NULL
Drug overdose death rates,Drug overdose deaths involving methadone,3,"Deaths per 100,000 resident population, age-adjusted",1,Sex and race,4,Male: Black or African American,4.2,2003,5,All ages,1.1,0.5,NULL
Drug overdose death rates,Drug overdose deaths involving methadone,3,"Deaths per 100,000 resident population, age-adjusted",1,Sex and race,4,Male: Black or African American,4.2,2004,6,All ages,1.1,0.6,NULL
Drug overdose death rates,Drug overdose deaths involving methadone,3,"Deaths per 100,000 resident population, age-adjusted",1,Sex and race,4,Male: Black or African American,4.2,2005,7,All ages,1.1,0.9,NULL
Drug overdose death rates,Drug overdose deaths involving methadone,3,"Deaths per 100,000 resident population, age-adjusted",1,Sex and race,4,Male: Black or African American,4.2,2006,8,All ages,1.1,1.0,NULL
Drug overdose death rates,Drug overdose deaths involving methadone,3,"Deaths per 100,000 resident population, age-adjusted",1,Sex and race,4,Male: Black or African American,4.2,2007,9,All ages,1.1,1.0,NULL
Drug overdose death rates,Drug overdose deaths involving methadone,3,"Deaths per 100,000 resident population, age-adjusted",1,Sex and race,4,Male: Black or African American,4.2,2008,10,All ages,1.1,0.8,NULL
Drug overdose death rates,Drug overdose deaths involving methadone,3,"Deaths per 100,000 resident population, age-adjusted",1,Sex and race,4,Male: Black or African American,4.2,2009,11,All ages,1.1,0.8,NULL
Drug overdose death rates,Drug overdose deaths involving methadone,3,"Deaths per 100,000 resident population, age-adjusted",1,Sex and race,4,Male: Black or African American,4.2,2010,12,All ages,1.1,0.7,NULL
Drug overdose death rates,Drug overdose deaths involving methadone,3,"Deaths per 100,000 resident population, age-adjusted",1,Sex and race,4,Male: Black or African American,4.2,2011,13,All ages,1.1,0.7,NULL
Drug overdose death rates,Drug overdose deaths involving methadone,3,"Deaths per 100,000 resident population, age-adjusted",1,Sex and race,4,Male: Black or African American,4.2,2012,14,All ages,1.1,0.7,NULL
Drug overdose death rates,Drug overdose deaths involving methadone,3,"Deaths per 100,000 resident population, age-adjusted",1,Sex and race,4,Male: Black or African American,4.2,2013,15,All ages,1.1,0.7,NULL
Drug overdose death rates,Drug overdose deaths involving methadone,3,"Deaths per 100,000 resident population, age-adjusted",1,Sex and race,4,Male: Black or African American,4.2,2014,16,All ages,1.1,0.6,NULL
Drug overdose death rates,Drug overdose deaths involving methadone,3,"Deaths per 100,000 resident population, age-adjusted",1,Sex and race,4,Male: Black or African American,4.2,2015,17,All ages,1.1,0.7,NULL
Drug overdose death rates,Drug overdose deaths involving methadone,3,"Deaths per 100,000 resident population, age-adjusted",1,Sex and race,4,Male: Black or African American,4.2,2016,18,All ages,1.1,0.8,NULL
Drug overdose death rates,Drug overdose deaths involving methadone,3,"Deaths per 100,000 resident population, age-adjusted",1,Sex and race,4,Male: Black or African American,4.2,2017,19,All ages,1.1,1.0,NULL
Drug overdose death rates,Drug overdose deaths involving methadone,3,"Deaths per 100,000 resident population, age-adjusted",1,Sex and race,4,Male: Black or African American,4.2,2018,20,All ages,1.1,0.9,NULL
Drug overdose death rates,Drug overdose deaths involving methadone,3,"Deaths per 100,000 resident population, age-adjusted",1,Sex and race,4,Male: American Indian or Alaska Native,4.3,199g9,1,All ages,1.1,NULL,*
Drug overdose death rates,Drug overdose deaths involving methadone,3,"Deaths per 100,000 resident population, age-adjusted",1,Sex and race,4,Male: American Indian or Alaska Native,4.3,2000,2,All ages,1.1,NULL,*
Drug overdose death rates,Drug overdose deaths involving methadone,3,"Deaths per 100,000 resident population, age-adjusted",1,Sex and race,4,Male: American Indian or Alaska Native,4.3,2001,3,All ages,1.1,NULL,*
Drug overdose death rates,Drug overdose deaths involving methadone,3,"Deaths per 100,000 resident population, age-adjusted",1,Sex and race,4,Male: American Indian or Alaska Native,4.3,2002,4,All ages,1.1,NULL,*
Drug overdose death rates,Drug overdose deaths involving methadone,3,"Deaths per 100,000 resident population, age-adjusted",1,Sex and race,4,Male: American Indian or Alaska Native,4.3,2003,5,All ages,1.1,NULL,*
Drug overdose death rates,Drug overdose deaths involving methadone,3,"Deaths per 100,000 resident population, age-adjusted",1,Sex and race,4,Male: American Indian or Alaska Native,4.3,2004,6,All ages,1.1,2.0,NULL
Drug overdose death rates,Drug overdose deaths involving methadone,3,"Deaths per 100,000 resident population, age-adjusted",1,Sex and race,4,Male: American Indian or Alaska Native,4.3,2005,7,All ages,1.1,1.8,NULL
Drug overdose death rates,Drug overdose deaths involving methadone,3,"Deaths per 100,000 resident population, age-adjusted",1,Sex and race,4,Male: American Indian or Alaska Native,4.3,2006,8,All ages,1.1,2.1,NULL
Drug overdose death rates,Drug overdose deaths involving methadone,3,"Deaths per 100,000 resident population, age-adjusted",1,Sex and race,4,Male: American Indian or Alaska Native,4.3,2007,9,All ages,1.1,1.6,NULL
Drug overdose death rates,Drug overdose deaths involving methadone,3,"Deaths per 100,000 resident population, age-adjusted",1,Sex and race,4,Male: American Indian or Alaska Native,4.3,2008,10,All ages,1.1,2.3,NULL
Drug overdose death rates,Drug overdose deaths involving methadone,3,"Deaths per 100,000 resident population, age-adjusted",1,Sex and race,4,Male: American Indian or Alaska Native,4.3,2009,11,All ages,1.1,2.6,NULL
Drug overdose death rates,Drug overdose deaths involving methadone,3,"Deaths per 100,000 resident population, age-adjusted",1,Sex and race,4,Male: American Indian or Alaska Native,4.3,2010,12,All ages,1.1,1.6,NULL
Drug overdose death rates,Drug overdose deaths involving methadone,3,"Deaths per 100,000 resident population, age-adjusted",1,Sex and race,4,Male: American Indian or Alaska Native,4.3,2011,13,All ages,1.1,1.9,NULL
Drug overdose death rates,Drug overdose deaths involving methadone,3,"Deaths per 100,000 resident population, age-adjusted",1,Sex and race,4,Male: American Indian or Alaska Native,4.3,2012,14,All ages,1.1,1.4,NULL
Drug overdose death rates,Drug overdose deaths involving methadone,3,"Deaths per 100,000 resident population, age-adjusted",1,Sex and race,4,Male: American Indian or Alaska Native,4.3,2013,15,All ages,1.1,1.0,NULL
Drug overdose death rates,Drug overdose deaths involving methadone,3,"Deaths per 100,000 resident population, age-adjusted",1,Sex and race,4,Male: American Indian or Alaska Native,4.3,2014,16,All ages,1.1,1.2,NULL
Drug overdose death rates,Drug overdose deaths involving methadone,3,"Deaths per 100,000 resident population, age-adjusted",1,Sex and race,4,Male: American Indian or Alaska Native,4.3,2015,17,All ages,1.1,1.1,NULL
Drug overdose death rates,Drug overdose deaths involving methadone,3,"Deaths per 100,000 resident population, age-adjusted",1,Sex and race,4,Male: American Indian or Alaska Native,4.3,2016,18,All ages,1.1,1.0,NULL
Drug overdose death rates,Drug overdose deaths involving methadone,3,"Deaths per 100,000 resident population, age-adjusted",1,Sex and race,4,Male: American Indian or Alaska Native,4.3,2017,19,All ages,1.1,1.2,NULL
Drug overdose death rates,Drug overdose deaths involving methadone,3,"Deaths per 100,000 resident population, age-adjusted",1,Sex and race,4,Male: American Indian or Alaska Native,4.3,2018,20,All ages,1.1,NULL,*
Drug overdose death rates,Drug overdose deaths involving methadone,3,"Deaths per 100,000 resident population, age-adjusted",1,Sex and race,4,Male: Asian or Pacific Islander,4.4,1999,1,All ages,1.1,NULL,*
Drug overdose death rates,Drug overdose deaths involving methadone,3,"Deaths per 100,000 resident population, age-adjusted",1,Sex and race,4,Male: Asian or Pacific Islander,4.4,2000,2,All ages,1.1,NULL,*
Drug overdose death rates,Drug overdose deaths involving methadone,3,"Deaths per 100,000 resident population, age-adjusted",1,Sex and race,4,Male: Asian or Pacific Islander,4.4,2001,3,All ages,1.1,NULL,*
Drug overdose death rates,Drug overdose deaths involving methadone,3,"Deaths per 100,000 resident population, age-adjusted",1,Sex and race,4,Male: Asian or Pacific Islander,4.4,2002,4,All ages,1.1,NULL,*
Drug overdose death rates,Drug overdose deaths involving methadone,3,"Deaths per 100,000 resident population, age-adjusted",1,Sex and race,4,Male: Asian or Pacific Islander,4.4,2003,5,All ages,1.1,NULL,*
Drug overdose death rates,Drug overdose deaths involving methadone,3,"Deaths per 100,000 resident population, age-adjusted",1,Sex and race,4,Male: Asian or Pacific Islander,4.4,2004,6,All ages,1.1,NULL,*
Drug overdose death rates,Drug overdose deaths involving methadone,3,"Deaths per 100,000 resident population, age-adjusted",1,Sex and race,4,Male: Asian or Pacific Islander,4.4,2005,7,All ages,1.1,NULL,*
Drug overdose death rates,Drug overdose deaths involving methadone,3,"Deaths per 100,000 resident population, age-adjusted",1,Sex and race,4,Male: Asian or Pacific Islander,4.4,2006,8,All ages,1.1,NULL,*
Drug overdose death rates,Drug overdose deaths involving methadone,3,"Deaths per 100,000 resident population, age-adjusted",1,Sex and race,4,Male: Asian or Pacific Islander,4.4,2007,9,All ages,1.1,NULL,*
Drug overdose death rates,Drug overdose deaths involving methadone,3,"Deaths per 100,000 resident population, age-adjusted",1,Sex and race,4,Male: Asian or Pacific Islander,4.4,2008,10,All ages,1.1,NULL,*
Drug overdose death rates,Drug overdose deaths involving methadone,3,"Deaths per 100,000 resident population, age-adjusted",1,Sex and race,4,Male: Asian or Pacific Islander,4.4,2009,11,All ages,1.1,NULL,*
Drug overdose death rates,Drug overdose deaths involving methadone,3,"Deaths per 100,000 resident population, age-adjusted",1,Sex and race,4,Male: Asian or Pacific Islander,4.4,2010,12,All ages,1.1,NULL,*
Drug overdose death rates,Drug overdose deaths involving methadone,3,"Deaths per 100,000 resident population, age-adjusted",1,Sex and race,4,Male: Asian or Pacific Islander,4.4,2011,13,All ages,1.1,0.2,NULL
Drug overdose death rates,Drug overdose deaths involving methadone,3,"Deaths per 100,000 resident population, age-adjusted",1,Sex and race,4,Male: Asian or Pacific Islander,4.4,2012,14,All ages,1.1,0.2,NULL
Drug overdose death rates,Drug overdose deaths involving methadone,3,"Deaths per 100,000 resident population, age-adjusted",1,Sex and race,4,Male: Asian or Pacific Islander,4.4,2013,15,All ages,1.1,NULL,*
Drug overdose death rates,Drug overdose deaths involving methadone,3,"Deaths per 100,000 resident population, age-adjusted",1,Sex and race,4,Male: Asian or Pacific Islander,4.4,2014,16,All ages,1.1,NULL,*
Drug overdose death rates,Drug overdose deaths involving methadone,3,"Deaths per 100,000 resident population, age-adjusted",1,Sex and race,4,Male: Asian or Pacific Islander,4.4,2015,17,All ages,1.1,NULL,*
Drug overdose death rates,Drug overdose deaths involving methadone,3,"Deaths per 100,000 resident population, age-adjusted",1,Sex and race,4,Male: Asian or Pacific Islander,4.4,2016,18,All ages,1.1,NULL,*
Drug overdose death rates,Drug overdose deaths involving methadone,3,"Deaths per 100,000 resident population, age-adjusted",1,Sex and race,4,Male: Asian or Pacific Islander,4.4,2017,19,All ages,1.1,NULL,*
Drug overdose death rates,Drug overdose deaths involving methadone,3,"Deaths per 100,000 resident population, age-adjusted",1,Sex and race,4,Male: Asian or Pacific Islander,4.4,2018,20,All ages,1.1,NULL,*
Drug overdose death rates,Drug overdose deaths involving methadone,3,"Deaths per 100,000 resident population, age-adjusted",1,Sex and race,4,Female: White,4.5,1999,a1,All ages,1.1,0.2,NULL
Drug overdose death rates,Drug overdose deaths involving methadone,3,"Deaths per 100,000 resident population, age-adjusted",1,Sex and race,4,Female: White,4.5,2000,2,All ages,1.1,0.3,NULL
Drug overdose death rates,Drug overdose deaths involving methadone,3,"Deaths per 100,000 resident population, age-adjusted",1,Sex and race,4,Female: White,4.5,2001,3,All ages,1.1,0.4,NULL
Drug overdose death rates,Drug overdose deaths involving methadone,3,"Deaths per 100,000 resident population, age-adjusted",1,Sex and race,4,Female: White,4.5,2002,4,All ages,1.1,0.7,NULL
Drug overdose death rates,Drug overdose deaths involving methadone,3,"Deaths per 100,000 resident population, age-adjusted",1,Sex and race,4,Female: White,4.5,2003,5,All ages,1.1,0.8,NULL
Drug overdose death rates,Drug overdose deaths involving methadone,3,"Deaths per 100,000 resident population, age-adjusted",1,Sex and race,4,Female: White,4.5,2004,6,All ages,1.1,1.0,NULL
Drug overdose death rates,Drug overdose deaths involving methadone,3,"Deaths per 100,000 resident population, age-adjusted",1,Sex and race,4,Female: White,4.5,2005,7,All ages,1.1,1.2,NULL
Drug overdose death rates,Drug overdose deaths involving methadone,3,"Deaths per 100,000 resident population, age-adjusted",1,Sex and race,4,Female: White,4.5,2006,8,All ages,1.1,1.3,NULL
Drug overdose death rates,Drug overdose deaths involving methadone,3,"Deaths per 100,000 resident population, age-adjusted",1,Sex and race,4,Female: White,4.5,2007,9,All ages,1.1,1.4,NULL
Drug overdose death rates,Drug overdose deaths involving methadone,3,"Deaths per 100,000 resident population, age-adjusted",1,Sex and race,4,Female: White,4.5,2008,10,All ages,1.1,1.3,NULL
Drug overdose death rates,Drug overdose deaths involving methadone,3,"Deaths per 100,000 resident population, age-adjusted",1,Sex and race,4,Female: White,4.5,2009,11,All ages,1.1,1.2,NULL
Drug overdose death rates,Drug overdose deaths involving methadone,3,"Deaths per 100,000 resident population, age-adjusted",1,Sex and race,4,Female: White,4.5,2010,12,All ages,1.1,1.2,NULL
Drug overdose death rates,Drug overdose deaths involving methadone,3,"Deaths per 100,000 resident population, age-adjusted",1,Sex and race,4,Female: White,4.5,2011,13,All ages,1.1,1.2,NULL
Drug overdose death rates,Drug overdose deaths involving methadone,3,"Deaths per 100,000 resident population, age-adjusted",1,Sex and race,4,Female: White,4.5,2012,14,All ages,1.1,1.1,NULL
Drug overdose death rates,Drug overdose deaths involving methadone,3,"Deaths per 100,000 resident population, age-adjusted",1,Sex and race,4,Female: White,4.5,2013,15,All ages,1.1,1.1,NULL
Drug overdose death rates,Drug overdose deaths involving methadone,3,"Deaths per 100,000 resident population, age-adjusted",1,Sex and race,4,Female: White,4.5,2014,16,All ages,1.1,1.0,NULL
Drug overdose death rates,Drug overdose deaths involving methadone,3,"Deaths per 100,000 resident population, age-adjusted",1,Sex and race,4,Female: White,4.5,2015,17,All ages,1.1,1.0,NULL
Drug overdose death rates,Drug overdose deaths involving methadone,3,"Deaths per 100,000 resident population, age-adjusted",1,Sex and race,4,Female: White,4.5,2016,18,All ages,1.1,0.9,NULL
Drug overdose death rates,Drug overdose deaths involving methadone,3,"Deaths per 100,000 resident population, age-adjusted",1,Sex and race,4,Female: White,4.5,2017,19,All ages,1.1,0.9,NULL
Drug overdose death rates,Drug overdose deaths involving methadone,3,"Deaths per 100,000 resident population, age-adjusted",1,Sex and race,4,Female: White,4.5,2018,20,All ages,1.1,0.9,NULL
Drug overdose death rates,Drug overdose deaths involving methadone,3,"Deaths per 100,000 resident population, age-adjusted",1,Sex and race,4,Female: Black or African American,4.6,1999,1,All ages,1.1,0.2,NULL
Drug overdose death rates,Drug overdose deaths involving methadone,3,"Deaths per 100,000 resident population, age-adjusted",1,Sex and race,4,Female: Black or African American,4.6,2000,2,All ages,1.1,0.2,NULL
Drug overdose death rates,Drug overdose deaths involving methadone,3,"Deaths per 100,000 resident population, age-adjusted",1,Sex and race,4,Female: Black or African American,4.6,2001,3,All ages,1.1,0.2,NULL
Drug overdose death rates,Drug overdose deaths involving methadone,3,"Deaths per 100,000 resident population, age-adjusted",1,Sex and race,4,Female: Black or African American,4.6,2002,4,All ages,1.1,0.3,NULL
Drug overdose death rates,Drug overdose deaths involving methadone,3,"Deaths per 100,000 resident population, age-adjusted",1,Sex and race,4,Female: Black or African American,4.6,2003,5,All ages,1.1,0.3,NULL
Drug overdose death rates,Drug overdose deaths involving methadone,3,"Deaths per 100,000 resident population, age-adjusted",1,Sex and race,4,Female: Black or African American,4.6,2004,6,All ages,1.1,0.5,NULL
Drug overdose death rates,Drug overdose deaths involving methadone,3,"Deaths per 100,000 resident population, age-adjusted",1,Sex and race,4,Female: Black or African American,4.6,2005,7,All ages,1.1,0.5,NULL
Drug overdose death rates,Drug overdose deaths involving methadone,3,"Deaths per 100,000 resident population, age-adjusted",1,Sex and race,4,Female: Black or African American,4.6,2006,8,All ages,1.1,0.7,NULL
Drug overdose death rates,Drug overdose deaths involving methadone,3,"Deaths per 100,000 resident population, age-adjusted",1,Sex and race,4,Female: Black or African American,4.6,2007,9,All ages,1.1,0.7,NULL
Drug overdose death rates,Drug overdose deaths involving methadone,3,"Deaths per 100,000 resident population, age-adjusted",1,Sex and race,4,Female: Black or African American,4.6,2008,10,All ages,1.1,0.5,NULL
Drug overdose death rates,Drug overdose deaths involving methadone,3,"Deaths per 100,000 resident population, age-adjusted",1,Sex and race,4,Female: Black or African American,4.6,2009,11,All ages,1.1,0.5,NULL
Drug overdose death rates,Drug overdose deaths involving methadone,3,"Deaths per 100,000 resident population, age-adjusted",1,Sex and race,4,Female: Black or African American,4.6,2010,12,All ages,1.1,0.5,NULL
Drug overdose death rates,Drug overdose deaths involving methadone,3,"Deaths per 100,000 resident population, age-adjusted",1,Sex and race,4,Female: Black or African American,4.6,2011,13,All ages,1.1,0.6,NULL
Drug overdose death rates,Drug overdose deaths involving methadone,3,"Deaths per 100,000 resident population, age-adjusted",1,Sex and race,4,Female: Black or African American,4.6,2012,14,All ages,1.1,0.4,NULL
Drug overdose death rates,Drug overdose deaths involving methadone,3,"Deaths per 100,000 resident population, age-adjusted",1,Sex and race,4,Female: Black or African American,4.6,2013,15,All ages,1.1,0.5,NULL
Drug overdose death rates,Drug overdose deaths involving methadone,3,"Deaths per 100,000 resident population, age-adjusted",1,Sex and race,4,Female: Black or African American,4.6,2014,16,All ages,1.1,0.6,NULL
Drug overdose death rates,Drug overdose deaths involving methadone,3,"Deaths per 100,000 resident population, age-adjusted",1,Sex and race,4,Female: Black or African American,4.6,2015,17,All ages,1.1,0.5,NULL
Drug overdose death rates,Drug overdose deaths involving methadone,3,"Deaths per 100,000 resident population, age-adjusted",1,Sex and race,4,Female: Black or African American,4.6,2016,18,All ages,1.1,0.6,NULL
Drug overdose death rates,Drug overdose deaths involving methadone,3,"Deaths per 100,000 resident population, age-adjusted",1,Sex and race,4,Female: Black or African American,4.6,2017,19,All ages,1.1,0.6,NULL
Drug overdose death rates,Drug overdose deaths involving methadone,3,"Deaths per 100,000 resident population, age-adjusted",1,Sex and race,4,Female: Black or African American,4.6,2018,20,All ages,1.1,0.5,NULL
Drug overdose death rates,Drug overdose deaths involving methadone,3,"Deaths per 100,000 resident population, age-adjusted",1,Sex and race,4,Female: American Indian or Alaska Native,4.7,1999,1,All ages,1.1,NULL,*
Drug overdose death rates,Drug overdose deaths involving methadone,3,"Deaths per 100,000 resident population, age-adjusted",1,Sex and race,4,Female: American Indian or Alaska Native,4.7,2000,2,All ages,1.1,NULL,*
Drug overdose death rates,Drug overdose deaths involving methadone,3,"Deaths per 100,000 resident population, age-adjusted",1,Sex and race,4,Female: American Indian or Alaska Native,4.7,2001,3,All ages,1.1,NULL,*
Drug overdose death rates,Drug overdose deaths involving methadone,3,"Deaths per 100,000 resident population, age-adjusted",1,Sex and race,4,Female: American Indian or Alaska Native,4.7,2002,4,All ages,1.1,NULL,*
Drug overdose death rates,Drug overdose deaths involving methadone,3,"Deaths per 100,000 resident population, age-adjusted",1,Sex and race,4,Female: American Indian or Alaska Native,4.7,2003,5,All ages,1.1,NULL,*
Drug overdose death rates,Drug overdose deaths involving methadone,3,"Deaths per 100,000 resident population, age-adjusted",1,Sex and race,4,Female: American Indian or Alaska Native,4.7,2004,6,All ages,1.1,NULL,*
Drug overdose death rates,Drug overdose deaths involving methadone,3,"Deaths per 100,000 resident population, age-adjusted",1,Sex and race,4,Female: American Indian or Alaska Native,4.7,2005,7,All ages,1.1,1.4,NULL
Drug overdose death rates,Drug overdose deaths involving methadone,3,"Deaths per 100,000 resident population, age-adjusted",1,Sex and race,4,Female: American Indian or Alaska Native,4.7,2006,8,All ages,1.1,1.4,NULL
Drug overdose death rates,Drug overdose deaths involving methadone,3,"Deaths per 100,000 resident population, age-adjusted",1,Sex and race,4,Female: American Indian or Alaska Native,4.7,2007,9,All ages,1.1,1.5,NULL
Drug overdose death rates,Drug overdose deaths involving methadone,3,"Deaths per 100,000 resident population, age-adjusted",1,Sex and race,4,Female: American Indian or Alaska Native,4.7,2008,10,All ages,1.1,1.7,NULL
Drug overdose death rates,Drug overdose deaths involving methadone,3,"Deaths per 100,000 resident population, age-adjusted",1,Sex and race,4,Female: American Indian or Alaska Native,4.7,2009,11,All ages,1.1,1.2,NULL
Drug overdose death rates,Drug overdose deaths involving methadone,3,"Deaths per 100,000 resident population, age-adjusted",1,Sex and race,4,Female: American Indian or Alaska Native,4.7,2010,12,All ages,1.1,1.9,NULL
Drug overdose death rates,Drug overdose deaths involving methadone,3,"Deaths per 100,000 resident population, age-adjusted",1,Sex and race,4,Female: American Indian or Alaska Native,4.7,2011,13,All ages,1.1,1.3,NULL
Drug overdose death rates,Drug overdose deaths involving methadone,3,"Deaths per 100,000 resident population, age-adjusted",1,Sex and race,4,Female: American Indian or Alaska Native,4.7,2012,14,All ages,1.1,1.5,NULL
Drug overdose death rates,Drug overdose deaths involving methadone,3,"Deaths per 100,000 resident population, age-adjusted",1,Sex and race,4,Female: American Indian or Alaska Native,4.7,2013,15,All ages,1.1,1.3,NULL
Drug overdose death rates,Drug overdose deaths involving methadone,3,"Deaths per 100,000 resident population, age-adjusted",1,Sex and race,4,Female: American Indian or Alaska Native,4.7,2014,16,All ages,1.1,NULL,*
Drug overdose death rates,Drug overdose deaths involving methadone,3,"Deaths per 100,000 resident population, age-adjusted",1,Sex and race,4,Female: American Indian or Alaska Native,4.7,2015,17,All ages,1.1,NULL,*
Drug overdose death rates,Drug overdose deaths involving methadone,3,"Deaths per 100,000 resident population, age-adjusted",1,Sex and race,4,Female: American Indian or Alaska Native,4.7,2016,18,All ages,1.1,NULL,*
Drug overdose death rates,Drug overdose deaths involving methadone,3,"Deaths per 100,000 resident population, age-adjusted",1,Sex and race,4,Female: American Indian or Alaska Native,4.7,2017,19,All ages,1.1,0.9,NULL
Drug overdose death rates,Drug overdose deaths involving methadone,3,"Deaths per 100,000 resident population, age-adjusted",1,Sex and race,4,Female: American Indian or Alaska Native,4.7,2018,20,All ages,1.1,NULL,*
Drug overdose death rates,Drug overdose deaths involving methadone,3,"Deaths per 100,000 resident population, age-adjusted",1,Sex and race,4,Female: Asian or Pacific Islander,4.8,1999,1,All ages,1.1,NULL,*
Drug overdose death rates,Drug overdose deaths involving methadone,3,"Deaths per 100,000 resident population, age-adjusted",1,Sex and race,4,Female: Asian or Pacific Islander,4.8,2000,2,All ages,1.1,NULL,*
Drug overdose death rates,Drug overdose deaths involving methadone,3,"Deaths per 100,000 resident population, age-adjusted",1,Sex and race,4,Female: Asian or Pacific Islander,4.8,2001,3,All ages,1.1,NULL,*
Drug overdose death rates,Drug overdose deaths involving methadone,3,"Deaths per 100,000 resident population, age-adjusted",1,Sex and race,4,Female: Asian or Pacific Islander,4.8,2002,4,All ages,1.1,NULL,*
Drug overdose death rates,Drug overdose deaths involving methadone,3,"Deaths per 100,000 resident population, age-adjusted",1,Sex and race,4,Female: Asian or Pacific Islander,4.8,2003,5,All ages,1.1,NULL,*
Drug overdose death rates,Drug overdose deaths involving methadone,3,"Deaths per 100,000 resident population, age-adjusted",1,Sex and race,4,Female: Asian or Pacific Islander,4.8,2004,6,All ages,1.1,NULL,*
Drug overdose death rates,Drug overdose deaths involving methadone,3,"Deaths per 100,000 resident population, age-adjusted",1,Sex and race,4,Female: Asian or Pacific Islander,4.8,2005,7,All ages,1.1,NULL,*
Drug overdose death rates,Drug overdose deaths involving methadone,3,"Deaths per 100,000 resident population, age-adjusted",1,Sex and race,4,Female: Asian or Pacific Islander,4.8,2006,8,All ages,1.1,NULL,*
Drug overdose death rates,Drug overdose deaths involving methadone,3,"Deaths per 100,000 resident population, age-adjusted",1,Sex and race,4,Female: Asian or Pacific Islander,4.8,2007,9,All ages,1.1,NULL,*
Drug overdose death rates,Drug overdose deaths involving methadone,3,"Deaths per 100,000 resident population, age-adjusted",1,Sex and race,4,Female: Asian or Pacific Islander,4.8,2008,10,All ages,1.1,NULL,*
Drug overdose death rates,Drug overdose deaths involving methadone,3,"Deaths per 100,000 resident population, age-adjusted",1,Sex and race,4,Female: Asian or Pacific Islander,4.8,2009,11,All ages,1.1,NULL,*
Drug overdose death rates,Drug overdose deaths involving methadone,3,"Deaths per 100,000 resident population, age-adjusted",1,Sex and race,4,Female: Asian or Pacific Islander,4.8,2010,12,All ages,1.1,NULL,*
Drug overdose death rates,Drug overdose deaths involving methadone,3,"Deaths per 100,000 resident population, age-adjusted",1,Sex and race,4,Female: Asian or Pacific Islander,4.8,2011,13,All ages,1.1,NULL,*
Drug overdose death rates,Drug overdose deaths involving methadone,3,"Deaths per 100,000 resident population, age-adjusted",1,Sex and race,4,Female: Asian or Pacific Islander,4.8,2012,14,All ages,1.1,NULL,*
Drug overdose death rates,Drug overdose deaths involving methadone,3,"Deaths per 100,000 resident population, age-adjusted",1,Sex and race,4,Female: Asian or Pacific Islander,4.8,2013,15,All ages,1.1,NULL,*
Drug overdose death rates,Drug overdose deaths involving methadone,3,"Deaths per 100,000 resident population, age-adjusted",1,Sex and race,4,Female: Asian or Pacific Islander,4.8,2014,16,All ages,1.1,NULL,*
Drug overdose death rates,Drug overdose deaths involving methadone,3,"Deaths per 100,000 resident population, age-adjusted",1,Sex and race,4,Female: Asian or Pacific Islander,4.8,2015,17,All ages,1.1,NULL,*
Drug overdose death rates,Drug overdose deaths involving methadone,3,"Deaths per 100,000 resident population, age-adjusted",1,Sex and race,4,Female: Asian or Pacific Islander,4.8,2016,18,All ages,1.1,NULL,*
Drug overdose death rates,Drug overdose deaths involving methadone,3,"Deaths per 100,000 resident population, age-adjusted",1,Sex and race,4,Female: Asian or Pacific Islander,4.8,2017,19,All ages,1.1,NULL,*
Drug overdose death rates,Drug overdose deaths involving methadone,3,"Deaths per 100,000 resident population, age-adjusted",1,Sex and race,4,Female: Asian or Pacific Islander,4.8,2018,20,All ages,1.1,NULL,*
Drug overdose death rates,Drug overdose deaths involving methadone,3,"Deaths per 100,000 resident population, age-adjusted",1,Sex and race and Hispanic origin,5,Male: Hispanic or Latino: All races,5.1,1999,a1,All ages,1.1,0.4,NULL
Drug overdose death rates,Drug overdose deaths involving methadone,3,"Deaths per 100,000 resident population, age-adjusted",1,Sex and race and Hispanic origin,5,Male: Hispanic or Latino: All races,5.1,2000,2,All ages,1.1,0.2,NULL
Drug overdose death rates,Drug overdose deaths involving methadone,3,"Deaths per 100,000 resident population, age-adjusted",1,Sex and race and Hispanic origin,5,Male: Hispanic or Latino: All races,5.1,2001,3,All ages,1.1,0.4,NULL
Drug overdose death rates,Drug overdose deaths involving methadone,3,"Deaths per 100,000 resident population, age-adjusted",1,Sex and race and Hispanic origin,5,Male: Hispanic or Latino: All races,5.1,2002,4,All ages,1.1,0.4,NULL
Drug overdose death rates,Drug overdose deaths involving methadone,3,"Deaths per 100,000 resident population, age-adjusted",1,Sex and race and Hispanic origin,5,Male: Hispanic or Latino: All races,5.1,2003,5,All ages,1.1,0.6,NULL
Drug overdose death rates,Drug overdose deaths involving methadone,3,"Deaths per 100,000 resident population, age-adjusted",1,Sex and race and Hispanic origin,5,Male: Hispanic or Latino: All races,5.1,2004,6,All ages,1.1,0.6,NULL
Drug overdose death rates,Drug overdose deaths involving methadone,3,"Deaths per 100,000 resident population, age-adjusted",1,Sex and race and Hispanic origin,5,Male: Hispanic or Latino: All races,5.1,2005,7,All ages,1.1,0.7,NULL
Drug overdose death rates,Drug overdose deaths involving methadone,3,"Deaths per 100,000 resident population, age-adjusted",1,Sex and race and Hispanic origin,5,Male: Hispanic or Latino: All races,5.1,2006,8,All ages,1.1,0.8,NULL
Drug overdose death rates,Drug overdose deaths involving methadone,3,"Deaths per 100,000 resident population, age-adjusted",1,Sex and race and Hispanic origin,5,Male: Hispanic or Latino: All races,5.1,2007,9,All ages,1.1,0.9,NULL
Drug overdose death rates,Drug overdose deaths involving methadone,3,"Deaths per 100,000 resident population, age-adjusted",1,Sex and race and Hispanic origin,5,Male: Hispanic or Latino: All races,5.1,2008,10,All ages,1.1,0.8,NULL
Drug overdose death rates,Drug overdose deaths involving methadone,3,"Deaths per 100,000 resident population, age-adjusted",1,Sex and race and Hispanic origin,5,Male: Hispanic or Latino: All races,5.1,2009,11,All ages,1.1,0.7,NULL
Drug overdose death rates,Drug overdose deaths involving methadone,3,"Deaths per 100,000 resident population, age-adjusted",1,Sex and race and Hispanic origin,5,Male: Hispanic or Latino: All races,5.1,2010,12,All ages,1.1,0.8,NULL
Drug overdose death rates,Drug overdose deaths involving methadone,3,"Deaths per 100,000 resident population, age-adjusted",1,Sex and race and Hispanic origin,5,Male: Hispanic or Latino: All races,5.1,2011,13,All ages,1.1,0.6,NULL
Drug overdose death rates,Drug overdose deaths involving methadone,3,"Deaths per 100,000 resident population, age-adjusted",1,Sex and race and Hispanic origin,5,Male: Hispanic or Latino: All races,5.1,2012,14,All ages,1.1,0.7,NULL
Drug overdose death rates,Drug overdose deaths involving methadone,3,"Deaths per 100,000 resident population, age-adjusted",1,Sex and race and Hispanic origin,5,Male: Hispanic or Latino: All races,5.1,2013,15,All ages,1.1,0.6,NULL
Drug overdose death rates,Drug overdose deaths involving methadone,3,"Deaths per 100,000 resident population, age-adjusted",1,Sex and race and Hispanic origin,5,Male: Hispanic or Latino: All races,5.1,2014,16,All ages,1.1,0.6,NULL
Drug overdose death rates,Drug overdose deaths involving methadone,3,"Deaths per 100,000 resident population, age-adjusted",1,Sex and race and Hispanic origin,5,Male: Hispanic or Latino: All races,5.1,2015,17,All ages,1.1,0.6,NULL
Drug overdose death rates,Drug overdose deaths involving methadone,3,"Deaths per 100,000 resident population, age-adjusted",1,Sex and race and Hispanic origin,5,Male: Hispanic or Latino: All races,5.1,2016,18,All ages,1.1,0.7,NULL
Drug overdose death rates,Drug overdose deaths involving methadone,3,"Deaths per 100,000 resident population, age-adjusted",1,Sex and race and Hispanic origin,5,Male: Hispanic or Latino: All races,5.1,2017,19,All ages,1.1,0.7,NULL
Drug overdose death rates,Drug overdose deaths involving methadone,3,"Deaths per 100,000 resident population, age-adjusted",1,Sex and race and Hispanic origin,5,Male: Hispanic or Latino: All races,5.1,2018,20,All ages,1.1,0.6,NULL
Drug overdose death rates,Drug overdose deaths involving methadone,3,"Deaths per 100,000 resident population, age-adjusted",1,Sex and race and Hispanic origin,5,Male: Not Hispanic or Latino: White,5.2,1999,1,All ages,1.1,0.4,NULL
Drug overdose death rates,Drug overdose deaths involving methadone,3,"Deaths per 100,000 resident population, age-adjusted",1,Sex and race and Hispanic origin,5,Male: Not Hispanic or Latino: White,5.2,2000,2,All ages,1.1,0.5,NULL
Drug overdose death rates,Drug overdose deaths involving methadone,3,"Deaths per 100,000 resident population, age-adjusted",1,Sex and race and Hispanic origin,5,Male: Not Hispanic or Latino: White,5.2,2001,3,All ages,1.1,0.8,NULL
Drug overdose death rates,Drug overdose deaths involving methadone,3,"Deaths per 100,000 resident population, age-adjusted",1,Sex and race and Hispanic origin,5,Male: Not Hispanic or Latino: White,5.2,2002,4,All ages,1.1,1.4,NULL
Drug overdose death rates,Drug overdose deaths involving methadone,3,"Deaths per 100,000 resident population, age-adjusted",1,Sex and race and Hispanic origin,5,Male: Not Hispanic or Latino: White,5.2,2003,5,All ages,1.1,1.7,NULL
Drug overdose death rates,Drug overdose deaths involving methadone,3,"Deaths per 100,000 resident population, age-adjusted",1,Sex and race and Hispanic origin,5,Male: Not Hispanic or Latino: White,5.2,2004,6,All ages,1.1,2.3,NULL
Drug overdose death rates,Drug overdose deaths involving methadone,3,"Deaths per 100,000 resident population, age-adjusted",1,Sex and race and Hispanic origin,5,Male: Not Hispanic or Latino: White,5.2,2005,7,All ages,1.1,2.6,NULL
Drug overdose death rates,Drug overdose deaths involving methadone,3,"Deaths per 100,000 resident population, age-adjusted",1,Sex and race and Hispanic origin,5,Male: Not Hispanic or Latino: White,5.2,2006,8,All ages,1.1,3.3,NULL
Drug overdose death rates,Drug overdose deaths involving methadone,3,"Deaths per 100,000 resident population, age-adjusted",1,Sex and race and Hispanic origin,5,Male: Not Hispanic or Latino: White,5.2,2007,9,All ages,1.1,3.3,NULL
Drug overdose death rates,Drug overdose deaths involving methadone,3,"Deaths per 100,000 resident population, age-adjusted",1,Sex and race and Hispanic origin,5,Male: Not Hispanic or Latino: White,5.2,2008,10,All ages,1.1,2.9,NULL
Drug overdose death rates,Drug overdose deaths involving methadone,3,"Deaths per 100,000 resident population, age-adjusted",1,Sex and race and Hispanic origin,5,Male: Not Hispanic or Latino: White,5.2,2009,11,All ages,1.1,2.7,NULL
Drug overdose death rates,Drug overdose deaths involving methadone,3,"Deaths per 100,000 resident population, age-adjusted",1,Sex and race and Hispanic origin,5,Male: Not Hispanic or Latino: White,5.2,2010,12,All ages,1.1,2.6,NULL
Drug overdose death rates,Drug overdose deaths involving methadone,3,"Deaths per 100,000 resident population, age-adjusted",1,Sex and race and Hispanic origin,5,Male: Not Hispanic or Latino: White,5.2,2011,13,All ages,1.1,2.4,NULL
Drug overdose death rates,Drug overdose deaths involving methadone,3,"Deaths per 100,000 resident population, age-adjusted",1,Sex and race and Hispanic origin,5,Male: Not Hispanic or Latino: White,5.2,2012,14,All ages,1.1,2.1,NULL
Drug overdose death rates,Drug overdose deaths involving methadone,3,"Deaths per 100,000 resident population, age-adjusted",1,Sex and race and Hispanic origin,5,Male: Not Hispanic or Latino: White,5.2,2013,15,All ages,1.1,1.8,NULL
Drug overdose death rates,Drug overdose deaths involving methadone,3,"Deaths per 100,000 resident population, age-adjusted",1,Sex and race and Hispanic origin,5,Male: Not Hispanic or Latino: White,5.2,2014,16,All ages,1.1,1.7,NULL
Drug overdose death rates,Drug overdose deaths involving methadone,3,"Deaths per 100,000 resident population, age-adjusted",1,Sex and race and Hispanic origin,5,Male: Not Hispanic or Latino: White,5.2,2015,17,All ages,1.1,1.6,NULL
Drug overdose death rates,Drug overdose deaths involving methadone,3,"Deaths per 100,000 resident population, age-adjusted",1,Sex and race and Hispanic origin,5,Male: Not Hispanic or Latino: White,5.2,2016,18,All ages,1.1,1.6,NULL
Drug overdose death rates,Drug overdose deaths involving methadone,3,"Deaths per 100,000 resident population, age-adjusted",1,Sex and race and Hispanic origin,5,Male: Not Hispanic or Latino: White,5.2,2017,19,All ages,1.1,1.5,NULL
Drug overdose death rates,Drug overdose deaths involving methadone,3,"Deaths per 100,000 resident population, crude",2,Total,0,All persons,0.1,2014,16,All ages,1.1,1.1,NULL
Drug overdose death rates,Drug overdose deaths involving methadone,3,"Deaths per 100,000 resident population, age-adjusted",1,Sex and race and Hispanic origin,5,Male: Not Hispanic or Latino: White,5.2,2018,20,All ages,1.1,1.4,NULL
Drug overdose death rates,Drug overdose deaths involving methadone,3,"Deaths per 100,000 resident population, age-adjusted",1,Sex and race and Hispanic origin,5,Male: Not Hispanic or Latino: Black,5.3,1999,1,All ages,1.1,0.2,NULL
Drug overdose death rates,Drug overdose deaths involving methadone,3,"Deaths per 100,000 resident population, age-adjusted",1,Sex and race and Hispanic origin,5,Male: Not Hispanic or Latino: Black,5.3,2000,2,All ages,1.1,0.2,NULL
Drug overdose death rates,Drug overdose deaths involving methadone,3,"Deaths per 100,000 resident population, age-adjusted",1,Sex and race and Hispanic origin,5,Male: Not Hispanic or Latino: Black,5.3,2001,3,All ages,1.1,0.4,NULL
Drug overdose death rates,Drug overdose deaths involving methadone,3,"Deaths per 100,000 resident population, age-adjusted",1,Sex and race and Hispanic origin,5,Male: Not Hispanic or Latino: Black,5.3,2002,4,All ages,1.1,0.5,NULL
Drug overdose death rates,Drug overdose deaths involving methadone,3,"Deaths per 100,000 resident population, age-adjusted",1,Sex and race and Hispanic origin,5,Male: Not Hispanic or Latino: Black,5.3,2003,5,All ages,1.1,0.5,NULL
Drug overdose death rates,Drug overdose deaths involving methadone,3,"Deaths per 100,000 resident population, age-adjusted",1,Sex and race and Hispanic origin,5,Male: Not Hispanic or Latino: Black,5.3,2004,6,All ages,1.1,0.7,NULL
Drug overdose death rates,Drug overdose deaths involving methadone,3,"Deaths per 100,000 resident population, age-adjusted",1,Sex and race and Hispanic origin,5,Male: Not Hispanic or Latino: Black,5.3,2005,7,All ages,1.1,0.9,NULL
Drug overdose death rates,Drug overdose deaths involving methadone,3,"Deaths per 100,000 resident population, age-adjusted",1,Sex and race and Hispanic origin,5,Male: Not Hispanic or Latino: Black,5.3,2006,8,All ages,1.1,1.0,NULL
Drug overdose death rates,Drug overdose deaths involving methadone,3,"Deaths per 100,000 resident population, age-adjusted",1,Sex and race and Hispanic origin,5,Male: Not Hispanic or Latino: Black,5.3,2007,9,All ages,1.1,1.0,NULL
Drug overdose death rates,Drug overdose deaths involving methadone,3,"Deaths per 100,000 resident population, age-adjusted",1,Sex and race and Hispanic origin,5,Male: Not Hispanic or Latino: Black,5.3,2008,10,All ages,1.1,0.7,NULL
Drug overdose death rates,Drug overdose deaths involving methadone,3,"Deaths per 100,000 resident population, age-adjusted",1,Sex and race and Hispanic origin,5,Male: Not Hispanic or Latino: Black,5.3,2009,11,All ages,1.1,0.8,NULL
Drug overdose death rates,Drug overdose deaths involving methadone,3,"Deaths per 100,000 resident population, age-adjusted",1,Sex and race and Hispanic origin,5,Male: Not Hispanic or Latino: Black,5.3,2010,12,All ages,1.1,0.7,NULL
Drug overdose death rates,Drug overdose deaths involving methadone,3,"Deaths per 100,000 resident population, age-adjusted",1,Sex and race and Hispanic origin,5,Male: Not Hispanic or Latino: Black,5.3,2011,13,All ages,1.1,0.8,NULL
Drug overdose death rates,Drug overdose deaths involving methadone,3,"Deaths per 100,000 resident population, age-adjusted",1,Sex and race and Hispanic origin,5,Male: Not Hispanic or Latino: Black,5.3,2012,14,All ages,1.1,0.7,NULL
Drug overdose death rates,Drug overdose deaths involving methadone,3,"Deaths per 100,000 resident population, age-adjusted",1,Sex and race and Hispanic origin,5,Male: Not Hispanic or Latino: Black,5.3,2013,15,All ages,1.1,0.7,NULL
Drug overdose death rates,Drug overdose deaths involving methadone,3,"Deaths per 100,000 resident population, age-adjusted",1,Sex and race and Hispanic origin,5,Male: Not Hispanic or Latino: Black,5.3,2014,16,All ages,1.1,0.6,NULL
Drug overdose death rates,Drug overdose deaths involving methadone,3,"Deaths per 100,000 resident population, age-adjusted",1,Sex and race and Hispanic origin,5,Male: Not Hispanic or Latino: Black,5.3,2015,17,All ages,1.1,0.7,NULL
Drug overdose death rates,Drug overdose deaths involving methadone,3,"Deaths per 100,000 resident population, age-adjusted",1,Sex and race and Hispanic origin,5,Male: Not Hispanic or Latino: Black,5.3,2016,18,All ages,1.1,0.8,NULL
Drug overdose death rates,Drug overdose deaths involving methadone,3,"Deaths per 100,000 resident population, age-adjusted",1,Sex and race and Hispanic origin,5,Male: Not Hispanic or Latino: Black,5.3,2017,19,All ages,1.1,1.0,NULL
Drug overdose death rates,Drug overdose deaths involving methadone,3,"Deaths per 100,000 resident population, age-adjusted",1,Sex and race and Hispanic origin,5,Male: Not Hispanic or Latino: Black,5.3,2018,20,All ages,1.1,0.9,NULL
Drug overdose death rates,Drug overdose deaths involving methadone,3,"Deaths per 100,000 resident population, age-adjusted",1,Sex and race and Hispanic origin,5,Male: Not Hispanic or Latino: American Indian or Alaska Native,5.4,1999,1,All ages,1.1,NULL,*
Drug overdose death rates,Drug overdose deaths involving methadone,3,"Deaths per 100,000 resident population, age-adjusted",1,Sex and race and Hispanic origin,5,Male: Not Hispanic or Latino: American Indian or Alaska Native,5.4,2000,2,All ages,1.1,NULL,*
Drug overdose death rates,Drug overdose deaths involving methadone,3,"Deaths per 100,000 resident population, age-adjusted",1,Sex and race and Hispanic origin,5,Male: Not Hispanic or Latino: American Indian or Alaska Native,5.4,2001,3,All ages,1.1,NULL,*
Drug overdose death rates,Drug overdose deaths involving methadone,3,"Deaths per 100,000 resident population, age-adjusted",1,Sex and race and Hispanic origin,5,Male: Not Hispanic or Latino: American Indian or Alaska Native,5.4,2002,4,All ages,1.1,NULL,*
Drug overdose death rates,Drug overdose deaths involving methadone,3,"Deaths per 100,000 resident population, age-adjusted",1,Sex and race and Hispanic origin,5,Male: Not Hispanic or Latino: American Indian or Alaska Native,5.4,2003,5,All ages,1.1,NULL,*
Drug overdose death rates,Drug overdose deaths involving methadone,3,"Deaths per 100,000 resident population, age-adjusted",1,Sex and race and Hispanic origin,5,Male: Not Hispanic or Latino: American Indian or Alaska Native,5.4,2004,6,All ages,1.1,2.7,NULL
Drug overdose death rates,Drug overdose deaths involving methadone,3,"Deaths per 100,000 resident population, age-adjusted",1,Sex and race and Hispanic origin,5,Male: Not Hispanic or Latino: American Indian or Alaska Native,5.4,2005,7,All ages,1.1,2.7,NULL
Drug overdose death rates,Drug overdose deaths involving methadone,3,"Deaths per 100,000 resident population, age-adjusted",1,Sex and race and Hispanic origin,5,Male: Not Hispanic or Latino: American Indian or Alaska Native,5.4,2006,8,All ages,1.1,2.9,NULL
Drug overdose death rates,Drug overdose deaths involving methadone,3,"Deaths per 100,000 resident population, age-adjusted",1,Sex and race and Hispanic origin,5,Male: Not Hispanic or Latino: American Indian or Alaska Native,5.4,2007,9,All ages,1.1,2.3,NULL
Drug overdose death rates,Drug overdose deaths involving methadone,3,"Deaths per 100,000 resident population, age-adjusted",1,Sex and race and Hispanic origin,5,Male: Not Hispanic or Latino: American Indian or Alaska Native,5.4,2008,10,All ages,1.1,3.4,NULL
Drug overdose death rates,Drug overdose deaths involving methadone,3,"Deaths per 100,000 resident population, age-adjusted",1,Sex and race and Hispanic origin,5,Male: Not Hispanic or Latino: American Indian or Alaska Native,5.4,2009,11,All ages,1.1,4.1,NULL
Drug overdose death rates,Drug overdose deaths involving methadone,3,"Deaths per 100,000 resident population, age-adjusted",1,Sex and race and Hispanic origin,5,Male: Not Hispanic or Latino: American Indian or Alaska Native,5.4,2010,12,All ages,1.1,2.5,NULL
Drug overdose death rates,Drug overdose deaths involving methadone,3,"Deaths per 100,000 resident population, age-adjusted",1,Sex and race and Hispanic origin,5,Male: Not Hispanic or Latino: American Indian or Alaska Native,5.4,2011,13,All ages,1.1,3.3,NULL
Drug overdose death rates,Drug overdose deaths involving methadone,3,"Deaths per 100,000 resident population, age-adjusted",1,Sex and race and Hispanic origin,5,Male: Not Hispanic or Latino: American Indian or Alaska Native,5.4,2012,14,All ages,1.1,2.2,NULL
Drug overdose death rates,Drug overdose deaths involving methadone,3,"Deaths per 100,000 resident population, age-adjusted",1,Sex and race and Hispanic origin,5,Male: Not Hispanic or Latino: American Indian or Alaska Native,5.4,2013,15,All ages,1.1,1.6,NULL
Drug overdose death rates,Drug overdose deaths involving methadone,3,"Deaths per 100,000 resident population, age-adjusted",1,Sex and race and Hispanic origin,5,Male: Not Hispanic or Latino: American Indian or Alaska Native,5.4,2014,16,All ages,1.1,1.9,NULL
Drug overdose death rates,Drug overdose deaths involving methadone,3,"Deaths per 100,000 resident population, age-adjusted",1,Sex and race and Hispanic origin,5,Male: Not Hispanic or Latino: American Indian or Alaska Native,5.4,2015,17,All ages,1.1,1.9,NULL
Drug overdose death rates,Drug overdose deaths involving methadone,3,"Deaths per 100,000 resident population, age-adjusted",1,Sex and race and Hispanic origin,5,Male: Not Hispanic or Latino: American Indian or Alaska Native,5.4,2016,18,All ages,1.1,1.5,NULL
Drug overdose death rates,Drug overdose deaths involving methadone,3,"Deaths per 100,000 resident population, age-adjusted",1,Sex and race and Hispanic origin,5,Male: Not Hispanic or Latino: American Indian or Alaska Native,5.4,2017,19,All ages,1.1,2.0,NULL
Drug overdose death rates,Drug overdose deaths involving methadone,3,"Deaths per 100,000 resident population, age-adjusted",1,Sex and race and Hispanic origin,5,Male: Not Hispanic or Latino: American Indian or Alaska Native,5.4,2018,20,All ages,1.1,NULL,*
Drug overdose death rates,Drug overdose deaths involving methadone,3,"Deaths per 100,000 resident population, age-adjusted",1,Sex and race and Hispanic origin,5,Male: Not Hispanic or Latino: Asian or Pacific Islander,5.5,1999,1,All ages,1.1,NULL,*
Drug overdose death rates,Drug overdose deaths involving methadone,3,"Deaths per 100,000 resident population, age-adjusted",1,Sex and race and Hispanic origin,5,Male: Not Hispanic or Latino: Asian or Pacific Islander,5.5,2000,2,All ages,1.1,NULL,*
Drug overdose death rates,Drug overdose deaths involving methadone,3,"Deaths per 100,000 resident population, age-adjusted",1,Sex and race and Hispanic origin,5,Male: Not Hispanic or Latino: Asian or Pacific Islander,5.5,2001,3,All ages,1.1,NULL,*
Drug overdose death rates,Drug overdose deaths involving methadone,3,"Deaths per 100,000 resident population, age-adjusted",1,Sex and race and Hispanic origin,5,Male: Not Hispanic or Latino: Asian or Pacific Islander,5.5,2002,4,All ages,1.1,NULL,*
Drug overdose death rates,Drug overdose deaths involving methadone,3,"Deaths per 100,000 resident population, age-adjusted",1,Sex and race and Hispanic origin,5,Male: Not Hispanic or Latino: Asian or Pacific Islander,5.5,2003,5,All ages,1.1,NULL,*
Drug overdose death rates,Drug overdose deaths involving methadone,3,"Deaths per 100,000 resident population, age-adjusted",1,Sex and race and Hispanic origin,5,Male: Not Hispanic or Latino: Asian or Pacific Islander,5.5,2004,6,All ages,1.1,NULL,*
Drug overdose death rates,Drug overdose deaths involving methadone,3,"Deaths per 100,000 resident population, age-adjusted",1,Sex and race and Hispanic origin,5,Male: Not Hispanic or Latino: Asian or Pacific Islander,5.5,2005,7,All ages,1.1,NULL,*
Drug overdose death rates,Drug overdose deaths involving methadone,3,"Deaths per 100,000 resident population, age-adjusted",1,Sex and race and Hispanic origin,5,Male: Not Hispanic or Latino: Asian or Pacific Islander,5.5,2006,8,All ages,1.1,NULL,*
Drug overdose death rates,Drug overdose deaths involving methadone,3,"Deaths per 100,000 resident population, age-adjusted",1,Sex and race and Hispanic origin,5,Male: Not Hispanic or Latino: Asian or Pacific Islander,5.5,2007,9,All ages,1.1,NULL,*
Drug overdose death rates,Drug overdose deaths involving methadone,3,"Deaths per 100,000 resident population, age-adjusted",1,Sex and race and Hispanic origin,5,Male: Not Hispanic or Latino: Asian or Pacific Islander,5.5,2008,10,All ages,1.1,NULL,*
Drug overdose death rates,Drug overdose deaths involving methadone,3,"Deaths per 100,000 resident population, age-adjusted",1,Sex and race and Hispanic origin,5,Male: Not Hispanic or Latino: Asian or Pacific Islander,5.5,2009,11,All ages,1.1,NULL,*
Drug overdose death rates,Drug overdose deaths involving methadone,3,"Deaths per 100,000 resident population, age-adjusted",1,Sex and race and Hispanic origin,5,Male: Not Hispanic or Latino: Asian or Pacific Islander,5.5,2010,12,All ages,1.1,NULL,*
Drug overdose death rates,Drug overdose deaths involving methadone,3,"Deaths per 100,000 resident population, age-adjusted",1,Sex and race and Hispanic origin,5,Male: Not Hispanic or Latino: Asian or Pacific Islander,5.5,2011,13,All ages,1.1,NULL,*
Drug overdose death rates,Drug overdose deaths involving methadone,3,"Deaths per 100,000 resident population, age-adjusted",1,Sex and race and Hispanic origin,5,Male: Not Hispanic or Latino: Asian or Pacific Islander,5.5,2012,14,All ages,1.1,0.3,NULL
Drug overdose death rates,Drug overdose deaths involving methadone,3,"Deaths per 100,000 resident population, age-adjusted",1,Sex and race and Hispanic origin,5,Male: Not Hispanic or Latino: Asian or Pacific Islander,5.5,2013,15,All ages,1.1,NULL,*
Drug overdose death rates,Drug overdose deaths involving methadone,3,"Deaths per 100,000 resident population, age-adjusted",1,Sex and race and Hispanic origin,5,Male: Not Hispanic or Latino: Asian or Pacific Islander,5.5,2014,16,All ages,1.1,NULL,*
Drug overdose death rates,Drug overdose deaths involving methadone,3,"Deaths per 100,000 resident population, age-adjusted",1,Sex and race and Hispanic origin,5,Male: Not Hispanic or Latino: Asian or Pacific Islander,5.5,2015,17,All ages,1.1,NULL,*
Drug overdose death rates,Drug overdose deaths involving methadone,3,"Deaths per 100,000 resident population, age-adjusted",1,Sex and race and Hispanic origin,5,Male: Not Hispanic or Latino: Asian or Pacific Islander,5.5,2016,18,All ages,1.1,NULL,*
Drug overdose death rates,Drug overdose deaths involving methadone,3,"Deaths per 100,000 resident population, age-adjusted",1,Sex and race and Hispanic origin,5,Male: Not Hispanic or Latino: Asian or Pacific Islander,5.5,2017,19,All ages,1.1,NULL,*
Drug overdose death rates,Drug overdose deaths involving methadone,3,"Deaths per 100,000 resident population, age-adjusted",1,Sex and race and Hispanic origin,5,Male: Not Hispanic or Latino: Asian or Pacific Islander,5.5,2018,20,All ages,1.1,NULL,*
Drug overdose death rates,Drug overdose deaths involving methadone,3,"Deaths per 100,000 resident population, age-adjusted",1,Sex and race and Hispanic origin,5,Female: Hispanic or Latino: All races,5.6,1999,g1,All ages,1.1,NULL,*
Drug overdose death rates,Drug overdose deaths involving methadone,3,"Deaths per 100,000 resident population, age-adjusted",1,Sex and race and Hispanic origin,5,Female: Hispanic or Latino: All races,5.6,2000,2,All ages,1.1,0.1,NULL
Drug overdose death rates,Drug overdose deaths involving methadone,3,"Deaths per 100,000 resident population, age-adjusted",1,Sex and race and Hispanic origin,5,Female: Hispanic or Latino: All races,5.6,2001,3,All ages,1.1,0.2,NULL
Drug overdose death rates,Drug overdose deaths involving methadone,3,"Deaths per 100,000 resident population, age-adjusted",1,Sex and race and Hispanic origin,5,Female: Hispanic or Latino: All races,5.6,2002,4,All ages,1.1,0.2,NULL
Drug overdose death rates,Drug overdose deaths involving methadone,3,"Deaths per 100,000 resident population, age-adjusted",1,Sex and race and Hispanic origin,5,Female: Hispanic or Latino: All races,5.6,2003,5,All ages,1.1,0.3,NULL
Drug overdose death rates,Drug overdose deaths involving methadone,3,"Deaths per 100,000 resident population, age-adjusted",1,Sex and race and Hispanic origin,5,Female: Hispanic or Latino: All races,5.6,2004,6,All ages,1.1,0.3,NULL
Drug overdose death rates,Drug overdose deaths involving methadone,3,"Deaths per 100,000 resident population, age-adjusted",1,Sex and race and Hispanic origin,5,Female: Hispanic or Latino: All races,5.6,2005,7,All ages,1.1,0.4,NULL
Drug overdose death rates,Drug overdose deaths involving methadone,3,"Deaths per 100,000 resident population, age-adjusted",1,Sex and race and Hispanic origin,5,Female: Hispanic or Latino: All races,5.6,2006,8,All ages,1.1,0.4,NULL
Drug overdose death rates,Drug overdose deaths involving methadone,3,"Deaths per 100,000 resident population, age-adjusted",1,Sex and race and Hispanic origin,5,Female: Hispanic or Latino: All races,5.6,2007,9,All ages,1.1,0.3,NULL
Drug overdose death rates,Drug overdose deaths involving methadone,3,"Deaths per 100,000 resident population, age-adjusted",1,Sex and race and Hispanic origin,5,Female: Hispanic or Latino: All races,5.6,2008,10,All ages,1.1,0.4,NULL
Drug overdose death rates,Drug overdose deaths involving methadone,3,"Deaths per 100,000 resident population, age-adjusted",1,Sex and race and Hispanic origin,5,Female: Hispanic or Latino: All races,5.6,2009,11,All ages,1.1,0.4,NULL
Drug overdose death rates,Drug overdose deaths involving methadone,3,"Deaths per 100,000 resident population, age-adjusted",1,Sex and race and Hispanic origin,5,Female: Hispanic or Latino: All races,5.6,2010,12,All ages,1.1,0.4,NULL
Drug overdose death rates,Drug overdose deaths involving methadone,3,"Deaths per 100,000 resident population, age-adjusted",1,Sex and race and Hispanic origin,5,Female: Hispanic or Latino: All races,5.6,2011,13,All ages,1.1,0.4,NULL
Drug overdose death rates,Drug overdose deaths involving methadone,3,"Deaths per 100,000 resident population, age-adjusted",1,Sex and race and Hispanic origin,5,Female: Hispanic or Latino: All races,5.6,2012,14,All ages,1.1,0.3,NULL
Drug overdose death rates,Drug overdose deaths involving methadone,3,"Deaths per 100,000 resident population, age-adjusted",1,Sex and race and Hispanic origin,5,Female: Hispanic or Latino: All races,5.6,2013,15,All ages,1.1,0.3,NULL
Drug overdose death rates,Drug overdose deaths involving methadone,3,"Deaths per 100,000 resident population, age-adjusted",1,Sex and race and Hispanic origin,5,Female: Hispanic or Latino: All races,5.6,2014,16,All ages,1.1,0.3,NULL
Drug overdose death rates,Drug overdose deaths involving methadone,3,"Deaths per 100,000 resident population, age-adjusted",1,Sex and race and Hispanic origin,5,Female: Hispanic or Latino: All races,5.6,2015,17,All ages,1.1,0.3,NULL
Drug overdose death rates,Drug overdose deaths involving methadone,3,"Deaths per 100,000 resident population, age-adjusted",1,Sex and race and Hispanic origin,5,Female: Hispanic or Latino: All races,5.6,2016,18,All ages,1.1,0.3,NULL
Drug overdose death rates,Drug overdose deaths involving methadone,3,"Deaths per 100,000 resident population, age-adjusted",1,Sex and race and Hispanic origin,5,Female: Hispanic or Latino: All races,5.6,2017,19,All ages,1.1,0.3,NULL
Drug overdose death rates,Drug overdose deaths involving methadone,3,"Deaths per 100,000 resident population, age-adjusted",1,Sex and race and Hispanic origin,5,Female: Hispanic or Latino: All races,5.6,2018,20,All ages,1.1,0.4,NULL
Drug overdose death rates,Drug overdose deaths involving methadone,3,"Deaths per 100,000 resident population, age-adjusted",1,Sex and race and Hispanic origin,5,Female: Not Hispanic or Latino: White,5.7,1999,1,All ages,1.1,0.2,NULL
Drug overdose death rates,Drug overdose deaths involving methadone,3,"Deaths per 100,000 resident population, age-adjusted",1,Sex and race and Hispanic origin,5,Female: Not Hispanic or Latino: White,5.7,2000,2,All ages,1.1,0.3,NULL
Drug overdose death rates,Drug overdose deaths involving methadone,3,"Deaths per 100,000 resident population, age-adjusted",1,Sex and race and Hispanic origin,5,Female: Not Hispanic or Latino: White,5.7,2001,3,All ages,1.1,0.4,NULL
Drug overdose death rates,Drug overdose deaths involving methadone,3,"Deaths per 100,000 resident population, age-adjusted",1,Sex and race and Hispanic origin,5,Female: Not Hispanic or Latino: White,5.7,2002,4,All ages,1.1,0.7,NULL
Drug overdose death rates,Drug overdose deaths involving methadone,3,"Deaths per 100,000 resident population, age-adjusted",1,Sex and race and Hispanic origin,5,Female: Not Hispanic or Latino: White,5.7,2003,5,All ages,1.1,0.9,NULL
Drug overdose death rates,Drug overdose deaths involving methadone,3,"Deaths per 100,000 resident population, age-adjusted",1,Sex and race and Hispanic origin,5,Female: Not Hispanic or Latino: White,5.7,2004,6,All ages,1.1,1.2,NULL
Drug overdose death rates,Drug overdose deaths involving methadone,3,"Deaths per 100,000 resident population, age-adjusted",1,Sex and race and Hispanic origin,5,Female: Not Hispanic or Latino: White,5.7,2005,7,All ages,1.1,1.3,NULL
Drug overdose death rates,Drug overdose deaths involving methadone,3,"Deaths per 100,000 resident population, age-adjusted",1,Sex and race and Hispanic origin,5,Female: Not Hispanic or Latino: White,5.7,2006,8,All ages,1.1,1.5,NULL
Drug overdose death rates,Drug overdose deaths involving methadone,3,"Deaths per 100,000 resident population, age-adjusted",1,Sex and race and Hispanic origin,5,Female: Not Hispanic or Latino: White,5.7,2007,9,All ages,1.1,1.7,NULL
Drug overdose death rates,Drug overdose deaths involving methadone,3,"Deaths per 100,000 resident population, age-adjusted",1,Sex and race and Hispanic origin,5,Female: Not Hispanic or Latino: White,5.7,2008,10,All ages,1.1,1.5,NULL
Drug overdose death rates,Drug overdose deaths involving methadone,3,"Deaths per 100,000 resident population, age-adjusted",1,Sex and race and Hispanic origin,5,Female: Not Hispanic or Latino: White,5.7,2009,11,All ages,1.1,1.4,NULL
Drug overdose death rates,Drug overdose deaths involving methadone,3,"Deaths per 100,000 resident population, age-adjusted",1,Sex and race and Hispanic origin,5,Female: Not Hispanic or Latino: White,5.7,2010,12,All ages,1.1,1.4,NULL
Drug overdose death rates,Drug overdose deaths involving methadone,3,"Deaths per 100,000 resident population, age-adjusted",1,Sex and race and Hispanic origin,5,Female: Not Hispanic or Latino: White,5.7,2011,13,All ages,1.1,1.4,NULL
Drug overdose death rates,Drug overdose deaths involving methadone,3,"Deaths per 100,000 resident population, age-adjusted",1,Sex and race and Hispanic origin,5,Female: Not Hispanic or Latino: White,5.7,2012,14,All ages,1.1,1.3,NULL
Drug overdose death rates,Drug overdose deaths involving methadone,3,"Deaths per 100,000 resident population, age-adjusted",1,Sex and race and Hispanic origin,5,Female: Not Hispanic or Latino: White,5.7,2013,15,All ages,1.1,1.2,NULL
Drug overdose death rates,Drug overdose deaths involving methadone,3,"Deaths per 100,000 resident population, age-adjusted",1,Sex and race and Hispanic origin,5,Female: Not Hispanic or Latino: White,5.7,2014,16,All ages,1.1,1.2,NULL
Drug overdose death rates,Drug overdose deaths involving methadone,3,"Deaths per 100,000 resident population, age-adjusted",1,Sex and race and Hispanic origin,5,Female: Not Hispanic or Latino: White,5.7,2015,17,All ages,1.1,1.1,NULL
Drug overdose death rates,Drug overdose deaths involving methadone,3,"Deaths per 100,000 resident population, age-adjusted",1,Sex and race and Hispanic origin,5,Female: Not Hispanic or Latino: White,5.7,2016,18,All ages,1.1,1.1,NULL
Drug overdose death rates,Drug overdose deaths involving methadone,3,"Deaths per 100,000 resident population, crude",2,Total,0,All persons,0.1,2015,17,All ages,11.,1.0,NULL
Drug overdose death rates,Drug overdose deaths involving methadone,3,"Deaths per 100,000 resident population, age-adjusted",1,Sex and race and Hispanic origin,5,Female: Not Hispanic or Latino: White,5.7,2017,19,All ages,1.1,1.1,NULL
Drug overdose death rates,Drug overdose deaths involving methadone,3,"Deaths per 100,000 resident population, age-adjusted",1,Sex and race and Hispanic origin,5,Female: Not Hispanic or Latino: White,5.7,2018,20,All ages,1.1,1.0,NULL
Drug overdose death rates,Drug overdose deaths involving methadone,3,"Deaths per 100,000 resident population, age-adjusted",1,Sex and race and Hispanic origin,5,Female: Not Hispanic or Latino: Black,5.8,1999,1,All ages,1.1,0.2,NULL
Drug overdose death rates,Drug overdose deaths involving methadone,3,"Deaths per 100,000 resident population, age-adjusted",1,Sex and race and Hispanic origin,5,Female: Not Hispanic or Latino: Black,5.8,2000,2,All ages,1.1,0.2,NULL
Drug overdose death rates,Drug overdose deaths involving methadone,3,"Deaths per 100,000 resident population, age-adjusted",1,Sex and race and Hispanic origin,5,Female: Not Hispanic or Latino: Black,5.8,2001,3,All ages,1.1,0.2,NULL
Drug overdose death rates,Drug overdose deaths involving methadone,3,"Deaths per 100,000 resident population, age-adjusted",1,Sex and race and Hispanic origin,5,Female: Not Hispanic or Latino: Black,5.8,2002,4,All ages,1.1,0.3,NULL
Drug overdose death rates,Drug overdose deaths involving methadone,3,"Deaths per 100,000 resident population, age-adjusted",1,Sex and race and Hispanic origin,5,Female: Not Hispanic or Latino: Black,5.8,2003,5,All ages,1.1,0.3,NULL
Drug overdose death rates,Drug overdose deaths involving methadone,3,"Deaths per 100,000 resident population, age-adjusted",1,Sex and race and Hispanic origin,5,Female: Not Hispanic or Latino: Black,5.8,2004,6,All ages,1.1,0.5,NULL
Drug overdose death rates,Drug overdose deaths involving methadone,3,"Deaths per 100,000 resident population, age-adjusted",1,Sex and race and Hispanic origin,5,Female: Not Hispanic or Latino: Black,5.8,2005,7,All ages,1.1,0.6,NULL
Drug overdose death rates,Drug overdose deaths involving methadone,3,"Deaths per 100,000 resident population, age-adjusted",1,Sex and race and Hispanic origin,5,Female: Not Hispanic or Latino: Black,5.8,2006,8,All ages,1.1,0.7,NULL
Drug overdose death rates,Drug overdose deaths involving methadone,3,"Deaths per 100,000 resident population, age-adjusted",1,Sex and race and Hispanic origin,5,Female: Not Hispanic or Latino: Black,5.8,2007,9,All ages,1.1,0.7,NULL
Drug overdose death rates,Drug overdose deaths involving methadone,3,"Deaths per 100,000 resident population, age-adjusted",1,Sex and race and Hispanic origin,5,Female: Not Hispanic or Latino: Black,5.8,2008,10,All ages,1.1,0.5,NULL
Drug overdose death rates,Drug overdose deaths involving methadone,3,"Deaths per 100,000 resident population, age-adjusted",1,Sex and race and Hispanic origin,5,Female: Not Hispanic or Latino: Black,5.8,2009,11,All ages,1.1,0.5,NULL
Drug overdose death rates,Drug overdose deaths involving methadone,3,"Deaths per 100,000 resident population, age-adjusted",1,Sex and race and Hispanic origin,5,Female: Not Hispanic or Latino: Black,5.8,2010,12,All ages,1.1,0.6,NULL
Drug overdose death rates,Drug overdose deaths involving methadone,3,"Deaths per 100,000 resident population, age-adjusted",1,Sex and race and Hispanic origin,5,Female: Not Hispanic or Latino: Black,5.8,2011,13,All ages,1.1,0.6,NULL
Drug overdose death rates,Drug overdose deaths involving methadone,3,"Deaths per 100,000 resident population, age-adjusted",1,Sex and race and Hispanic origin,5,Female: Not Hispanic or Latino: Black,5.8,2012,14,All ages,1.1,0.5,NULL
Drug overdose death rates,Drug overdose deaths involving methadone,3,"Deaths per 100,000 resident population, age-adjusted",1,Sex and race and Hispanic origin,5,Female: Not Hispanic or Latino: Black,5.8,2013,15,All ages,1.1,0.5,NULL
Drug overdose death rates,Drug overdose deaths involving methadone,3,"Deaths per 100,000 resident population, age-adjusted",1,Sex and race and Hispanic origin,5,Female: Not Hispanic or Latino: Black,5.8,2014,16,All ages,1.1,0.6,NULL
Drug overdose death rates,Drug overdose deaths involving methadone,3,"Deaths per 100,000 resident population, age-adjusted",1,Sex and race and Hispanic origin,5,Female: Not Hispanic or Latino: Black,5.8,2015,17,All ages,1.1,0.5,NULL
Drug overdose death rates,Drug overdose deaths involving methadone,3,"Deaths per 100,000 resident population, age-adjusted",1,Sex and race and Hispanic origin,5,Female: Not Hispanic or Latino: Black,5.8,2016,18,All ages,1.1,0.6,NULL
Drug overdose death rates,Drug overdose deaths involving methadone,3,"Deaths per 100,000 resident population, age-adjusted",1,Sex and race and Hispanic origin,5,Female: Not Hispanic or Latino: Black,5.8,2017,19,All ages,1.1,0.6,NULL
Drug overdose death rates,Drug overdose deaths involving methadone,3,"Deaths per 100,000 resident population, age-adjusted",1,Sex and race and Hispanic origin,5,Female: Not Hispanic or Latino: Black,5.8,2018,20,All ages,1.1,0.6,NULL
Drug overdose death rates,Drug overdose deaths involving methadone,3,"Deaths per 100,000 resident population, age-adjusted",1,Sex and race and Hispanic origin,5,Female: Not Hispanic or Latino: American Indian or Alaska Native,5.9,1999,,All ages,1.1,NULL,*
Drug overdose death rates,Drug overdose deaths involving methadone,3,"Deaths per 100,000 resident population, age-adjusted",1,Sex and race and Hispanic origin,5,Female: Not Hispanic or Latino: American Indian or Alaska Native,5.9,2000,2,All ages,1.1,NULL,*
Drug overdose death rates,Drug overdose deaths involving methadone,3,"Deaths per 100,000 resident population, age-adjusted",1,Sex and race and Hispanic origin,5,Female: Not Hispanic or Latino: American Indian or Alaska Native,5.9,2001,3,All ages,1.1,NULL,*
Drug overdose death rates,Drug overdose deaths involving methadone,3,"Deaths per 100,000 resident population, age-adjusted",1,Sex and race and Hispanic origin,5,Female: Not Hispanic or Latino: American Indian or Alaska Native,5.9,2002,4,All ages,1.1,NULL,*
Drug overdose death rates,Drug overdose deaths involving methadone,3,"Deaths per 100,000 resident population, age-adjusted",1,Sex and race and Hispanic origin,5,Female: Not Hispanic or Latino: American Indian or Alaska Native,5.9,2003,5,All ages,1.1,NULL,*
Drug overdose death rates,Drug overdose deaths involving methadone,3,"Deaths per 100,000 resident population, age-adjusted",1,Sex and race and Hispanic origin,5,Female: Not Hispanic or Latino: American Indian or Alaska Native,5.9,2004,6,All ages,1.1,NULL,*
Drug overdose death rates,Drug overdose deaths involving methadone,3,"Deaths per 100,000 resident population, age-adjusted",1,Sex and race and Hispanic origin,5,Female: Not Hispanic or Latino: American Indian or Alaska Native,5.9,2005,7,All ages,1.1,1.8,NULL
Drug overdose death rates,Drug overdose deaths involving methadone,3,"Deaths per 100,000 resident population, age-adjusted",1,Sex and race and Hispanic origin,5,Female: Not Hispanic or Latino: American Indian or Alaska Native,5.9,2006,8,All ages,1.1,2.0,NULL
Drug overdose death rates,Drug overdose deaths involving methadone,3,"Deaths per 100,000 resident population, age-adjusted",1,Sex and race and Hispanic origin,5,Female: Not Hispanic or Latino: American Indian or Alaska Native,5.9,2007,9,All ages,1.1,2.2,NULL
Drug overdose death rates,Drug overdose deaths involving methadone,3,"Deaths per 100,000 resident population, age-adjusted",1,Sex and race and Hispanic origin,5,Female: Not Hispanic or Latino: American Indian or Alaska Native,5.9,2008,10,All ages,1.1,2.4,NULL
Drug overdose death rates,Drug overdose deaths involving methadone,3,"Deaths per 100,000 resident population, age-adjusted",1,Sex and race and Hispanic origin,5,Female: Not Hispanic or Latino: American Indian or Alaska Native,5.9,2009,11,All ages,1.1,1.8,NULL
Drug overdose death rates,Drug overdose deaths involving methadone,3,"Deaths per 100,000 resident population, age-adjusted",1,Sex and race and Hispanic origin,5,Female: Not Hispanic or Latino: American Indian or Alaska Native,5.9,2010,12,All ages,1.1,2.9,NULL
Drug overdose death rates,Drug overdose deaths involving methadone,3,"Deaths per 100,000 resident population, age-adjusted",1,Sex and race and Hispanic origin,5,Female: Not Hispanic or Latino: American Indian or Alaska Native,5.9,2011,13,All ages,1.1,2.0,NULL
Drug overdose death rates,Drug overdose deaths involving methadone,3,"Deaths per 100,000 resident population, age-adjusted",1,Sex and race and Hispanic origin,5,Female: Not Hispanic or Latino: American Indian or Alaska Native,5.9,2012,14,All ages,1.1,2.2,NULL
Drug overdose death rates,Drug overdose deaths involving methadone,3,"Deaths per 100,000 resident population, age-adjusted",1,Sex and race and Hispanic origin,5,Female: Not Hispanic or Latino: American Indian or Alaska Native,5.9,2013,15,All ages,1.1,2.1,NULL
Drug overdose death rates,Drug overdose deaths involving methadone,3,"Deaths per 100,000 resident population, age-adjusted",1,Sex and race and Hispanic origin,5,Female: Not Hispanic or Latino: American Indian or Alaska Native,5.9,2014,16,All ages,1.1,NULL,*
Drug overdose death rates,Drug overdose deaths involving methadone,3,"Deaths per 100,000 resident population, age-adjusted",1,Sex and race and Hispanic origin,5,Female: Not Hispanic or Latino: American Indian or Alaska Native,5.9,2015,17,All ages,1.1,NULL,*
Drug overdose death rates,Drug overdose deaths involving methadone,3,"Deaths per 100,000 resident population, age-adjusted",1,Sex and race and Hispanic origin,5,Female: Not Hispanic or Latino: American Indian or Alaska Native,5.9,2016,18,All ages,1.1,NULL,*
Drug overdose death rates,Drug overdose deaths involving methadone,3,"Deaths per 100,000 resident population, age-adjusted",1,Sex and race and Hispanic origin,5,Female: Not Hispanic or Latino: American Indian or Alaska Native,5.9,2017,19,All ages,1.1,1.6,NULL
Drug overdose death rates,Drug overdose deaths involving methadone,3,"Deaths per 100,000 resident population, age-adjusted",1,Sex and race and Hispanic origin,5,Female: Not Hispanic or Latino: American Indian or Alaska Native,5.9,2018,20,All ages,1.1,NULL,*
Drug overdose death rates,Drug overdose deaths involving methadone,3,"Deaths per 100,000 resident population, age-adjusted",1,Sex and race and Hispanic origin,5,Female: Not Hispanic or Latino: Asian or Pacific Islander,5.91,1999,x1,All ages,1.1,NULL,*
Drug overdose death rates,Drug overdose deaths involving methadone,3,"Deaths per 100,000 resident population, age-adjusted",1,Sex and race and Hispanic origin,5,Female: Not Hispanic or Latino: Asian or Pacific Islander,5.91,2000,2,All ages,1.1,NULL,*
Drug overdose death rates,Drug overdose deaths involving methadone,3,"Deaths per 100,000 resident population, age-adjusted",1,Sex and race and Hispanic origin,5,Female: Not Hispanic or Latino: Asian or Pacific Islander,5.91,2001,3,All ages,1.1,NULL,*
Drug overdose death rates,Drug overdose deaths involving methadone,3,"Deaths per 100,000 resident population, age-adjusted",1,Sex and race and Hispanic origin,5,Female: Not Hispanic or Latino: Asian or Pacific Islander,5.91,2002,4,All ages,1.1,NULL,*
Drug overdose death rates,Drug overdose deaths involving methadone,3,"Deaths per 100,000 resident population, age-adjusted",1,Sex and race and Hispanic origin,5,Female: Not Hispanic or Latino: Asian or Pacific Islander,5.91,2003,5,All ages,1.1,NULL,*
Drug overdose death rates,Drug overdose deaths involving methadone,3,"Deaths per 100,000 resident population, age-adjusted",1,Sex and race and Hispanic origin,5,Female: Not Hispanic or Latino: Asian or Pacific Islander,5.91,2004,6,All ages,1.1,NULL,*
Drug overdose death rates,Drug overdose deaths involving methadone,3,"Deaths per 100,000 resident population, age-adjusted",1,Sex and race and Hispanic origin,5,Female: Not Hispanic or Latino: Asian or Pacific Islander,5.91,2005,7,All ages,1.1,NULL,*
Drug overdose death rates,Drug overdose deaths involving methadone,3,"Deaths per 100,000 resident population, age-adjusted",1,Sex and race and Hispanic origin,5,Female: Not Hispanic or Latino: Asian or Pacific Islander,5.91,2006,8,All ages,1.1,NULL,*
Drug overdose death rates,Drug overdose deaths involving methadone,3,"Deaths per 100,000 resident population, age-adjusted",1,Sex and race and Hispanic origin,5,Female: Not Hispanic or Latino: Asian or Pacific Islander,5.91,2007,9,All ages,1.1,NULL,*
Drug overdose death rates,Drug overdose deaths involving methadone,3,"Deaths per 100,000 resident population, age-adjusted",1,Sex and race and Hispanic origin,5,Female: Not Hispanic or Latino: Asian or Pacific Islander,5.91,2008,10,All ages,1.1,NULL,*
Drug overdose death rates,Drug overdose deaths involving methadone,3,"Deaths per 100,000 resident population, age-adjusted",1,Sex and race and Hispanic origin,5,Female: Not Hispanic or Latino: Asian or Pacific Islander,5.91,2009,11,All ages,1.1,NULL,*
Drug overdose death rates,Drug overdose deaths involving methadone,3,"Deaths per 100,000 resident population, age-adjusted",1,Sex and race and Hispanic origin,5,Female: Not Hispanic or Latino: Asian or Pacific Islander,5.91,2010,12,All ages,1.1,NULL,*
Drug overdose death rates,Drug overdose deaths involving methadone,3,"Deaths per 100,000 resident population, age-adjusted",1,Sex and race and Hispanic origin,5,Female: Not Hispanic or Latino: Asian or Pacific Islander,5.91,2011,13,All ages,1.1,NULL,*
Drug overdose death rates,Drug overdose deaths involving methadone,3,"Deaths per 100,000 resident population, age-adjusted",1,Sex and race and Hispanic origin,5,Female: Not Hispanic or Latino: Asian or Pacific Islander,5.91,2012,14,All ages,1.1,NULL,*
Drug overdose death rates,Drug overdose deaths involving methadone,3,"Deaths per 100,000 resident population, age-adjusted",1,Sex and race and Hispanic origin,5,Female: Not Hispanic or Latino: Asian or Pacific Islander,5.91,2013,15,All ages,1.1,NULL,*
Drug overdose death rates,Drug overdose deaths involving methadone,3,"Deaths per 100,000 resident population, age-adjusted",1,Sex and race and Hispanic origin,5,Female: Not Hispanic or Latino: Asian or Pacific Islander,5.91,2014,16,All ages,1.1,NULL,*
Drug overdose death rates,Drug overdose deaths involving methadone,3,"Deaths per 100,000 resident population, age-adjusted",1,Sex and race and Hispanic origin,5,Female: Not Hispanic or Latino: Asian or Pacific Islander,5.91,2015,17,All ages,1.1,NULL,*
Drug overdose death rates,Drug overdose deaths involving methadone,3,"Deaths per 100,000 resident population, age-adjusted",1,Sex and race and Hispanic origin,5,Female: Not Hispanic or Latino: Asian or Pacific Islander,5.91,2016,18,All ages,1.1,NULL,*
Drug overdose death rates,Drug overdose deaths involving methadone,3,"Deaths per 100,000 resident population, age-adjusted",1,Sex and race and Hispanic origin,5,Female: Not Hispanic or Latino: Asian or Pacific Islander,5.91,2017,19,All ages,1.1,NULL,*
Drug overdose death rates,Drug overdose deaths involving methadone,3,"Deaths per 100,000 resident population, age-adjusted",1,Sex and race and Hispanic origin,5,Female: Not Hispanic or Latino: Asian or Pacific Islander,5.91,2018,20,All ages,1.1,NULL,*
Drug overdose death rates,Drug overdose deaths involving methadone,3,"Deaths per 100,000 resident population, crude",2,Total,0,All persons,0.1,19i99,1,All ages,11.,0.3,NULL
Drug overdose death rates,Drug overdose deaths involving methadone,3,"Deaths per 100,000 resident population, crude",2,Total,0,All persons,0.1,2000,2,All ages,1.1,0.4,NULL
Drug overdose death rates,Drug overdose deaths involving methadone,3,"Deaths per 100,000 resident population, crude",2,Total,***,All persons,0.1,2001,3,All ages,o1.1,0.5,NULL
Drug overdose death rates,Drug overdose deaths involving methadone,3,"Deaths per 100,000 resident population, crude",2,Total,***,All persons,0.1,2002,4,All ages,1.1,0.8,NULL
Drug overdose death rates,Drug overdose deaths involving methadone,3,"Deaths per 100,000 resident population, crude",2,Total,b0,All persons,0.1,2003,5,All ages,1.1,1.0,NULL
Drug overdose death rates,Drug overdose deaths involving methadone,3,"Deaths per 100,000 resident population, crude",2,Total,0,All persons,0.1,2004,6,All ages,11.,1.3,NULL
Drug overdose death rates,Drug overdose deaths involving methadone,3,"Deaths per 100,000 resident population, crude",2,Total,0,All persons,0.1,2005,7,All ages,w1.1,1.5,NULL
Drug overdose death rates,Drug overdose deaths involving methadone,3,"Deaths per 100,000 resident population, crude",2,Total,0,All persons,0.1,2006,8,All ages,o1.1,1.8,NULL
Drug overdose death rates,Drug overdose deaths involving methadone,3,"Deaths per 100,000 resident population, crude",2,Total,0,All persons,0.1,2007,9,All ages,.1,1.8,NULL
Drug overdose death rates,Drug overdose deaths involving methadone,3,"Deaths per 100,000 resident population, crude",2,Total,0,All persons,0.1,2008,10,All ages,1.1,1.6,NULL
Drug overdose death rates,Drug overdose deaths involving methadone,3,"Deaths per 100,000 resident population, crude",2,Total,0,All persons,0.1,2009,11,All ages,1x.1,1.5,NULL
Drug overdose death rates,Drug overdose deaths involving methadone,3,"Deaths per 100,000 resident population, crude",2,Total,0,All persons,0.1,2010,12,All ages,1.1,1.5,NULL
Drug overdose death rates,Drug overdose deaths involving methadone,3,"Deaths per 100,000 resident population, crude",2,Total,q0,All persons,0.1,2011,13,All ages,1.1,1.4,NULL
Drug overdose death rates,Drug overdose deaths involving methadone,3,"Deaths per 100,000 resident population, crude",2,Total,0,All persons,0.1,2012,14,All ages,1.1,1.3,NULL
Drug overdose death rates,Drug overdose deaths involving methadone,3,"Deaths per 100,000 resident population, crude",2,Total,0,All persons,0.1,2013,15,All ages,11.,1.1,NULL
Drug overdose death rates,Drug overdose deaths involving methadone,3,"Deaths per 100,000 resident population, crude",2,Total,,All persons,0.1,2016,18,All ages,1.1,1.0,NULL
Drug overdose death rates,Drug overdose deaths involving methadone,3,"Deaths per 100,000 resident population, crude",2,Total,0,All persons,0.1,2017,19,All ages,11.,1.0,NULL
Drug overdose death rates,Drug overdose deaths involving methadone,3,"Deaths per 100,000 resident population, crude",2,Age,1,Under 15 years,1.1,i1999,1,Under 15 years,1.2,NULL,*
Drug overdose death rates,Drug overdose deaths involving methadone,3,"Deaths per 100,000 resident population, crude",2,Age,1,Under 15 years,1.1,2000,2,Under 15 years,1.2,NULL,*
Drug overdose death rates,Drug overdose deaths involving methadone,3,"Deaths per 100,000 resident population, crude",2,Age,1,Under 15 years,1.1,2001,3,Under 15 years,1.2,NULL,*
Drug overdose death rates,Drug overdose deaths involving methadone,3,"Deaths per 100,000 resident population, crude",2,Age,1,Under 15 years,1.1,2002,4,Under 15 years,1.2,NULL,*
Drug overdose death rates,Drug overdose deaths involving methadone,3,"Deaths per 100,000 resident population, crude",2,Age,1,Under 15 years,1.1,2003,5,Under 15 years,1.2,NULL,*
Drug overdose death rates,Drug overdose deaths involving methadone,3,"Deaths per 100,000 resident population, crude",2,Age,1,Under 15 years,1.1,2004,6,Under 15 years,1.2,0.0,NULL
Drug overdose death rates,Drug overdose deaths involving methadone,3,"Deaths per 100,000 resident population, crude",2,Age,1,Under 15 years,1.1,2005,7,Under 15 years,1.2,0.0,NULL
Drug overdose death rates,Drug overdose deaths involving methadone,3,"Deaths per 100,000 resident population, crude",2,Age,1,Under 15 years,1.1,2006,8,Under 15 years,1.2,0.0,NULL
Drug overdose death rates,Drug overdose deaths involving methadone,3,"Deaths per 100,000 resident population, crude",2,Age,1,Under 15 years,1.1,2007,9,Under 15 years,1.2,0.0,NULL
Drug overdose death rates,Drug overdose deaths involving methadone,3,"Deaths per 100,000 resident population, crude",2,Age,1,Under 15 years,1.1,2008,10,Under 15 years,1.2,0.1,NULL
Drug overdose death rates,Drug overdose deaths involving methadone,3,"Deaths per 100,000 resident population, crude",2,Age,1,Under 15 years,1.1,2009,11,Under 15 years,1.2,NULL,*
Drug overdose death rates,Drug overdose deaths involving methadone,3,"Deaths per 100,000 resident population, crude",2,Age,1,Under 15 years,1.1,2010,12,Under 15 years,1.2,0.0,NULL
Drug overdose death rates,Drug overdose deaths involving methadone,3,"Deaths per 100,000 resident population, crude",2,Age,1,Under 15 years,1.1,2011,13,Under 15 years,1.2,NULL,*
Drug overdose death rates,Drug overdose deaths involving methadone,3,"Deaths per 100,000 resident population, crude",2,Age,1,Under 15 years,1.1,2012,14,Under 15 years,1.2,NULL,*
Drug overdose death rates,Drug overdose deaths involving methadone,3,"Deaths per 100,000 resident population, crude",2,Age,1,Under 15 years,1.1,2013,15,Under 15 years,1.2,NULL,*
Drug overdose death rates,Drug overdose deaths involving methadone,3,"Deaths per 100,000 resident population, crude",2,Age,1,Under 15 years,1.1,2014,16,Under 15 years,1.2,NULL,*
Drug overdose death rates,Drug overdose deaths involving methadone,3,"Deaths per 100,000 resident population, crude",2,Age,1,Under 15 years,1.1,2015,17,Under 15 years,1.2,NULL,*
Drug overdose death rates,Drug overdose deaths involving methadone,3,"Deaths per 100,000 resident population, crude",2,Age,1,Under 15 years,1.1,2016,18,Under 15 years,1.2,NULL,*
Drug overdose death rates,Drug overdose deaths involving methadone,3,"Deaths per 100,000 resident population, crude",2,Age,1,Under 15 years,1.1,2017,19,Under 15 years,1.2,NULL,*
Drug overdose death rates,Drug overdose deaths involving methadone,3,"Deaths per 100,000 resident population, crude",2,Age,1,15-24 years,1.2,1999,1,15-4 years,1.3,0.1,NULL
Drug overdose death rates,Drug overdose deaths involving methadone,3,"Deaths per 100,000 resident population, crude",2,Age,1,15-24 years,1.2,2000,2,15-2 4years,1.3,0.2,NULL
Drug overdose death rates,Drug overdose deaths involving methadone,3,"Deaths per 100,000 resident population, crude",2,Age,1,15-24 years,1.2,2001,3,1-24 years,1.3,0.4,NULL
Drug overdose death rates,Drug overdose deaths involving methadone,3,"Deaths per 100,000 resident population, crude",2,Age,1,15-24 years,1.2,2002,4,1-524 years,1.3,0.7,NULL
Drug overdose death rates,Drug overdose deaths involving methadone,3,"Deaths per 100,000 resident population, crude",2,Age,1,15-24 years,1.2,2003,5,51-24 years,1.3,1.1,NULL
Drug overdose death rates,Drug overdose deaths involving methadone,3,"Deaths per 100,000 resident population, crude",2,Age,q1,15-24 years,1.2,2004,6,15-2v4 years,1.3,1.4,NULL
Drug overdose death rates,Drug overdose deaths involving methadone,3,"Deaths per 100,000 resident population, crude",2,Age,1,15-24 years,1.2,2005,7,15-24 years,1.3,1.4,NULL
Drug overdose death rates,Drug overdose deaths involving methadone,3,"Deaths per 100,000 resident population, crude",2,Age,***,15-24 years,1.2,2006,8,15-24 years,1.3,1.9,NULL
Drug overdose death rates,Drug overdose deaths involving methadone,3,"Deaths per 100,000 resident population, crude",2,Age,1,15-24 years,1.2,2007,9,15-24 years,1.3,2.0,NULL
Drug overdose death rates,Drug overdose deaths involving methadone,3,"Deaths per 100,000 resident population, crude",2,Age,z1,15-24 years,1.2,2008,10,15-24 years,1.3,1.6,NULL
Drug overdose death rates,Drug overdose deaths involving methadone,3,"Deaths per 100,000 resident population, crude",2,Age,1,15-24 years,1.2,2009,11,15-24 years,1.3,1.4,NULL
Drug overdose death rates,Drug overdose deaths involving methadone,3,"Deaths per 100,000 resident population, crude",2,Age,1,15-24 years,1.2,2010,12,15-24 years,1.3,1.3,NULL
Drug overdose death rates,Drug overdose deaths involving methadone,3,"Deaths per 100,000 resident population, crude",2,Age,1,15-24 years,1.2,2011,13,15-24 years,1.3,1.1,NULL
Drug overdose death rates,Drug overdose deaths involving methadone,3,"Deaths per 100,000 resident population, crude",2,Age,1,15-24 years,1.2,2012,14,15-24 years,1.3,0.8,NULL
Drug overdose death rates,Drug overdose deaths involving methadone,3,"Deaths per 100,000 resident population, crude",2,Age,1,15-24 years,1.2,2013,15,15-24 years,1.3,0.6,NULL
Drug overdose death rates,Drug overdose deaths involving methadone,3,"Deaths per 100,000 resident population, crude",2,Age,1,15-24 years,1.2,2014,16,15-24 years,1.3,0.5,NULL
Drug overdose death rates,Drug overdose deaths involving methadone,3,"Deaths per 100,000 resident population, crude",2,Age,1,15-24 years,1.2,2015,17,15-24 years,1.3,0.5,NULL
Drug overdose death rates,Drug overdose deaths involving methadone,3,"Deaths per 100,000 resident population, crude",2,Age,p1,15-24 years,1.2,2016,18,15-2 years,1.3,0.4,NULL
Drug overdose death rates,Drug overdose deaths involving methadone,3,"Deaths per 100,000 resident population, crude",2,Age,1,15-24 years,1.2,2017,19,15-24 years,1.3,0.4,NULL
Drug overdose death rates,Drug overdose deaths involving methadone,3,"Deaths per 100,000 resident population, crude",2,Age,1,25-34 years,1.3,1999,***,25-34 years,1.4,0.4,NULL
Drug overdose death rates,Drug overdose deaths involving methadone,3,"Deaths per 100,000 resident population, crude",2,Age,1,25-34 years,1.3,2000,2,25-34 years,1.4,0.5,NULL
Drug overdose death rates,Drug overdose deaths involving methadone,3,"Deaths per 100,000 resident population, crude",2,Age,1,25-34 years,1.3,2001,3,25-34 years,1.4,0.7,NULL
Drug overdose death rates,Drug overdose deaths involving methadone,3,"Deaths per 100,000 resident population, crude",2,Age,1,25-34 years,1.3,2002,4,25-34 years,1.4,1.2,NULL
Drug overdose death rates,Drug overdose deaths involving methadone,3,"Deaths per 100,000 resident population, crude",2,Age,1,25-34 years,1.3,2003,5,25-34 years,1.4,1.4,NULL
Drug overdose death rates,Drug overdose deaths involving methadone,3,"Deaths per 100,000 resident population, crude",2,Age,1,25-34 years,1.3,2004,6,25-34 years,1.4,2.1,NULL
Drug overdose death rates,Drug overdose deaths involving methadone,3,"Deaths per 100,000 resident population, crude",2,Age,1,25-34 years,1.3,2005,7,25-34 years,1.4,2.5,NULL
Drug overdose death rates,Drug overdose deaths involving methadone,3,"Deaths per 100,000 resident population, crude",2,Age,1,25-34 years,1.3,2006,8,25-34 years,1.4,3.1,NULL
Drug overdose death rates,Drug overdose deaths involving methadone,3,"Deaths per 100,000 resident population, crude",2,Age,1,25-34 years,1.3,2007,9,25-34 years,1.4,3.3,NULL
Drug overdose death rates,Drug overdose deaths involving methadone,3,"Deaths per 100,000 resident population, crude",2,Age,1,25-34 years,1.3,2008,10,25-34 years,1.4,2.8,NULL
Drug overdose death rates,Drug overdose deaths involving methadone,3,"Deaths per 100,000 resident population, crude",2,Age,1,25-34 years,1.3,2009,11,25-34 years,1.4,2.7,NULL
Drug overdose death rates,Drug overdose deaths involving methadone,3,"Deaths per 100,000 resident population, crude",2,Age,1,25-34 years,1.3,2010,12,25-34 years,1.4,2.8,NULL
Drug overdose death rates,Drug overdose deaths involving methadone,3,"Deaths per 100,000 resident population, crude",2,Age,1,25-34 years,1.3,2011,13,25-34 years,1.4,2.6,NULL
Drug overdose death rates,Drug overdose deaths involving methadone,3,"Deaths per 100,000 resident population, crude",2,Age,1,25-34 years,1.3,2012,14,25-34 years,1.4,2.3,NULL
Drug overdose death rates,Drug overdose deaths involving methadone,3,"Deaths per 100,000 resident population, crude",2,Age,1,25-34 years,1.3,2013,15,25-34 years,1.4,2.0,NULL
Drug overdose death rates,Drug overdose deaths involving methadone,3,"Deaths per 100,000 resident population, crude",2,Age,1,25-34 years,1.3,2014,16,25-34 years,1.4,1.8,NULL
Drug overdose death rates,Drug overdose deaths involving methadone,3,"Deaths per 100,000 resident population, crude",2,Age,1,25-34 years,1.3,2015,17,25-34 years,1.4,1.7,NULL
Drug overdose death rates,Drug overdose deaths involving methadone,3,"Deaths per 100,000 resident population, crude",2,Age,1,25-34 years,1.3,2016,18,25-34 years,1.4,1.7,NULL
Drug overdose death rates,Drug overdose deaths involving methadone,3,"Deaths per 100,000 resident population, crude",2,Age,1,25-34 years,1.3,2017,19,25-34 years,1.4,1.5,NULL
Drug overdose death rates,Drug overdose deaths involving methadone,3,"Deaths per 100,000 resident population, crude",2,Age,1,35-44 years,1.4,1999,1,35-44 years,1.5,0.8,NULL
Drug overdose death rates,Drug overdose deaths involving methadone,3,"Deaths per 100,000 resident population, crude",2,Age,1,35-44 years,1.4,2000,2,35-44 years,1.5,0.9,NULL
Drug overdose death rates,Drug overdose deaths involving methadone,3,"Deaths per 100,000 resident population, crude",2,Age,1,35-44 years,1.4,2001,3,35-44 years,1.5,1.2,NULL
Drug overdose death rates,Drug overdose deaths involving methadone,3,"Deaths per 100,000 resident population, crude",2,Age,1,35-44 years,1.4,2002,4,35-44 years,1.5,1.8,NULL
Drug overdose death rates,Drug overdose deaths involving methadone,3,"Deaths per 100,000 resident population, crude",2,Age,1,35-44 years,1.4,2003,5,35-44 years,1.5,2.2,NULL
Drug overdose death rates,Drug overdose deaths involving methadone,3,"Deaths per 100,000 resident population, crude",2,Age,1,35-44 years,1.4,2004,6,35-44 years,1.5,2.6,NULL
Drug overdose death rates,Drug overdose deaths involving methadone,3,"Deaths per 100,000 resident population, crude",2,Age,1,35-44 years,1.4,2005,7,35-44 years,1.5,2.8,NULL
Drug overdose death rates,Drug overdose deaths involving methadone,3,"Deaths per 100,000 resident population, crude",2,Age,1,35-44 years,1.4,2006,8,35-44 years,1.5,3.2,NULL
Drug overdose death rates,Drug overdose deaths involving methadone,3,"Deaths per 100,000 resident population, crude",2,Age,1,35-44 years,1.4,2007,9,35-44 years,1.5,3.0,NULL
Drug overdose death rates,Drug overdose deaths involving methadone,3,"Deaths per 100,000 resident population, crude",2,Age,1,35-44 years,1.4,2008,10,35-44 years,1.5,2.6,NULL
Drug overdose death rates,Drug overdose deaths involving methadone,3,"Deaths per 100,000 resident population, crude",2,Age,1,35-44 years,1.4,2009,11,35-44 years,1.5,2.5,NULL
Drug overdose death rates,Drug overdose deaths involving methadone,3,"Deaths per 100,000 resident population, crude",2,Age,1,35-44 years,1.4,2010,12,35-44 years,1.5,2.4,NULL
Drug overdose death rates,Drug overdose deaths involving methadone,3,"Deaths per 100,000 resident population, crude",2,Age,1,35-44 years,1.4,2011,13,35-44 years,1.5,2.5,NULL
Drug overdose death rates,Drug overdose deaths involving methadone,3,"Deaths per 100,000 resident population, crude",2,Age,1,35-44 years,1.4,2012,14,35-44 years,1.5,2.2,NULL
Drug overdose death rates,Drug overdose deaths involving methadone,3,"Deaths per 100,000 resident population, crude",2,Age,1,35-44 years,1.4,2013,15,35-44 years,1.5,2.1,NULL
Drug overdose death rates,Drug overdose deaths involving methadone,3,"Deaths per 100,000 resident population, crude",2,Age,1,35-44 years,1.4,2014,16,35-44 years,1.5,1.9,NULL
Drug overdose death rates,Drug overdose deaths involving methadone,3,"Deaths per 100,000 resident population, crude",2,Age,1,35-44 years,1.4,2015,17,35-44 years,1.5,1.8,NULL
Drug overdose death rates,Drug overdose deaths involving methadone,3,"Deaths per 100,000 resident population, crude",2,Age,1,35-44 years,1.4,2016,18,35-44 years,1.5,2.0,NULL
Drug overdose death rates,Drug overdose deaths involving methadone,3,"Deaths per 100,000 resident population, crude",2,Age,1,35-44 years,1.4,2017,19,35-44 years,1.5,1.8,NULL
Drug overdose death rates,Drug overdose deaths involving methadone,3,"Deaths per 100,000 resident population, crude",2,Age,1,45-54 years,1.5,1999,1,45-54 years,1.6,0.5,NULL
Drug overdose death rates,Drug overdose deaths involving methadone,3,"Deaths per 100,000 resident population, crude",2,Age,1,45-54 years,1.5,2000,2,45-54 years,1.6,0.7,NULL
Drug overdose death rates,Drug overdose deaths involving methadone,3,"Deaths per 100,000 resident population, crude",2,Age,1,45-54 years,1.5,2001,3,45-54 years,1.6,1.0,NULL
Drug overdose death rates,Drug overdose deaths involving methadone,3,"Deaths per 100,000 resident population, crude",2,Age,1,45-54 years,1.5,2002,4,45-54 years,1.6,1.7,NULL
Drug overdose death rates,Drug overdose deaths involving methadone,3,"Deaths per 100,000 resident population, crude",2,Age,1,45-54 years,1.5,2003,5,45-54 years,1.6,2.1,NULL
Drug overdose death rates,Drug overdose deaths involving methadone,3,"Deaths per 100,000 resident population, crude",2,Age,1,45-54 years,1.5,2004,6,45-54 years,1.6,2.5,NULL
Drug overdose death rates,Drug overdose deaths involving methadone,3,"Deaths per 100,000 resident population, crude",2,Age,1,45-54 years,1.5,2005,7,45-54 years,1.6,3.0,NULL
Drug overdose death rates,Drug overdose deaths involving methadone,3,"Deaths per 100,000 resident population, crude",2,Age,1,45-54 years,1.5,2006,8,45-54 years,1.6,3.5,NULL
Drug overdose death rates,Drug overdose deaths involving methadone,3,"Deaths per 100,000 resident population, crude",2,Age,1,45-54 years,1.5,2007,9,45-54 years,1.6,3.5,NULL
Drug overdose death rates,Drug overdose deaths involving methadone,3,"Deaths per 100,000 resident population, crude",2,Age,1,45-54 years,1.5,2008,10,45-54 years,1.6,3.3,NULL
Drug overdose death rates,Drug overdose deaths involving methadone,3,"Deaths per 100,000 resident population, crude",2,Age,1,45-54 years,1.5,2009,11,45-54 years,1.6,3.0,NULL
Drug overdose death rates,Drug overdose deaths involving methadone,3,"Deaths per 100,000 resident population, crude",2,Age,1,45-54 years,1.5,2010,12,45-54 years,1.6,2.8,NULL
Drug overdose death rates,Drug overdose deaths involving methadone,3,"Deaths per 100,000 resident population, crude",2,Age,1,45-54 years,1.5,2011,13,45-54 years,1.6,2.7,NULL
Drug overdose death rates,Drug overdose deaths involving methadone,3,"Deaths per 100,000 resident population, crude",2,Age,1,45-54 years,1.5,2012,14,45-54 years,1.6,2.3,NULL
Drug overdose death rates,Drug overdose deaths involving methadone,3,"Deaths per 100,000 resident population, crude",2,Age,1,45-54 years,1.5,2013,15,45-54 years,1.6,2.1,NULL
Drug overdose death rates,Drug overdose deaths involving methadone,3,"Deaths per 100,000 resident population, crude",2,Age,1,45-54 years,1.5,2014,16,45-54 years,1.6,2.0,NULL
Drug overdose death rates,Drug overdose deaths involving methadone,3,"Deaths per 100,000 resident population, crude",2,Age,1,45-54 years,1.5,2015,17,45-54 years,1.6,2.0,NULL
Drug overdose death rates,Drug overdose deaths involving methadone,3,"Deaths per 100,000 resident population, crude",2,Age,1,45-54 years,1.5,2016,18,45-54 years,1.6,1.8,NULL
Drug overdose death rates,Drug overdose deaths involving methadone,3,"Deaths per 100,000 resident population, crude",2,Age,1,45-54 years,1.5,2017,19,45-54 years,1.6,1.8,NULL
Drug overdose death rates,Drug overdose deaths involving methadone,3,"Deaths per 100,000 resident population, crude",2,Age,1,55-64 years,1.6,1999,u1,55-64 years,1.7,0.1,NULL
Drug overdose death rates,Drug overdose deaths involving methadone,3,"Deaths per 100,000 resident population, crude",2,Age,1,55-64 years,1.6,2000,2,55-64 years,1.7,0.2,NULL
Drug overdose death rates,Drug overdose deaths involving methadone,3,"Deaths per 100,000 resident population, crude",2,Age,1,55-64 years,1.6,2001,3,55-64 years,1.7,0.3,NULL
Drug overdose death rates,Drug overdose deaths involving methadone,3,"Deaths per 100,000 resident population, crude",2,Age,1,55-64 years,1.6,2002,4,55-64 years,1.7,0.4,NULL
Drug overdose death rates,Drug overdose deaths involving methadone,3,"Deaths per 100,000 resident population, crude",2,Age,1,55-64 years,1.6,2003,5,55-64 years,1.7,0.5,NULL
Drug overdose death rates,Drug overdose deaths involving methadone,3,"Deaths per 100,000 resident population, crude",2,Age,1,55-64 years,1.6,2004,6,55-64 years,1.7,0.7,NULL
Drug overdose death rates,Drug overdose deaths involving methadone,3,"Deaths per 100,000 resident population, crude",2,Age,1,55-64 years,1.6,2005,7,55-64 years,1.7,1.0,NULL
Drug overdose death rates,Drug overdose deaths involving methadone,3,"Deaths per 100,000 resident population, crude",2,Age,1,55-64 years,1.6,2006,8,55-64 years,1.7,1.1,NULL
Drug overdose death rates,Drug overdose deaths involving methadone,3,"Deaths per 100,000 resident population, crude",2,Age,1,55-64 years,1.6,2007,9,55-64 years,1.7,1.4,NULL
Drug overdose death rates,Drug overdose deaths involving methadone,3,"Deaths per 100,000 resident population, crude",2,Age,1,55-64 years,1.6,2008,10,55-64 years,1.7,1.2,NULL
Drug overdose death rates,Drug overdose deaths involving methadone,3,"Deaths per 100,000 resident population, crude",2,Age,1,55-64 years,1.6,2009,11,55-64 years,1.7,1.5,NULL
Drug overdose death rates,Drug overdose deaths involving methadone,3,"Deaths per 100,000 resident population, crude",2,Age,1,55-64 years,1.6,2010,12,55-64 years,1.7,1.5,NULL
Drug overdose death rates,Drug overdose deaths involving methadone,3,"Deaths per 100,000 resident population, crude",2,Age,1,55-64 years,1.6,2011,13,55-64 years,1.7,1.5,NULL
Drug overdose death rates,Drug overdose deaths involving methadone,3,"Deaths per 100,000 resident population, crude",2,Age,1,55-64 years,1.6,2012,14,55-64 years,1.7,1.5,NULL
Drug overdose death rates,Drug overdose deaths involving methadone,3,"Deaths per 100,000 resident population, crude",2,Age,1,55-64 years,1.6,2013,15,55-64 years,1.7,1.5,NULL
Drug overdose death rates,Drug overdose deaths involving methadone,3,"Deaths per 100,000 resident population, crude",2,Age,1,55-64 years,1.6,2014,16,55-64 years,1.7,1.6,NULL
Drug overdose death rates,Drug overdose deaths involving methadone,3,"Deaths per 100,000 resident population, crude",2,Age,1,55-64 years,1.6,2015,17,55-64 years,1.7,1.6,NULL
Drug overdose death rates,Drug overdose deaths involving methadone,3,"Deaths per 100,000 resident population, crude",2,Age,1,55-64 years,1.6,2016,18,55-64 years,1.7,1.7,NULL
Drug overdose death rates,Drug overdose deaths involving methadone,3,"Deaths per 100,000 resident population, crude",2,Age,1,55-64 years,1.6,2017,19,55-64 years,1.7,1.7,NULL
Drug overdose death rates,Drug overdose deaths involving methadone,3,"Deaths per 100,000 resident population, crude",2,Age,1,65-74 years,1.7,1999,1,65-74 years,1.8,NULL,*
Drug overdose death rates,Drug overdose deaths involving methadone,3,"Deaths per 100,000 resident population, crude",2,Age,1,65-74 years,1.7,2000,2,65-74 years,1.8,NULL,*
Drug overdose death rates,Drug overdose deaths involving methadone,3,"Deaths per 100,000 resident population, crude",2,Age,1,65-74 years,1.7,2001,3,65-74 years,1.8,NULL,*
Drug overdose death rates,Drug overdose deaths involving methadone,3,"Deaths per 100,000 resident population, crude",2,Age,1,65-74 years,1.7,2002,4,65-74 years,1.8,0.1,NULL
Drug overdose death rates,Drug overdose deaths involving methadone,3,"Deaths per 100,000 resident population, crude",2,Age,1,65-74 years,1.7,2003,5,65-74 years,1.8,NULL,*
Drug overdose death rates,Drug overdose deaths involving methadone,3,"Deaths per 100,000 resident population, crude",2,Age,1,65-74 years,1.7,2004,6,65-74 years,1.8,0.2,NULL
Drug overdose death rates,Drug overdose deaths involving methadone,3,"Deaths per 100,000 resident population, crude",2,Age,1,65-74 years,1.7,2005,7,65-74 years,1.8,0.2,NULL
Drug overdose death rates,Drug overdose deaths involving methadone,3,"Deaths per 100,000 resident population, crude",2,Age,1,65-74 years,1.7,2006,8,65-74 years,1.8,0.3,NULL
Drug overdose death rates,Drug overdose deaths involving methadone,3,"Deaths per 100,000 resident population, crude",2,Age,1,65-74 years,1.7,2007,9,65-74 years,1.8,0.2,NULL
Drug overdose death rates,Drug overdose deaths involving methadone,3,"Deaths per 100,000 resident population, crude",2,Age,1,65-74 years,1.7,2008,10,65-74 years,1.8,0.2,NULL
Drug overdose death rates,Drug overdose deaths involving methadone,3,"Deaths per 100,000 resident population, crude",2,Age,1,65-74 years,1.7,2009,11,65-74 years,1.8,0.3,NULL
Drug overdose death rates,Drug overdose deaths involving methadone,3,"Deaths per 100,000 resident population, crude",2,Age,1,65-74 years,1.7,2010,12,65-74 years,1.8,0.2,NULL
Drug overdose death rates,Drug overdose deaths involving methadone,3,"Deaths per 100,000 resident population, crude",2,Age,1,65-74 years,1.7,2011,13,65-74 years,1.8,0.3,NULL
Drug overdose death rates,Drug overdose deaths involving methadone,3,"Deaths per 100,000 resident population, crude",2,Age,1,65-74 years,1.7,2012,14,65-74 years,1.8,0.3,NULL
Drug overdose death rates,Drug overdose deaths involving methadone,3,"Deaths per 100,000 resident population, crude",2,Age,1,65-74 years,1.7,2013,15,65-74 years,1.8,0.4,NULL
Drug overdose death rates,Drug overdose deaths involving methadone,3,"Deaths per 100,000 resident population, crude",2,Age,1,65-74 years,1.7,2014,16,65-74 years,1.8,0.3,NULL
Drug overdose death rates,Drug overdose deaths involving methadone,3,"Deaths per 100,000 resident population, crude",2,Age,1,65-74 years,1.7,2015,17,65-74 years,1.8,0.4,NULL
Drug overdose death rates,Drug overdose deaths involving methadone,3,"Deaths per 100,000 resident population, crude",2,Age,1,65-74 years,1.7,2016,18,65-74 years,1.8,0.4,NULL
Drug overdose death rates,Drug overdose deaths involving methadone,3,"Deaths per 100,000 resident population, crude",2,Age,1,65-74 years,1.7,2017,19,65-74 years,1.8,0.5,NULL
Drug overdose death rates,Drug overdose deaths involving methadone,3,"Deaths per 100,000 resident population, crude",2,Age,1,75-84 years,1.8,999,1,75-84 years,1.9,NULL,*
Drug overdose death rates,Drug overdose deaths involving methadone,3,"Deaths per 100,000 resident population, crude",2,Age,1,75-84 years,1.8,2000,2,75-84 years,1.9,NULL,*
Drug overdose death rates,Drug overdose deaths involving methadone,3,"Deaths per 100,000 resident population, crude",2,Age,1,75-84 years,1.8,2001,3,75-84 years,1.9,NULL,*
Drug overdose death rates,Drug overdose deaths involving methadone,3,"Deaths per 100,000 resident population, crude",2,Age,1,75-84 years,1.8,2002,4,75-84 years,1.9,NULL,*
Drug overdose death rates,Drug overdose deaths involving methadone,3,"Deaths per 100,000 resident population, crude",2,Age,1,75-84 years,1.8,2003,5,75-84 years,1.9,NULL,*
Drug overdose death rates,Drug overdose deaths involving methadone,3,"Deaths per 100,000 resident population, crude",2,Age,1,75-84 years,1.8,2004,6,75-84 years,1.9,NULL,*
Drug overdose death rates,Drug overdose deaths involving methadone,3,"Deaths per 100,000 resident population, crude",2,Age,1,75-84 years,1.8,2005,7,75-84 years,1.9,NULL,*
Drug overdose death rates,Drug overdose deaths involving methadone,3,"Deaths per 100,000 resident population, crude",2,Age,1,75-84 years,1.8,2006,8,75-84 years,1.9,NULL,*
Drug overdose death rates,Drug overdose deaths involving methadone,3,"Deaths per 100,000 resident population, crude",2,Age,1,75-84 years,1.8,2007,9,75-84 years,1.9,NULL,*
Drug overdose death rates,Drug overdose deaths involving methadone,3,"Deaths per 100,000 resident population, crude",2,Age,1,75-84 years,1.8,2008,10,75-84 years,1.9,NULL,*
Drug overdose death rates,Drug overdose deaths involving methadone,3,"Deaths per 100,000 resident population, crude",2,Age,1,75-84 years,1.8,2009,11,75-84 years,1.9,NULL,*
Drug overdose death rates,Drug overdose deaths involving methadone,3,"Deaths per 100,000 resident population, crude",2,Age,1,75-84 years,1.8,2010,12,75-84 years,1.9,NULL,*
Drug overdose death rates,Drug overdose deaths involving methadone,3,"Deaths per 100,000 resident population, crude",2,Age,1,75-84 years,1.8,2011,13,75-84 years,1.9,NULL,*
Drug overdose death rates,Drug overdose deaths involving methadone,3,"Deaths per 100,000 resident population, crude",2,Age,1,75-84 years,1.8,2012,14,75-84 years,1.9,NULL,*
Drug overdose death rates,Drug overdose deaths involving methadone,3,"Deaths per 100,000 resident population, crude",2,Age,1,75-84 years,1.8,2013,15,75-84 years,1.9,NULL,*
Drug overdose death rates,Drug overdose deaths involving methadone,3,"Deaths per 100,000 resident population, crude",2,Age,1,75-84 years,1.8,2014,16,75-84 years,1.9,NULL,*
Drug overdose death rates,Drug overdose deaths involving methadone,3,"Deaths per 100,000 resident population, crude",2,Age,1,75-84 years,1.8,2015,17,75-84 years,1.9,NULL,*
Drug overdose death rates,Drug overdose deaths involving methadone,3,"Deaths per 100,000 resident population, crude",2,Age,1,75-84 years,1.8,2016,18,75-84 years,1.9,NULL,*
Drug overdose death rates,Drug overdose deaths involving methadone,3,"Deaths per 100,000 resident population, crude",2,Age,1,75-84 years,1.8,2017,19,75-84 years,1.9,NULL,*
Drug overdose death rates,Drug overdose deaths involving methadone,3,"Deaths per 100,000 resident population, crude",2,Age,1,85 years and over,1.9,1999,1,85 years and over,1.91,NULL,*
Drug overdose death rates,Drug overdose deaths involving methadone,3,"Deaths per 100,000 resident population, crude",2,Age,1,85 years and over,1.9,2000,2,85 years and over,1.91,NULL,*
Drug overdose death rates,Drug overdose deaths involving methadone,3,"Deaths per 100,000 resident population, crude",2,Age,1,85 years and over,1.9,2001,3,85 years and over,1.91,NULL,*
Drug overdose death rates,Drug overdose deaths involving methadone,3,"Deaths per 100,000 resident population, crude",2,Age,1,85 years and over,1.9,2002,4,85 years and over,1.91,NULL,*
Drug overdose death rates,Drug overdose deaths involving methadone,3,"Deaths per 100,000 resident population, crude",2,Age,1,85 years and over,1.9,2003,5,85 years and over,1.91,NULL,*
Drug overdose death rates,Drug overdose deaths involving methadone,3,"Deaths per 100,000 resident population, crude",2,Age,1,85 years and over,1.9,2004,6,85 years and over,1.91,NULL,*
Drug overdose death rates,Drug overdose deaths involving methadone,3,"Deaths per 100,000 resident population, crude",2,Age,1,85 years and over,1.9,2005,7,85 years and over,1.91,NULL,*
Drug overdose death rates,Drug overdose deaths involving methadone,3,"Deaths per 100,000 resident population, crude",2,Age,1,85 years and over,1.9,2006,8,85 years and over,1.91,NULL,*
Drug overdose death rates,Drug overdose deaths involving methadone,3,"Deaths per 100,000 resident population, crude",2,Age,1,85 years and over,1.9,2007,9,85 years and over,1.91,NULL,*
Drug overdose death rates,Drug overdose deaths involving methadone,3,"Deaths per 100,000 resident population, crude",2,Age,1,85 years and over,1.9,2008,10,85 years and over,1.91,NULL,*
Drug overdose death rates,Drug overdose deaths involving methadone,3,"Deaths per 100,000 resident population, crude",2,Age,1,85 years and over,1.9,2009,11,85 years and over,1.91,NULL,*
Drug overdose death rates,Drug overdose deaths involving methadone,3,"Deaths per 100,000 resident population, crude",2,Age,1,85 years and over,1.9,2010,12,85 years and over,1.91,NULL,*
Drug overdose death rates,Drug overdose deaths involving methadone,3,"Deaths per 100,000 resident population, crude",2,Age,1,85 years and over,1.9,2011,13,85 years and over,1.91,NULL,*
Drug overdose death rates,Drug overdose deaths involving methadone,3,"Deaths per 100,000 resident population, crude",2,Age,1,85 years and over,1.9,2012,14,85 years and over,1.91,NULL,*
Drug overdose death rates,Drug overdose deaths involving methadone,3,"Deaths per 100,000 resident population, crude",2,Age,1,85 years and over,1.9,2013,15,85 years and over,1.91,NULL,*
Drug overdose death rates,Drug overdose deaths involving methadone,3,"Deaths per 100,000 resident population, crude",2,Age,1,85 years and over,1.9,2014,16,85 years and over,1.91,NULL,*
Drug overdose death rates,Drug overdose deaths involving methadone,3,"Deaths per 100,000 resident population, crude",2,Age,1,85 years and over,1.9,2015,17,85 years and over,1.91,NULL,*
Drug overdose death rates,Drug overdose deaths involving methadone,3,"Deaths per 100,000 resident population, crude",2,Age,1,85 years and over,1.9,2016,18,85 years and over,1.91,NULL,*
Drug overdose death rates,Drug overdose deaths involving methadone,3,"Deaths per 100,000 resident population, crude",2,Age,1,85 years and over,1.9,2017,19,85 years and over,1.91,NULL,*
Drug overdose death rates,Drug overdose deaths involving methadone,3,"Deaths per 100,000 resident population, crude",2,Sex,2,Male,2.1,1999,1,All ages,1.1,0.4,NULL
Drug overdose death rates,Drug overdose deaths involving methadone,3,"Deaths per 100,000 resident population, crude",2,Sex,2,Male,2.1,2000,2,All ages,1.1,0.5,NULL
Drug overdose death rates,Drug overdose deaths involving methadone,3,"Deaths per 100,000 resident population, crude",2,Sex,2,Male,2.1,2001,3,All ages,1.1,0.7,NULL
Drug overdose death rates,Drug overdose deaths involving methadone,3,"Deaths per 100,000 resident population, crude",2,Sex,2,Male,2.1,2002,4,All ages,1.1,1.1,NULL
Drug overdose death rates,Drug overdose deaths involving methadone,3,"Deaths per 100,000 resident population, crude",2,Sex,2,Male,2.1,2003,5,All ages,1.1,1.4,NULL
Drug overdose death rates,Drug overdose deaths involving methadone,3,"Deaths per 100,000 resident population, crude",2,Sex,2,Male,2.1,2004,6,All ages,1.1,1.7,NULL
Drug overdose death rates,Drug overdose deaths involving methadone,3,"Deaths per 100,000 resident population, crude",2,Sex,2,Male,2.1,2005,7,All ages,1.1,2.0,NULL
Drug overdose death rates,Drug overdose deaths involving methadone,3,"Deaths per 100,000 resident population, crude",2,Sex,2,Male,2.1,2006,8,All ages,1.1,2.5,NULL
Drug overdose death rates,Drug overdose deaths involving methadone,3,"Deaths per 100,000 resident population, crude",2,Sex,2,Male,2.1,2007,9,All ages,1.1,2.4,NULL
Drug overdose death rates,Drug overdose deaths involving methadone,3,"Deaths per 100,000 resident population, crude",2,Sex,2,Male,2.1,2008,10,All ages,1.1,2.1,NULL
Drug overdose death rates,Drug overdose deaths involving methadone,3,"Deaths per 100,000 resident population, crude",2,Sex,2,Male,2.1,2009,11,All ages,1.1,2.0,NULL
Drug overdose death rates,Drug overdose deaths involving methadone,3,"Deaths per 100,000 resident population, crude",2,Sex,2,Male,2.1,2010,12,All ages,1.1,1.9,NULL
Drug overdose death rates,Drug overdose deaths involving methadone,3,"Deaths per 100,000 resident population, crude",2,Sex,2,Male,2.1,2011,13,All ages,1.1,1.8,NULL
Drug overdose death rates,Drug overdose deaths involving methadone,3,"Deaths per 100,000 resident population, crude",2,Sex,2,Male,2.1,2012,14,All ages,1.1,1.6,NULL
Drug overdose death rates,Drug overdose deaths involving methadone,3,"Deaths per 100,000 resident population, crude",2,Sex,2,Male,2.1,2013,15,All ages,1.1,1.4,NULL
Drug overdose death rates,Drug overdose deaths involving methadone,3,"Deaths per 100,000 resident population, crude",2,Sex,2,Male,2.1,2014,16,All ages,1.1,1.3,NULL
Drug overdose death rates,Drug overdose deaths involving methadone,3,"Deaths per 100,000 resident population, crude",2,Sex,2,Male,2.1,2015,17,All ages,1.1,1.2,NULL
Drug overdose death rates,Drug overdose deaths involving methadone,3,"Deaths per 100,000 resident population, crude",2,Sex,2,Male,2.1,2016,18,All ages,1.1,1.3,NULL
Drug overdose death rates,Drug overdose deaths involving methadone,3,"Deaths per 100,000 resident population, crude",2,Sex,2,Male,2.1,2017,19,All ages,1.1,1.2,NULL
Drug overdose death rates,Drug overdose deaths involving methadone,3,"Deaths per 100,000 resident population, crude",2,Sex,2,Female,2.2,1999,1,All ages,1.1,0.2,NULL
Drug overdose death rates,Drug overdose deaths involving methadone,3,"Deaths per 100,000 resident population, crude",2,Sex,2,Female,2.2,2000,2,All ages,1.1,0.2,NULL
Drug overdose death rates,Drug overdose deaths involving methadone,3,"Deaths per 100,000 resident population, crude",2,Sex,2,Female,2.2,2001,3,All ages,1.1,0.3,NULL
Drug overdose death rates,Drug overdose deaths involving methadone,3,"Deaths per 100,000 resident population, crude",2,Sex,2,Female,2.2,2002,4,All ages,1.1,0.6,NULL
Drug overdose death rates,Drug overdose deaths involving methadone,3,"Deaths per 100,000 resident population, crude",2,Sex,2,Female,2.2,2003,5,All ages,1.1,0.7,NULL
Drug overdose death rates,Drug overdose deaths involving methadone,3,"Deaths per 100,000 resident population, crude",2,Sex,2,Female,2.2,2004,6,All ages,1.1,0.9,NULL
Drug overdose death rates,Drug overdose deaths involving methadone,3,"Deaths per 100,000 resident population, crude",2,Sex,2,Female,2.2,2005,7,All ages,1.1,1.0,NULL
Drug overdose death rates,Drug overdose deaths involving methadone,3,"Deaths per 100,000 resident population, crude",2,Sex,2,Female,2.2,2006,8,All ages,1.1,1.2,NULL
Drug overdose death rates,Drug overdose deaths involving methadone,3,"Deaths per 100,000 resident population, crude",2,Sex,2,Female,2.2,2007,9,All ages,1.1,1.3,NULL
Drug overdose death rates,Drug overdose deaths involving methadone,3,"Deaths per 100,000 resident population, crude",2,Sex,2,Female,2.2,2008,10,All ages,1.1,1.1,NULL
Drug overdose death rates,Drug overdose deaths involving methadone,3,"Deaths per 100,000 resident population, crude",2,Sex,2,Female,2.2,2009,11,All ages,1.1,1.1,NULL
Drug overdose death rates,Drug overdose deaths involving methadone,3,"Deaths per 100,000 resident population, crude",2,Sex,2,Female,2.2,2010,12,All ages,1.1,1.0,NULL
Drug overdose death rates,Drug overdose deaths involving methadone,3,"Deaths per 100,000 resident population, crude",2,Sex,2,Female,2.2,2011,13,All ages,1.1,1.1,NULL
Drug overdose death rates,Drug overdose deaths involving methadone,3,"Deaths per 100,000 resident population, crude",2,Sex,2,Female,2.2,2012,14,All ages,1.1,0.9,NULL
Drug overdose death rates,Drug overdose deaths involving methadone,3,"Deaths per 100,000 resident population, crude",2,Sex,2,Female,2.2,2013,15,All ages,1.1,0.9,NULL
Drug overdose death rates,Drug overdose deaths involving methadone,3,"Deaths per 100,000 resident population, crude",2,Sex,2,Female,2.2,2014,16,All ages,1.1,0.9,NULL
Drug overdose death rates,Drug overdose deaths involving methadone,3,"Deaths per 100,000 resident population, crude",2,Sex,2,Female,2.2,2015,17,All ages,1.1,0.8,NULL
Drug overdose death rates,Drug overdose deaths involving methadone,3,"Deaths per 100,000 resident population, crude",2,Sex,2,Female,2.2,2016,18,All ages,1.1,0.8,NULL
Drug overdose death rates,Drug overdose deaths involving methadone,3,"Deaths per 100,000 resident population, crude",2,Sex,2,Female,2.2,2017,19,All ages,1.1,0.8,NULL
Drug overdose death rates,Drug overdose deaths involving methadone,3,"Deaths per 100,000 resident population, crude",2,Sex and age,3,Male: Under 15 years,3.11,199p9,1,Under 15 years,1.2,NULL,*
Drug overdose death rates,Drug overdose deaths involving methadone,3,"Deaths per 100,000 resident population, crude",2,Sex and age,3,Male: Under 15 years,3.11,2000,2,Under 15 years,1.2,NULL,*
Drug overdose death rates,Drug overdose deaths involving methadone,3,"Deaths per 100,000 resident population, crude",2,Sex and age,3,Male: Under 15 years,3.11,2001,3,Under 15 years,1.2,NULL,*
Drug overdose death rates,Drug overdose deaths involving methadone,3,"Deaths per 100,000 resident population, crude",2,Sex and age,3,Male: Under 15 years,3.11,2002,4,Under 15 years,1.2,NULL,*
Drug overdose death rates,Drug overdose deaths involving methadone,3,"Deaths per 100,000 resident population, crude",2,Sex and age,3,Male: Under 15 years,3.11,2003,5,Under 15 years,1.2,NULL,*
Drug overdose death rates,Drug overdose deaths involving methadone,3,"Deaths per 100,000 resident population, crude",2,Sex and age,3,Male: Under 15 years,3.11,2004,6,Under 15 years,1.2,NULL,*
Drug overdose death rates,Drug overdose deaths involving methadone,3,"Deaths per 100,000 resident population, crude",2,Sex and age,3,Male: Under 15 years,3.11,2005,7,Under 15 years,1.2,NULL,*
Drug overdose death rates,Drug overdose deaths involving methadone,3,"Deaths per 100,000 resident population, crude",2,Sex and age,3,Male: Under 15 years,3.11,2006,8,Under 15 years,1.2,NULL,*
Drug overdose death rates,Drug overdose deaths involving methadone,3,"Deaths per 100,000 resident population, crude",2,Sex and age,3,Male: Under 15 years,3.11,2007,9,Under 15 years,1.2,0.1,NULL
Drug overdose death rates,Drug overdose deaths involving methadone,3,"Deaths per 100,000 resident population, crude",2,Sex and age,3,Male: Under 15 years,3.11,2008,10,Under 15 years,1.2,NULL,*
Drug overdose death rates,Drug overdose deaths involving methadone,3,"Deaths per 100,000 resident population, crude",2,Sex and age,3,Male: Under 15 years,3.11,2009,11,Under 15 years,1.2,NULL,*
Drug overdose death rates,Drug overdose deaths involving methadone,3,"Deaths per 100,000 resident population, crude",2,Sex and age,3,Male: Under 15 years,3.11,2010,12,Under 15 years,1.2,NULL,*
Drug overdose death rates,Drug overdose deaths involving methadone,3,"Deaths per 100,000 resident population, crude",2,Sex and age,3,Male: Under 15 years,3.11,2011,13,Under 15 years,1.2,NULL,*
Drug overdose death rates,Drug overdose deaths involving methadone,3,"Deaths per 100,000 resident population, crude",2,Sex and age,3,Male: Under 15 years,3.11,2012,14,Under 15 years,1.2,NULL,*
Drug overdose death rates,Drug overdose deaths involving methadone,3,"Deaths per 100,000 resident population, crude",2,Sex and age,3,Male: Under 15 years,3.11,2013,15,Under 15 years,1.2,NULL,*
Drug overdose death rates,Drug overdose deaths involving methadone,3,"Deaths per 100,000 resident population, crude",2,Sex and age,3,Male: Under 15 years,3.11,2014,16,Under 15 years,1.2,NULL,*
Drug overdose death rates,Drug overdose deaths involving methadone,3,"Deaths per 100,000 resident population, crude",2,Sex and age,3,Male: Under 15 years,3.11,2015,17,Under 15 years,1.2,NULL,*
Drug overdose death rates,Drug overdose deaths involving methadone,3,"Deaths per 100,000 resident population, crude",2,Sex and age,3,Male: Under 15 years,3.11,2016,18,Under 15 years,1.2,NULL,*
Drug overdose death rates,Drug overdose deaths involving methadone,3,"Deaths per 100,000 resident population, crude",2,Sex and age,3,Male: Under 15 years,3.11,2017,19,Under 15 years,1.2,NULL,*
Drug overdose death rates,Drug overdose deaths involving methadone,3,"Deaths per 100,000 resident population, crude",2,Sex and age,3,Male: 15-24 years,3.12,1999,1,15-24 years,1.3,0.2,NULL
Drug overdose death rates,Drug overdose deaths involving methadone,3,"Deaths per 100,000 resident population, crude",2,Sex and age,3,Male: 15-24 years,3.12,2000,2,15-24 years,1.3,0.3,NULL
Drug overdose death rates,Drug overdose deaths involving methadone,3,"Deaths per 100,000 resident population, crude",2,Sex and age,3,Male: 15-24 years,3.12,2001,3,15-24 years,1.3,0.6,NULL
Drug overdose death rates,Drug overdose deaths involving methadone,3,"Deaths per 100,000 resident population, crude",2,Sex and age,3,Male: 15-24 years,3.12,2002,4,15-24 years,1.3,1.1,NULL
Drug overdose death rates,Drug overdose deaths involving methadone,3,"Deaths per 100,000 resident population, crude",2,Sex and age,3,Male: 15-24 years,3.12,2003,5,15-24 years,1.3,1.7,NULL
Drug overdose death rates,Drug overdose deaths involving methadone,3,"Deaths per 100,000 resident population, crude",2,Sex and age,3,Male: 15-24 years,3.12,2004,6,15-24 years,1.3,2.3,NULL
Drug overdose death rates,Drug overdose deaths involving methadone,3,"Deaths per 100,000 resident population, crude",2,Sex and age,3,Male: 15-24 years,3.12,2005,7,15-24 years,1.3,2.2,NULL
Drug overdose death rates,Drug overdose deaths involving methadone,3,"Deaths per 100,000 resident population, crude",2,Sex and age,3,Male: 15-24 years,3.12,2006,8,15-24 years,1.3,3.0,NULL
Drug overdose death rates,Drug overdose deaths involving methadone,3,"Deaths per 100,000 resident population, crude",2,Sex and age,3,Male: 15-24 years,3.12,2007,9,15-24 years,1.3,3.0,NULL
Drug overdose death rates,Drug overdose deaths involving methadone,3,"Deaths per 100,000 resident population, crude",2,Sex and age,3,Male: 15-24 years,3.12,2008,10,15-24 years,1.3,2.5,NULL
Drug overdose death rates,Drug overdose deaths involving methadone,3,"Deaths per 100,000 resident population, crude",2,Sex and age,3,Male: 15-24 years,3.12,2009,11,15-24 years,1.3,2.2,NULL
Drug overdose death rates,Drug overdose deaths involving methadone,3,"Deaths per 100,000 resident population, crude",2,Sex and age,3,Male: 15-24 years,3.12,2010,12,15-24 years,1.3,1.9,NULL
Drug overdose death rates,Drug overdose deaths involving methadone,3,"Deaths per 100,000 resident population, crude",2,Sex and age,3,Male: 15-24 years,3.12,2011,13,15-24 years,1.3,1.7,NULL
Drug overdose death rates,Drug overdose deaths involving methadone,3,"Deaths per 100,000 resident population, crude",2,Sex and age,3,Male: 15-24 years,3.12,2012,14,15-24 years,1.3,1.2,NULL
Drug overdose death rates,Drug overdose deaths involving methadone,3,"Deaths per 100,000 resident population, crude",2,Sex and age,3,Male: 15-24 years,3.12,2013,15,15-24 years,1.3,0.9,NULL
Drug overdose death rates,Drug overdose deaths involving methadone,3,"Deaths per 100,000 resident population, crude",2,Sex and age,3,Male: 15-24 years,3.12,2014,16,15-24 years,1.3,0.8,NULL
Drug overdose death rates,Drug overdose deaths involving methadone,3,"Deaths per 100,000 resident population, crude",2,Sex and age,3,Male: 15-24 years,3.12,2015,17,15-24 years,1.3,0.7,NULL
Drug overdose death rates,Drug overdose deaths involving methadone,3,"Deaths per 100,000 resident population, crude",2,Sex and age,3,Male: 15-24 years,3.12,2016,18,15-24 years,1.3,0.6,NULL
Drug overdose death rates,Drug overdose deaths involving methadone,3,"Deaths per 100,000 resident population, crude",2,Sex and age,3,Male: 15-24 years,3.12,2017,19,15-24 years,1.3,0.5,NULL
Drug overdose death rates,Drug overdose deaths involving methadone,3,"Deaths per 100,000 resident population, crude",2,Sex and age,3,Male: 25-34 years,3.13,1999,1,25-34 years,1.4,0.5,NULL
Drug overdose death rates,Drug overdose deaths involving methadone,3,"Deaths per 100,000 resident population, crude",2,Sex and age,3,Male: 25-34 years,3.13,2000,2,25-34 years,1.4,0.6,NULL
Drug overdose death rates,Drug overdose deaths involving methadone,3,"Deaths per 100,000 resident population, crude",2,Sex and age,3,Male: 25-34 years,3.13,2001,3,25-34 years,1.4,0.9,NULL
Drug overdose death rates,Drug overdose deaths involving methadone,3,"Deaths per 100,000 resident population, crude",2,Sex and age,3,Male: 25-34 years,3.13,2002,4,25-34 years,1.4,1.6,NULL
Drug overdose death rates,Drug overdose deaths involving methadone,3,"Deaths per 100,000 resident population, crude",2,Sex and age,3,Male: 25-34 years,3.13,2003,5,25-34 years,1.4,1.8,NULL
Drug overdose death rates,Drug overdose deaths involving methadone,3,"Deaths per 100,000 resident population, crude",2,Sex and age,3,Male: 25-34 years,3.13,2004,6,25-34 years,1.4,2.9,NULL
Drug overdose death rates,Drug overdose deaths involving methadone,3,"Deaths per 100,000 resident population, crude",2,Sex and age,3,Male: 25-34 years,3.13,2005,7,25-34 years,1.4,3.4,NULL
Drug overdose death rates,Drug overdose deaths involving methadone,3,"Deaths per 100,000 resident population, crude",2,Sex and age,3,Male: 25-34 years,3.13,2006,8,25-34 years,1.4,4.5,NULL
Drug overdose death rates,Drug overdose deaths involving methadone,3,"Deaths per 100,000 resident population, crude",2,Sex and age,3,Male: 25-34 years,3.13,2007,9,25-34 years,1.4,4.8,NULL
Drug overdose death rates,Drug overdose deaths involving methadone,3,"Deaths per 100,000 resident population, crude",2,Sex and age,3,Male: 25-34 years,3.13,2008,10,25-34 years,1.4,4.1,NULL
Drug overdose death rates,Drug overdose deaths involving methadone,3,"Deaths per 100,000 resident population, crude",2,Sex and age,3,Male: 25-34 years,3.13,2009,11,25-34 years,1.4,3.8,NULL
Drug overdose death rates,Drug overdose deaths involving methadone,3,"Deaths per 100,000 resident population, crude",2,Sex and age,3,Male: 25-34 years,3.13,2010,12,25-34 years,1.4,4.0,NULL
Drug overdose death rates,Drug overdose deaths involving methadone,3,"Deaths per 100,000 resident population, crude",2,Sex and age,3,Male: 25-34 years,3.13,2011,13,25-34 years,1.4,3.5,NULL
Drug overdose death rates,Drug overdose deaths involving methadone,3,"Deaths per 100,000 resident population, crude",2,Sex and age,3,Male: 25-34 years,3.13,2012,14,25-34 years,1.4,3.2,NULL
Drug overdose death rates,Drug overdose deaths involving methadone,3,"Deaths per 100,000 resident population, crude",2,Sex and age,3,Male: 25-34 years,3.13,2013,15,25-34 years,1.4,2.6,NULL
Drug overdose death rates,Drug overdose deaths involving methadone,3,"Deaths per 100,000 resident population, crude",2,Sex and age,3,Male: 25-34 years,3.13,2014,16,25-34 years,1.4,2.4,NULL
Drug overdose death rates,Drug overdose deaths involving methadone,3,"Deaths per 100,000 resident population, crude",2,Sex and age,3,Male: 25-34 years,3.13,2015,17,25-34 years,1.4,2.2,NULL
Drug overdose death rates,Drug overdose deaths involving methadone,3,"Deaths per 100,000 resident population, crude",2,Sex and age,3,Male: 25-34 years,3.13,2016,18,25-34 years,1.4,2.2,NULL
Drug overdose death rates,Drug overdose deaths involving methadone,3,"Deaths per 100,000 resident population, crude",2,Sex and age,3,Male: 25-34 years,3.13,2017,19,25-34 years,1.4,1.8,NULL
Drug overdose death rates,Drug overdose deaths involving methadone,3,"Deaths per 100,000 resident population, crude",2,Sex and age,3,Male: 35-44 years,3.14,1999,1,35-44 years,1.5,1.0,NULL
Drug overdose death rates,Drug overdose deaths involving methadone,3,"Deaths per 100,000 resident population, crude",2,Sex and age,3,Male: 35-44 years,3.14,2000,2,35-44 years,1.5,1.1,NULL
Drug overdose death rates,Drug overdose deaths involving methadone,3,"Deaths per 100,000 resident population, crude",2,Sex and age,3,Male: 35-44 years,3.14,2001,3,35-44 years,1.5,1.5,NULL
Drug overdose death rates,Drug overdose deaths involving methadone,3,"Deaths per 100,000 resident population, crude",2,Sex and age,3,Male: 35-44 years,3.14,2002,4,35-44 years,1.5,2.1,NULL
Drug overdose death rates,Drug overdose deaths involving methadone,3,"Deaths per 100,000 resident population, crude",2,Sex and age,3,Male: 35-44 years,3.14,2003,5,35-44 years,1.5,2.6,NULL
Drug overdose death rates,Drug overdose deaths involving methadone,3,"Deaths per 100,000 resident population, crude",2,Sex and age,3,Male: 35-44 years,3.14,2004,6,35-44 years,1.5,3.1,NULL
Drug overdose death rates,Drug overdose deaths involving methadone,3,"Deaths per 100,000 resident population, crude",2,Sex and age,3,Male: 35-44 years,3.14,2005,7,35-44 years,1.5,3.5,NULL
Drug overdose death rates,Drug overdose deaths involving methadone,3,"Deaths per 100,000 resident population, crude",2,Sex and age,3,Male: 35-44 years,3.14,2006,8,35-44 years,1.5,4.0,NULL
Drug overdose death rates,Drug overdose deaths involving methadone,3,"Deaths per 100,000 resident population, crude",2,Sex and age,3,Male: 35-44 years,3.14,2007,9,35-44 years,1.5,3.7,NULL
Drug overdose death rates,Drug overdose deaths involving methadone,3,"Deaths per 100,000 resident population, crude",2,Sex and age,3,Male: 35-44 years,3.14,2008,10,35-44 years,1.5,3.2,NULL
Drug overdose death rates,Drug overdose deaths involving methadone,3,"Deaths per 100,000 resident population, crude",2,Sex and age,3,Male: 35-44 years,3.14,2009,11,35-44 years,1.5,3.2,NULL
Drug overdose death rates,Drug overdose deaths involving methadone,3,"Deaths per 100,000 resident population, crude",2,Sex and age,3,Male: 35-44 years,3.14,2010,12,35-44 years,1.5,2.9,NULL
Drug overdose death rates,Drug overdose deaths involving methadone,3,"Deaths per 100,000 resident population, crude",2,Sex and age,3,Male: 35-44 years,3.14,2011,13,35-44 years,1.5,3.0,NULL
Drug overdose death rates,Drug overdose deaths involving methadone,3,"Deaths per 100,000 resident population, crude",2,Sex and age,3,Male: 35-44 years,3.14,2012,14,35-44 years,1.5,2.7,NULL
Drug overdose death rates,Drug overdose deaths involving methadone,3,"Deaths per 100,000 resident population, crude",2,Sex and age,3,Male: 35-44 years,3.14,2013,15,35-44 years,1.5,2.3,NULL
Drug overdose death rates,Drug overdose deaths involving methadone,3,"Deaths per 100,000 resident population, crude",2,Sex and age,3,Male: 35-44 years,3.14,2014,16,35-44 years,1.5,2.2,NULL
Drug overdose death rates,Drug overdose deaths involving methadone,3,"Deaths per 100,000 resident population, crude",2,Sex and age,3,Male: 35-44 years,3.14,2015,17,35-44 years,1.5,2.1,NULL
Drug overdose death rates,Drug overdose deaths involving methadone,3,"Deaths per 100,000 resident population, crude",2,Sex and age,3,Male: 35-44 years,3.14,2016,18,35-44 years,1.5,2.4,NULL
Drug overdose death rates,Drug overdose deaths involving methadone,3,"Deaths per 100,000 resident population, crude",2,Sex and age,3,Male: 35-44 years,3.14,2017,19,35-44 years,1.5,2.0,NULL
Drug overdose death rates,Drug overdose deaths involving methadone,3,"Deaths per 100,000 resident population, crude",2,Sex and age,3,Male: 45-54 years,3.15,1999,1,45-54 years,1.6,0.7,NULL
Drug overdose death rates,Drug overdose deaths involving methadone,3,"Deaths per 100,000 resident population, crude",2,Sex and age,3,Male: 45-54 years,3.15,2000,2,45-54 years,1.6,0.9,NULL
Drug overdose death rates,Drug overdose deaths involving methadone,3,"Deaths per 100,000 resident population, crude",2,Sex and age,3,Male: 45-54 years,3.15,2001,3,45-54 years,1.6,1.4,NULL
Drug overdose death rates,Drug overdose deaths involving methadone,3,"Deaths per 100,000 resident population, crude",2,Sex and age,3,Male: 45-54 years,3.15,2002,4,45-54 years,1.6,2.1,NULL
Drug overdose death rates,Drug overdose deaths involving methadone,3,"Deaths per 100,000 resident population, crude",2,Sex and age,3,Male: 45-54 years,3.15,2003,5,45-54 years,1.6,2.6,NULL
Drug overdose death rates,Drug overdose deaths involving methadone,3,"Deaths per 100,000 resident population, crude",2,Sex and age,3,Male: 45-54 years,3.15,2004,6,45-54 years,1.6,3.0,NULL
Drug overdose death rates,Drug overdose deaths involving methadone,3,"Deaths per 100,000 resident population, crude",2,Sex and age,3,Male: 45-54 years,3.15,2005,7,45-54 years,1.6,3.7,NULL
Drug overdose death rates,Drug overdose deaths involving methadone,3,"Deaths per 100,000 resident population, crude",2,Sex and age,3,Male: 45-54 years,3.15,2006,8,45-54 years,1.6,4.3,NULL
Drug overdose death rates,Drug overdose deaths involving methadone,3,"Deaths per 100,000 resident population, crude",2,Sex and age,3,Male: 45-54 years,3.15,2007,9,45-54 years,1.6,4.1,NULL
Drug overdose death rates,Drug overdose deaths involving methadone,3,"Deaths per 100,000 resident population, crude",2,Sex and age,3,Male: 45-54 years,3.15,2008,10,45-54 years,1.6,3.9,NULL
Drug overdose death rates,Drug overdose deaths involving methadone,3,"Deaths per 100,000 resident population, crude",2,Sex and age,3,Male: 45-54 years,3.15,2009,11,45-54 years,1.6,3.3,NULL
Drug overdose death rates,Drug overdose deaths involving methadone,3,"Deaths per 100,000 resident population, crude",2,Sex and age,3,Male: 45-54 years,3.15,2010,12,45-54 years,1.6,3.2,NULL
Drug overdose death rates,Drug overdose deaths involving methadone,3,"Deaths per 100,000 resident population, crude",2,Sex and age,3,Male: 45-54 years,3.15,2011,13,45-54 years,1.6,3.0,NULL
Drug overdose death rates,Drug overdose deaths involving methadone,3,"Deaths per 100,000 resident population, crude",2,Sex and age,3,Male: 45-54 years,3.15,2012,14,45-54 years,1.6,2.5,NULL
Drug overdose death rates,Drug overdose deaths involving methadone,3,"Deaths per 100,000 resident population, crude",2,Sex and age,3,Male: 45-54 years,3.15,2013,15,45-54 years,1.6,2.3,NULL
Drug overdose death rates,Drug overdose deaths involving methadone,3,"Deaths per 100,000 resident population, crude",2,Sex and age,3,Male: 45-54 years,3.15,2014,16,45-54 years,1.6,2.1,NULL
Drug overdose death rates,Drug overdose deaths involving methadone,3,"Deaths per 100,000 resident population, crude",2,Sex and age,3,Male: 45-54 years,3.15,2015,17,45-54 years,1.6,2.0,NULL
Drug overdose death rates,Drug overdose deaths involving methadone,3,"Deaths per 100,000 resident population, crude",2,Sex and age,3,Male: 45-54 years,3.15,2016,18,45-54 years,1.6,2.0,NULL
Drug overdose death rates,Drug overdose deaths involving methadone,3,"Deaths per 100,000 resident population, crude",2,Sex and age,3,Male: 45-54 years,3.15,2017,19,45-54 years,1.6,2.0,NULL
Drug overdose death rates,Drug overdose deaths involving methadone,3,"Deaths per 100,000 resident population, crude",2,Sex and age,3,Male: 55-64 years,3.16,1999,1,55-64 years,1.7,NULL,*
Drug overdose death rates,Drug overdose deaths involving methadone,3,"Deaths per 100,000 resident population, crude",2,Sex and age,3,Male: 55-64 years,3.16,2000,2,55-64 years,1.7,0.2,NULL
Drug overdose death rates,Drug overdose deaths involving methadone,3,"Deaths per 100,000 resident population, crude",2,Sex and age,3,Male: 55-64 years,3.16,2001,3,55-64 years,1.7,0.4,NULL
Drug overdose death rates,Drug overdose deaths involving methadone,3,"Deaths per 100,000 resident population, crude",2,Sex and age,3,Male: 55-64 years,3.16,2002,4,55-64 years,1.7,0.5,NULL
Drug overdose death rates,Drug overdose deaths involving methadone,3,"Deaths per 100,000 resident population, crude",2,Sex and age,3,Male: 55-64 years,3.16,2003,5,55-64 years,1.7,0.7,NULL
Drug overdose death rates,Drug overdose deaths involving methadone,3,"Deaths per 100,000 resident population, crude",2,Sex and age,3,Male: 55-64 years,3.16,2004,6,55-64 years,1.7,0.8,NULL
Drug overdose death rates,Drug overdose deaths involving methadone,3,"Deaths per 100,000 resident population, crude",2,Sex and age,3,Male: 55-64 years,3.16,2005,7,55-64 years,1.7,1.3,NULL
Drug overdose death rates,Drug overdose deaths involving methadone,3,"Deaths per 100,000 resident population, crude",2,Sex and age,3,Male: 55-64 years,3.16,2006,8,55-64 years,1.7,1.4,NULL
Drug overdose death rates,Drug overdose deaths involving methadone,3,"Deaths per 100,000 resident population, crude",2,Sex and age,3,Male: 55-64 years,3.16,2007,9,55-64 years,1.7,1.7,NULL
Drug overdose death rates,Drug overdose deaths involving methadone,3,"Deaths per 100,000 resident population, crude",2,Sex and age,3,Male: 55-64 years,3.16,2008,10,55-64 years,1.7,1.5,NULL
Drug overdose death rates,Drug overdose deaths involving methadone,3,"Deaths per 100,000 resident population, crude",2,Sex and age,3,Male: 55-64 years,3.16,2009,11,55-64 years,1.7,1.9,NULL
Drug overdose death rates,Drug overdose deaths involving methadone,3,"Deaths per 100,000 resident population, crude",2,Sex and age,3,Male: 55-64 years,3.16,2010,12,55-64 years,1.7,1.9,NULL
Drug overdose death rates,Drug overdose deaths involving methadone,3,"Deaths per 100,000 resident population, crude",2,Sex and age,3,Male: 55-64 years,3.16,2011,13,55-64 years,1.7,1.7,NULL
Drug overdose death rates,Drug overdose deaths involving methadone,3,"Deaths per 100,000 resident population, crude",2,Sex and age,3,Male: 55-64 years,3.16,2012,14,55-64 years,1.7,1.9,NULL
Drug overdose death rates,Drug overdose deaths involving methadone,3,"Deaths per 100,000 resident population, crude",2,Sex and age,3,Male: 55-64 years,3.16,2013,15,55-64 years,1.7,1.8,NULL
Drug overdose death rates,Drug overdose deaths involving methadone,3,"Deaths per 100,000 resident population, crude",2,Sex and age,3,Male: 55-64 years,3.16,2014,16,55-64 years,1.7,1.9,NULL
Drug overdose death rates,Drug overdose deaths involving methadone,3,"Deaths per 100,000 resident population, crude",2,Sex and age,3,Male: 55-64 years,3.16,2015,17,55-64 years,1.7,1.8,NULL
Drug overdose death rates,Drug overdose deaths involving methadone,3,"Deaths per 100,000 resident population, crude",2,Sex and age,3,Male: 55-64 years,3.16,2016,18,55-64 years,1.7,2.1,NULL
Drug overdose death rates,Drug overdose deaths involving methadone,3,"Deaths per 100,000 resident population, crude",2,Sex and age,3,Male: 55-64 years,3.16,2017,19,55-64 years,1.7,2.0,NULL
Drug overdose death rates,Drug overdose deaths involving methadone,3,"Deaths per 100,000 resident population, crude",2,Sex and age,3,Male: 65-74 years,3.17,1999,1,65-74 years,1.8,NULL,*
Drug overdose death rates,Drug overdose deaths involving methadone,3,"Deaths per 100,000 resident population, crude",2,Sex and age,3,Male: 65-74 years,3.17,2000,2,65-74 years,1.8,NULL,*
Drug overdose death rates,Drug overdose deaths involving methadone,3,"Deaths per 100,000 resident population, crude",2,Sex and age,3,Male: 65-74 years,3.17,2001,3,65-74 years,1.8,NULL,*
Drug overdose death rates,Drug overdose deaths involving methadone,3,"Deaths per 100,000 resident population, crude",2,Sex and age,3,Male: 65-74 years,3.17,2002,4,65-74 years,1.8,NULL,*
Drug overdose death rates,Drug overdose deaths involving methadone,3,"Deaths per 100,000 resident population, crude",2,Sex and age,3,Male: 65-74 years,3.17,2003,5,65-74 years,1.8,NULL,*
Drug overdose death rates,Drug overdose deaths involving methadone,3,"Deaths per 100,000 resident population, crude",2,Sex and age,3,Male: 65-74 years,3.17,2004,6,65-74 years,1.8,NULL,*
Drug overdose death rates,Drug overdose deaths involving methadone,3,"Deaths per 100,000 resident population, crude",2,Sex and age,3,Male: 65-74 years,3.17,2005,7,65-74 years,1.8,NULL,*
Drug overdose death rates,Drug overdose deaths involving methadone,3,"Deaths per 100,000 resident population, crude",2,Sex and age,3,Male: 65-74 years,3.17,2006,8,65-74 years,1.8,0.3,NULL
Drug overdose death rates,Drug overdose deaths involving methadone,3,"Deaths per 100,000 resident population, crude",2,Sex and age,3,Male: 65-74 years,3.17,2007,9,65-74 years,1.8,NULL,*
Drug overdose death rates,Drug overdose deaths involving methadone,3,"Deaths per 100,000 resident population, crude",2,Sex and age,3,Male: 65-74 years,3.17,2008,10,65-74 years,1.8,0.3,NULL
Drug overdose death rates,Drug overdose deaths involving methadone,3,"Deaths per 100,000 resident population, crude",2,Sex and age,3,Male: 65-74 years,3.17,2009,11,65-74 years,1.8,0.4,NULL
Drug overdose death rates,Drug overdose deaths involving methadone,3,"Deaths per 100,000 resident population, crude",2,Sex and age,3,Male: 65-74 years,3.17,2010,12,65-74 years,1.8,0.2,NULL
Drug overdose death rates,Drug overdose deaths involving methadone,3,"Deaths per 100,000 resident population, crude",2,Sex and age,3,Male: 65-74 years,3.17,2011,13,65-74 years,1.8,0.3,NULL
Drug overdose death rates,Drug overdose deaths involving methadone,3,"Deaths per 100,000 resident population, crude",2,Sex and age,3,Male: 65-74 years,3.17,2012,14,65-74 years,1.8,0.3,NULL
Drug overdose death rates,Drug overdose deaths involving methadone,3,"Deaths per 100,000 resident population, crude",2,Sex and age,3,Male: 65-74 years,3.17,2013,15,65-74 years,1.8,0.4,NULL
Drug overdose death rates,Drug overdose deaths involving methadone,3,"Deaths per 100,000 resident population, crude",2,Sex and age,3,Male: 65-74 years,3.17,2014,16,65-74 years,1.8,0.4,NULL
Drug overdose death rates,Drug overdose deaths involving methadone,3,"Deaths per 100,000 resident population, crude",2,Sex and age,3,Male: 65-74 years,3.17,2015,17,65-74 years,1.8,0.6,NULL
Drug overdose death rates,Drug overdose deaths involving methadone,3,"Deaths per 100,000 resident population, crude",2,Sex and age,3,Male: 65-74 years,3.17,2016,18,65-74 years,1.8,0.5,NULL
Drug overdose death rates,Drug overdose deaths involving methadone,3,"Deaths per 100,000 resident population, crude",2,Sex and age,3,Male: 65-74 years,3.17,2017,19,65-74 years,1.8,0.6,NULL
Drug overdose death rates,Drug overdose deaths involving methadone,3,"Deaths per 100,000 resident population, crude",2,Sex and age,3,Male: 75-84 years,3.18,1999,1,75-84 years,1.9,NULL,*
Drug overdose death rates,Drug overdose deaths involving methadone,3,"Deaths per 100,000 resident population, crude",2,Sex and age,3,Male: 75-84 years,3.18,2000,2,75-84 years,1.9,NULL,*
Drug overdose death rates,Drug overdose deaths involving methadone,3,"Deaths per 100,000 resident population, crude",2,Sex and age,3,Male: 75-84 years,3.18,2001,3,75-84 years,1.9,NULL,*
Drug overdose death rates,Drug overdose deaths involving methadone,3,"Deaths per 100,000 resident population, crude",2,Sex and age,3,Male: 75-84 years,3.18,2002,4,75-84 years,1.9,NULL,*
Drug overdose death rates,Drug overdose deaths involving methadone,3,"Deaths per 100,000 resident population, crude",2,Sex and age,3,Male: 75-84 years,3.18,2003,5,75-84 years,1.9,NULL,*
Drug overdose death rates,Drug overdose deaths involving methadone,3,"Deaths per 100,000 resident population, crude",2,Sex and age,3,Male: 75-84 years,3.18,2004,6,75-84 years,1.9,NULL,*
Drug overdose death rates,Drug overdose deaths involving methadone,3,"Deaths per 100,000 resident population, crude",2,Sex and age,3,Male: 75-84 years,3.18,2005,7,75-84 years,1.9,NULL,*
Drug overdose death rates,Drug overdose deaths involving methadone,3,"Deaths per 100,000 resident population, crude",2,Sex and age,3,Male: 75-84 years,3.18,2006,8,75-84 years,1.9,NULL,*
Drug overdose death rates,Drug overdose deaths involving methadone,3,"Deaths per 100,000 resident population, crude",2,Sex and age,3,Male: 75-84 years,3.18,2007,9,75-84 years,1.9,NULL,*
Drug overdose death rates,Drug overdose deaths involving methadone,3,"Deaths per 100,000 resident population, crude",2,Sex and age,3,Male: 75-84 years,3.18,2008,10,75-84 years,1.9,NULL,*
Drug overdose death rates,Drug overdose deaths involving methadone,3,"Deaths per 100,000 resident population, crude",2,Sex and age,3,Male: 75-84 years,3.18,2009,11,75-84 years,1.9,NULL,*
Drug overdose death rates,Drug overdose deaths involving methadone,3,"Deaths per 100,000 resident population, crude",2,Sex and age,3,Male: 75-84 years,3.18,2010,12,75-84 years,1.9,NULL,*
Drug overdose death rates,Drug overdose deaths involving methadone,3,"Deaths per 100,000 resident population, crude",2,Sex and age,3,Male: 75-84 years,3.18,2011,13,75-84 years,1.9,NULL,*
Drug overdose death rates,Drug overdose deaths involving methadone,3,"Deaths per 100,000 resident population, crude",2,Sex and age,3,Male: 75-84 years,3.18,2012,14,75-84 years,1.9,NULL,*
Drug overdose death rates,Drug overdose deaths involving methadone,3,"Deaths per 100,000 resident population, crude",2,Sex and age,3,Male: 75-84 years,3.18,2013,15,75-84 years,1.9,NULL,*
Drug overdose death rates,Drug overdose deaths involving methadone,3,"Deaths per 100,000 resident population, crude",2,Sex and age,3,Male: 75-84 years,3.18,2014,16,75-84 years,1.9,NULL,*
Drug overdose death rates,Drug overdose deaths involving methadone,3,"Deaths per 100,000 resident population, crude",2,Sex and age,3,Male: 75-84 years,3.18,2015,17,75-84 years,1.9,NULL,*
Drug overdose death rates,Drug overdose deaths involving methadone,3,"Deaths per 100,000 resident population, crude",2,Sex and age,3,Male: 75-84 years,3.18,2016,18,75-84 years,1.9,NULL,*
Drug overdose death rates,Drug overdose deaths involving methadone,3,"Deaths per 100,000 resident population, crude",2,Sex and age,3,Male: 75-84 years,3.18,2017,19,75-84 years,1.9,NULL,*
Drug overdose death rates,Drug overdose deaths involving methadone,3,"Deaths per 100,000 resident population, crude",2,Sex and age,3,Male: 85 years and over,3.19,1999,1,85 years and over,1.91,NULL,*
Drug overdose death rates,Drug overdose deaths involving methadone,3,"Deaths per 100,000 resident population, crude",2,Sex and age,3,Male: 85 years and over,3.19,2000,2,85 years and over,1.91,NULL,*
Drug overdose death rates,Drug overdose deaths involving methadone,3,"Deaths per 100,000 resident population, crude",2,Sex and age,3,Male: 85 years and over,3.19,2001,3,85 years and over,1.91,NULL,*
Drug overdose death rates,Drug overdose deaths involving methadone,3,"Deaths per 100,000 resident population, crude",2,Sex and age,3,Male: 85 years and over,3.19,2002,4,85 years and over,1.91,NULL,*
Drug overdose death rates,Drug overdose deaths involving methadone,3,"Deaths per 100,000 resident population, crude",2,Sex and age,3,Male: 85 years and over,3.19,2003,5,85 years and over,1.91,NULL,*
Drug overdose death rates,Drug overdose deaths involving methadone,3,"Deaths per 100,000 resident population, crude",2,Sex and age,3,Male: 85 years and over,3.19,2004,6,85 years and over,1.91,NULL,*
Drug overdose death rates,Drug overdose deaths involving methadone,3,"Deaths per 100,000 resident population, crude",2,Sex and age,3,Male: 85 years and over,3.19,2005,7,85 years and over,1.91,NULL,*
Drug overdose death rates,Drug overdose deaths involving methadone,3,"Deaths per 100,000 resident population, crude",2,Sex and age,3,Male: 85 years and over,3.19,2006,8,85 years and over,1.91,NULL,*
Drug overdose death rates,Drug overdose deaths involving methadone,3,"Deaths per 100,000 resident population, crude",2,Sex and age,3,Male: 85 years and over,3.19,2007,9,85 years and over,1.91,NULL,*
Drug overdose death rates,Drug overdose deaths involving methadone,3,"Deaths per 100,000 resident population, crude",2,Sex and age,3,Male: 85 years and over,3.19,2008,10,85 years and over,1.91,NULL,*
Drug overdose death rates,Drug overdose deaths involving methadone,3,"Deaths per 100,000 resident population, crude",2,Sex and age,3,Male: 85 years and over,3.19,2009,11,85 years and over,1.91,NULL,*
Drug overdose death rates,Drug overdose deaths involving methadone,3,"Deaths per 100,000 resident population, crude",2,Sex and age,3,Male: 85 years and over,3.19,2010,12,85 years and over,1.91,NULL,*
Drug overdose death rates,Drug overdose deaths involving methadone,3,"Deaths per 100,000 resident population, crude",2,Sex and age,3,Male: 85 years and over,3.19,2011,13,85 years and over,1.91,NULL,*
Drug overdose death rates,Drug overdose deaths involving methadone,3,"Deaths per 100,000 resident population, crude",2,Sex and age,3,Male: 85 years and over,3.19,2012,14,85 years and over,1.91,NULL,*
Drug overdose death rates,Drug overdose deaths involving methadone,3,"Deaths per 100,000 resident population, crude",2,Sex and age,3,Male: 85 years and over,3.19,2013,15,85 years and over,1.91,NULL,*
Drug overdose death rates,Drug overdose deaths involving methadone,3,"Deaths per 100,000 resident population, crude",2,Sex and age,3,Male: 85 years and over,3.19,2014,16,85 years and over,1.91,NULL,*
Drug overdose death rates,Drug overdose deaths involving methadone,3,"Deaths per 100,000 resident population, crude",2,Sex and age,3,Male: 85 years and over,3.19,2015,17,85 years and over,1.91,NULL,*
Drug overdose death rates,Drug overdose deaths involving methadone,3,"Deaths per 100,000 resident population, crude",2,Sex and age,3,Male: 85 years and over,3.19,2016,18,85 years and over,1.91,NULL,*
Drug overdose death rates,Drug overdose deaths involving methadone,3,"Deaths per 100,000 resident population, crude",2,Sex and age,3,Male: 85 years and over,3.19,2017,19,85 years and over,1.91,NULL,*
Drug overdose death rates,Drug overdose deaths involving methadone,3,"Deaths per 100,000 resident population, crude",2,Sex and age,3,Female: Under 15 years,3.21,1999,1,Under 15 years,1.2,NULL,*
Drug overdose death rates,Drug overdose deaths involving methadone,3,"Deaths per 100,000 resident population, crude",2,Sex and age,3,Female: Under 15 years,3.21,2000,2,Under 15 years,1.2,NULL,*
Drug overdose death rates,Drug overdose deaths involving methadone,3,"Deaths per 100,000 resident population, crude",2,Sex and age,3,Female: Under 15 years,3.21,2001,3,Under 15 years,1.2,NULL,*
Drug overdose death rates,Drug overdose deaths involving methadone,3,"Deaths per 100,000 resident population, crude",2,Sex and age,3,Female: Under 15 years,3.21,2002,4,Under 15 years,1.2,NULL,*
Drug overdose death rates,Drug overdose deaths involving methadone,3,"Deaths per 100,000 resident population, crude",2,Sex and age,3,Female: Under 15 years,3.21,2003,5,Under 15 years,1.2,NULL,*
Drug overdose death rates,Drug overdose deaths involving methadone,3,"Deaths per 100,000 resident population, crude",2,Sex and age,3,Female: Under 15 years,3.21,2004,6,Under 15 years,1.2,NULL,*
Drug overdose death rates,Drug overdose deaths involving methadone,3,"Deaths per 100,000 resident population, crude",2,Sex and age,3,Female: Under 15 years,3.21,2005,7,Under 15 years,1.2,NULL,*
Drug overdose death rates,Drug overdose deaths involving methadone,3,"Deaths per 100,000 resident population, crude",2,Sex and age,3,Female: Under 15 years,3.21,2006,8,Under 15 years,1.2,NULL,*
Drug overdose death rates,Drug overdose deaths involving methadone,3,"Deaths per 100,000 resident population, crude",2,Sex and age,3,Female: Under 15 years,3.21,2007,9,Under 15 years,1.2,NULL,*
Drug overdose death rates,Drug overdose deaths involving methadone,3,"Deaths per 100,000 resident population, crude",2,Sex and age,3,Female: Under 15 years,3.21,2008,10,Under 15 years,1.2,NULL,*
Drug overdose death rates,Drug overdose deaths involving methadone,3,"Deaths per 100,000 resident population, crude",2,Sex and age,3,Female: Under 15 years,3.21,2009,11,Under 15 years,1.2,NULL,*
Drug overdose death rates,Drug overdose deaths involving methadone,3,"Deaths per 100,000 resident population, crude",2,Sex and age,3,Female: Under 15 years,3.21,2010,12,Under 15 years,1.2,NULL,*
Drug overdose death rates,Drug overdose deaths involving methadone,3,"Deaths per 100,000 resident population, crude",2,Sex and age,3,Female: Under 15 years,3.21,2011,13,Under 15 years,1.2,NULL,*
Drug overdose death rates,Drug overdose deaths involving methadone,3,"Deaths per 100,000 resident population, crude",2,Sex and age,3,Female: Under 15 years,3.21,2012,14,Under 15 years,1.2,NULL,*
Drug overdose death rates,Drug overdose deaths involving methadone,3,"Deaths per 100,000 resident population, crude",2,Sex and age,3,Female: Under 15 years,3.21,2013,15,Under 15 years,1.2,NULL,*
Drug overdose death rates,Drug overdose deaths involving methadone,3,"Deaths per 100,000 resident population, crude",2,Sex and age,3,Female: Under 15 years,3.21,2014,16,Under 15 years,1.2,NULL,*
Drug overdose death rates,Drug overdose deaths involving methadone,3,"Deaths per 100,000 resident population, crude",2,Sex and age,3,Female: Under 15 years,3.21,2015,17,Under 15 years,1.2,NULL,*
Drug overdose death rates,Drug overdose deaths involving methadone,3,"Deaths per 100,000 resident population, crude",2,Sex and age,3,Female: Under 15 years,3.21,2016,18,Under 15 years,1.2,NULL,*
Drug overdose death rates,Drug overdose deaths involving methadone,3,"Deaths per 100,000 resident population, crude",2,Sex and age,3,Female: Under 15 years,3.21,2017,19,Under 15 years,1.2,NULL,*
Drug overdose death rates,Drug overdose deaths involving methadone,3,"Deaths per 100,000 resident population, crude",2,Sex and age,3,Female: 15-24 years,3.22,1999,1,15-24 years,1.3,NULL,*
Drug overdose death rates,Drug overdose deaths involving methadone,3,"Deaths per 100,000 resident population, crude",2,Sex and age,3,Female: 15-24 years,3.22,2000,2,15-24 years,1.3,NULL,*
Drug overdose death rates,Drug overdose deaths involving methadone,3,"Deaths per 100,000 resident population, crude",2,Sex and age,3,Female: 15-24 years,3.22,2001,3,15-24 years,1.3,0.2,NULL
Drug overdose death rates,Drug overdose deaths involving methadone,3,"Deaths per 100,000 resident population, crude",2,Sex and age,3,Female: 15-24 years,3.22,2002,4,15-24 years,1.3,0.3,NULL
Drug overdose death rates,Drug overdose deaths involving methadone,3,"Deaths per 100,000 resident population, crude",2,Sex and age,3,Female: 15-24 years,3.22,2003,5,15-24 years,1.3,0.4,NULL
Drug overdose death rates,Drug overdose deaths involving methadone,3,"Deaths per 100,000 resident population, crude",2,Sex and age,3,Female: 15-24 years,3.22,2004,6,15-24 years,1.3,0.5,NULL
Drug overdose death rates,Drug overdose deaths involving methadone,3,"Deaths per 100,000 resident population, crude",2,Sex and age,3,Female: 15-24 years,3.22,2005,7,15-24 years,1.3,0.6,NULL
Drug overdose death rates,Drug overdose deaths involving methadone,3,"Deaths per 100,000 resident population, crude",2,Sex and age,3,Female: 15-24 years,3.22,2006,8,15-24 years,1.3,0.7,NULL
Drug overdose death rates,Drug overdose deaths involving methadone,3,"Deaths per 100,000 resident population, crude",2,Sex and age,3,Female: 15-24 years,3.22,2007,9,15-24 years,1.3,0.9,NULL
Drug overdose death rates,Drug overdose deaths involving methadone,3,"Deaths per 100,000 resident population, crude",2,Sex and age,3,Female: 15-24 years,3.22,2008,10,15-24 years,1.3,0.7,NULL
Drug overdose death rates,Drug overdose deaths involving methadone,3,"Deaths per 100,000 resident population, crude",2,Sex and age,3,Female: 15-24 years,3.22,2009,11,15-24 years,1.3,0.6,NULL
Drug overdose death rates,Drug overdose deaths involving methadone,3,"Deaths per 100,000 resident population, crude",2,Sex and age,3,Female: 15-24 years,3.22,2010,12,15-24 years,1.3,0.6,NULL
Drug overdose death rates,Drug overdose deaths involving methadone,3,"Deaths per 100,000 resident population, crude",2,Sex and age,3,Female: 15-24 years,3.22,2011,13,15-24 years,1.3,0.4,NULL
Drug overdose death rates,Drug overdose deaths involving methadone,3,"Deaths per 100,000 resident population, crude",2,Sex and age,3,Female: 15-24 years,3.22,2012,14,15-24 years,1.3,0.4,NULL
Drug overdose death rates,Drug overdose deaths involving methadone,3,"Deaths per 100,000 resident population, crude",2,Sex and age,3,Female: 15-24 years,3.22,2013,15,15-24 years,1.3,0.3,NULL
Drug overdose death rates,Drug overdose deaths involving methadone,3,"Deaths per 100,000 resident population, crude",2,Sex and age,3,Female: 15-24 years,3.22,2014,16,15-24 years,1.3,0.3,NULL
Drug overdose death rates,Drug overdose deaths involving methadone,3,"Deaths per 100,000 resident population, crude",2,Sex and age,3,Female: 15-24 years,3.22,2015,17,15-24 years,1.3,0.2,NULL
Drug overdose death rates,Drug overdose deaths involving methadone,3,"Deaths per 100,000 resident population, crude",2,Sex and age,3,Female: 15-24 years,3.22,2016,18,15-24 years,1.3,0.2,NULL
Drug overdose death rates,Drug overdose deaths involving methadone,3,"Deaths per 100,000 resident population, crude",2,Sex and age,3,Female: 15-24 years,3.22,2017,19,15-24 years,1.3,0.2,NULL
Drug overdose death rates,Drug overdose deaths involving methadone,3,"Deaths per 100,000 resident population, crude",2,Sex and age,3,Female: 25-34 years,3.23,9199,1,25-34 years,1.4,0.3,NULL
Drug overdose death rates,Drug overdose deaths involving methadone,3,"Deaths per 100,000 resident population, crude",2,Sex and age,3,Female: 25-34 years,3.23,2000,2,25-34 years,1.4,0.3,NULL
Drug overdose death rates,Drug overdose deaths involving methadone,3,"Deaths per 100,000 resident population, crude",2,Sex and age,3,Female: 25-34 years,3.23,2001,3,25-34 years,1.4,0.4,NULL
Drug overdose death rates,Drug overdose deaths involving methadone,3,"Deaths per 100,000 resident population, crude",2,Sex and age,3,Female: 25-34 years,3.23,2002,4,25-34 years,1.4,0.7,NULL
Drug overdose death rates,Drug overdose deaths involving methadone,3,"Deaths per 100,000 resident population, crude",2,Sex and age,3,Female: 25-34 years,3.23,2003,5,25-34 years,1.4,0.9,NULL
Drug overdose death rates,Drug overdose deaths involving methadone,3,"Deaths per 100,000 resident population, crude",2,Sex and age,3,Female: 25-34 years,3.23,2004,6,25-34 years,1.4,1.3,NULL
Drug overdose death rates,Drug overdose deaths involving methadone,3,"Deaths per 100,000 resident population, crude",2,Sex and age,3,Female: 25-34 years,3.23,2005,7,25-34 years,1.4,1.5,NULL
Drug overdose death rates,Drug overdose deaths involving methadone,3,"Deaths per 100,000 resident population, crude",2,Sex and age,3,Female: 25-34 years,3.23,2006,8,25-34 years,1.4,1.7,NULL
Drug overdose death rates,Drug overdose deaths involving methadone,3,"Deaths per 100,000 resident population, crude",2,Sex and age,3,Female: 25-34 years,3.23,2007,9,25-34 years,1.4,1.8,NULL
Drug overdose death rates,Drug overdose deaths involving methadone,3,"Deaths per 100,000 resident population, crude",2,Sex and age,3,Female: 25-34 years,3.23,2008,10,25-34 years,1.4,1.6,NULL
Drug overdose death rates,Drug overdose deaths involving methadone,3,"Deaths per 100,000 resident population, crude",2,Sex and age,3,Female: 25-34 years,3.23,2009,11,25-34 years,1.4,1.6,NULL
Drug overdose death rates,Drug overdose deaths involving methadone,3,"Deaths per 100,000 resident population, crude",2,Sex and age,3,Female: 25-34 years,3.23,2010,12,25-34 years,1.4,1.6,NULL
Drug overdose death rates,Drug overdose deaths involving methadone,3,"Deaths per 100,000 resident population, crude",2,Sex and age,3,Female: 25-34 years,3.23,2011,13,25-34 years,1.4,1.7,NULL
Drug overdose death rates,Drug overdose deaths involving methadone,3,"Deaths per 100,000 resident population, crude",2,Sex and age,3,Female: 25-34 years,3.23,2012,14,25-34 years,1.4,1.5,NULL
Drug overdose death rates,Drug overdose deaths involving methadone,3,"Deaths per 100,000 resident population, crude",2,Sex and age,3,Female: 25-34 years,3.23,2013,15,25-34 years,1.4,1.3,NULL
Drug overdose death rates,Drug overdose deaths involving methadone,3,"Deaths per 100,000 resident population, crude",2,Sex and age,3,Female: 25-34 years,3.23,2014,16,25-34 years,1.4,1.2,NULL
Drug overdose death rates,Drug overdose deaths involving methadone,3,"Deaths per 100,000 resident population, crude",2,Sex and age,3,Female: 25-34 years,3.23,2015,17,25-34 years,1.4,1.1,NULL
Drug overdose death rates,Drug overdose deaths involving methadone,3,"Deaths per 100,000 resident population, crude",2,Sex and age,3,Female: 25-34 years,3.23,2016,18,25-34 years,1.4,1.2,NULL
Drug overdose death rates,Drug overdose deaths involving methadone,3,"Deaths per 100,000 resident population, crude",2,Sex and age,3,Female: 25-34 years,3.23,2017,19,25-34 years,1.4,1.1,NULL
Drug overdose death rates,Drug overdose deaths involving methadone,3,"Deaths per 100,000 resident population, crude",2,Sex and age,3,Female: 35-44 years,3.24,1999,1,35-44 years,1.5,0.6,NULL
Drug overdose death rates,Drug overdose deaths involving methadone,3,"Deaths per 100,000 resident population, crude",2,Sex and age,3,Female: 35-44 years,3.24,2000,2,35-44 years,1.5,0.7,NULL
Drug overdose death rates,Drug overdose deaths involving methadone,3,"Deaths per 100,000 resident population, crude",2,Sex and age,3,Female: 35-44 years,3.24,2001,3,35-44 years,1.5,0.9,NULL
Drug overdose death rates,Drug overdose deaths involving methadone,3,"Deaths per 100,000 resident population, crude",2,Sex and age,3,Female: 35-44 years,3.24,2002,4,35-44 years,1.5,1.4,NULL
Drug overdose death rates,Drug overdose deaths involving methadone,3,"Deaths per 100,000 resident population, crude",2,Sex and age,3,Female: 35-44 years,3.24,2003,5,35-44 years,1.5,1.8,NULL
Drug overdose death rates,Drug overdose deaths involving methadone,3,"Deaths per 100,000 resident population, crude",2,Sex and age,3,Female: 35-44 years,3.24,2004,6,35-44 years,1.5,2.1,NULL
Drug overdose death rates,Drug overdose deaths involving methadone,3,"Deaths per 100,000 resident population, crude",2,Sex and age,3,Female: 35-44 years,3.24,2005,7,35-44 years,1.5,2.1,NULL
Drug overdose death rates,Drug overdose deaths involving methadone,3,"Deaths per 100,000 resident population, crude",2,Sex and age,3,Female: 35-44 years,3.24,2006,8,35-44 years,1.5,2.4,NULL
Drug overdose death rates,Drug overdose deaths involving methadone,3,"Deaths per 100,000 resident population, crude",2,Sex and age,3,Female: 35-44 years,3.24,2007,9,35-44 years,1.5,2.4,NULL
Drug overdose death rates,Drug overdose deaths involving methadone,3,"Deaths per 100,000 resident population, crude",2,Sex and age,3,Female: 35-44 years,3.24,2008,10,35-44 years,1.5,2.0,NULL
Drug overdose death rates,Drug overdose deaths involving methadone,3,"Deaths per 100,000 resident population, crude",2,Sex and age,3,Female: 35-44 years,3.24,2009,11,35-44 years,1.5,1.8,NULL
Drug overdose death rates,Drug overdose deaths involving methadone,3,"Deaths per 100,000 resident population, crude",2,Sex and age,3,Female: 35-44 years,3.24,2010,12,35-44 years,1.5,1.9,NULL
Drug overdose death rates,Drug overdose deaths involving methadone,3,"Deaths per 100,000 resident population, crude",2,Sex and age,3,Female: 35-44 years,3.24,2011,13,35-44 years,1.5,2.0,NULL
Drug overdose death rates,Drug overdose deaths involving methadone,3,"Deaths per 100,000 resident population, crude",2,Sex and age,3,Female: 35-44 years,3.24,2012,14,35-44 years,1.5,1.7,NULL
Drug overdose death rates,Drug overdose deaths involving methadone,3,"Deaths per 100,000 resident population, crude",2,Sex and age,3,Female: 35-44 years,3.24,2013,15,35-44 years,1.5,1.9,NULL
Drug overdose death rates,Drug overdose deaths involving methadone,3,"Deaths per 100,000 resident population, crude",2,Sex and age,3,Female: 35-44 years,3.24,2014,16,35-44 years,1.5,1.6,NULL
Drug overdose death rates,Drug overdose deaths involving methadone,3,"Deaths per 100,000 resident population, crude",2,Sex and age,3,Female: 35-44 years,3.24,2015,17,35-44 years,1.5,1.5,NULL
Drug overdose death rates,Drug overdose deaths involving methadone,3,"Deaths per 100,000 resident population, crude",2,Sex and age,3,Female: 35-44 years,3.24,2016,18,35-44 years,1.5,1.6,NULL
Drug overdose death rates,Drug overdose deaths involving methadone,3,"Deaths per 100,000 resident population, crude",2,Sex and age,3,Female: 35-44 years,3.24,2017,19,35-44 years,1.5,1.6,NULL
Drug overdose death rates,Drug overdose deaths involving methadone,3,"Deaths per 100,000 resident population, crude",2,Sex and age,3,Female: 45-54 years,3.25,199,1,45-54 years,1.6,0.4,NULL
Drug overdose death rates,Drug overdose deaths involving methadone,3,"Deaths per 100,000 resident population, crude",2,Sex and age,3,Female: 45-54 years,3.25,2000,2,45-54 years,1.6,0.5,NULL
Drug overdose death rates,Drug overdose deaths involving methadone,3,"Deaths per 100,000 resident population, crude",2,Sex and age,3,Female: 45-54 years,3.25,2001,3,45-54 years,1.6,0.7,NULL
Drug overdose death rates,Drug overdose deaths involving methadone,3,"Deaths per 100,000 resident population, crude",2,Sex and age,3,Female: 45-54 years,3.25,2002,4,45-54 years,1.6,1.2,NULL
Drug overdose death rates,Drug overdose deaths involving methadone,3,"Deaths per 100,000 resident population, crude",2,Sex and age,3,Female: 45-54 years,3.25,2003,5,45-54 years,1.6,1.5,NULL
Drug overdose death rates,Drug overdose deaths involving methadone,3,"Deaths per 100,000 resident population, crude",2,Sex and age,3,Female: 45-54 years,3.25,2004,6,45-54 years,1.6,1.9,NULL
Drug overdose death rates,Drug overdose deaths involving methadone,3,"Deaths per 100,000 resident population, crude",2,Sex and age,3,Female: 45-54 years,3.25,2005,7,45-54 years,1.6,2.4,NULL
Drug overdose death rates,Drug overdose deaths involving methadone,3,"Deaths per 100,000 resident population, crude",2,Sex and age,3,Female: 45-54 years,3.25,2006,8,45-54 years,1.6,2.7,NULL
Drug overdose death rates,Drug overdose deaths involving methadone,3,"Deaths per 100,000 resident population, crude",2,Sex and age,3,Female: 45-54 years,3.25,2007,9,45-54 years,1.6,2.9,NULL
Drug overdose death rates,Drug overdose deaths involving methadone,3,"Deaths per 100,000 resident population, crude",2,Sex and age,3,Female: 45-54 years,3.25,2008,10,45-54 years,1.6,2.7,NULL
Drug overdose death rates,Drug overdose deaths involving methadone,3,"Deaths per 100,000 resident population, crude",2,Sex and age,3,Female: 45-54 years,3.25,2009,11,45-54 years,1.6,2.6,NULL
Drug overdose death rates,Drug overdose deaths involving methadone,3,"Deaths per 100,000 resident population, crude",2,Sex and age,3,Female: 45-54 years,3.25,2010,12,45-54 years,1.6,2.4,NULL
Drug overdose death rates,Drug overdose deaths involving methadone,3,"Deaths per 100,000 resident population, crude",2,Sex and age,3,Female: 45-54 years,3.25,2011,13,45-54 years,1.6,2.4,NULL
Drug overdose death rates,Drug overdose deaths involving methadone,3,"Deaths per 100,000 resident population, crude",2,Sex and age,3,Female: 45-54 years,3.25,2012,14,45-54 years,1.6,2.1,NULL
Drug overdose death rates,Drug overdose deaths involving methadone,3,"Deaths per 100,000 resident population, crude",2,Sex and age,3,Female: 45-54 years,3.25,2013,15,45-54 years,1.6,1.8,NULL
Drug overdose death rates,Drug overdose deaths involving methadone,3,"Deaths per 100,000 resident population, crude",2,Sex and age,3,Female: 45-54 years,3.25,2014,16,45-54 years,1.6,1.9,NULL
Drug overdose death rates,Drug overdose deaths involving methadone,3,"Deaths per 100,000 resident population, crude",2,Sex and age,3,Female: 45-54 years,3.25,2015,17,45-54 years,1.6,1.9,NULL
Drug overdose death rates,Drug overdose deaths involving methadone,3,"Deaths per 100,000 resident population, crude",2,Sex and age,3,Female: 45-54 years,3.25,2016,18,45-54 years,1.6,1.7,NULL
Drug overdose death rates,Drug overdose deaths involving methadone,3,"Deaths per 100,000 resident population, crude",2,Sex and age,3,Female: 45-54 years,3.25,2017,19,45-54 years,1.6,1.5,NULL
Drug overdose death rates,Drug overdose deaths involving methadone,3,"Deaths per 100,000 resident population, crude",2,Sex and age,3,Female: 55-64 years,3.26,1999,1,55-64 years,1.7,NULL,*
Drug overdose death rates,Drug overdose deaths involving methadone,3,"Deaths per 100,000 resident population, crude",2,Sex and age,3,Female: 55-64 years,3.26,2000,2,55-64 years,1.7,NULL,*
Drug overdose death rates,Drug overdose deaths involving methadone,3,"Deaths per 100,000 resident population, crude",2,Sex and age,3,Female: 55-64 years,3.26,2001,3,55-64 years,1.7,0.2,NULL
Drug overdose death rates,Drug overdose deaths involving methadone,3,"Deaths per 100,000 resident population, crude",2,Sex and age,3,Female: 55-64 years,3.26,2002,4,55-64 years,1.7,0.3,NULL
Drug overdose death rates,Drug overdose deaths involving methadone,3,"Deaths per 100,000 resident population, crude",2,Sex and age,3,Female: 55-64 years,3.26,2003,5,55-64 years,1.7,0.4,NULL
Drug overdose death rates,Drug overdose deaths involving methadone,3,"Deaths per 100,000 resident population, crude",2,Sex and age,3,Female: 55-64 years,3.26,2004,6,55-64 years,1.7,0.6,NULL
Drug overdose death rates,Drug overdose deaths involving methadone,3,"Deaths per 100,000 resident population, crude",2,Sex and age,3,Female: 55-64 years,3.26,2005,7,55-64 years,1.7,0.7,NULL
Drug overdose death rates,Drug overdose deaths involving methadone,3,"Deaths per 100,000 resident population, crude",2,Sex and age,3,Female: 55-64 years,3.26,2006,8,55-64 years,1.7,0.8,NULL
Drug overdose death rates,Drug overdose deaths involving methadone,3,"Deaths per 100,000 resident population, crude",2,Sex and age,3,Female: 55-64 years,3.26,2007,9,55-64 years,1.7,1.0,NULL
Drug overdose death rates,Drug overdose deaths involving methadone,3,"Deaths per 100,000 resident population, crude",2,Sex and age,3,Female: 55-64 years,3.26,2008,10,55-64 years,1.7,0.9,NULL
Drug overdose death rates,Drug overdose deaths involving methadone,3,"Deaths per 100,000 resident population, crude",2,Sex and age,3,Female: 55-64 years,3.26,2009,11,55-64 years,1.7,1.0,NULL
Drug overdose death rates,Drug overdose deaths involving methadone,3,"Deaths per 100,000 resident population, crude",2,Sex and age,3,Female: 55-64 years,3.26,2010,12,55-64 years,1.7,1.2,NULL
Drug overdose death rates,Drug overdose deaths involving methadone,3,"Deaths per 100,000 resident population, crude",2,Sex and age,3,Female: 55-64 years,3.26,2011,13,55-64 years,1.7,1.2,NULL
Drug overdose death rates,Drug overdose deaths involving methadone,3,"Deaths per 100,000 resident population, crude",2,Sex and age,3,Female: 55-64 years,3.26,2012,14,55-64 years,1.7,1.1,NULL
Drug overdose death rates,Drug overdose deaths involving methadone,3,"Deaths per 100,000 resident population, crude",2,Sex and age,3,Female: 55-64 years,3.26,2013,15,55-64 years,1.7,1.3,NULL
Drug overdose death rates,Drug overdose deaths involving methadone,3,"Deaths per 100,000 resident population, crude",2,Sex and age,3,Female: 55-64 years,3.26,2014,16,55-64 years,1.7,1.3,NULL
Drug overdose death rates,Drug overdose deaths involving methadone,3,"Deaths per 100,000 resident population, crude",2,Sex and age,3,Female: 55-64 years,3.26,2015,17,55-64 years,1.7,1.4,NULL
Drug overdose death rates,Drug overdose deaths involving methadone,3,"Deaths per 100,000 resident population, crude",2,Sex and age,3,Female: 55-64 years,3.26,2016,18,55-64 years,1.7,1.4,NULL
Drug overdose death rates,Drug overdose deaths involving methadone,3,"Deaths per 100,000 resident population, crude",2,Sex and age,3,Female: 55-64 years,3.26,2017,19,55-64 years,1.7,1.4,NULL
Drug overdose death rates,Drug overdose deaths involving methadone,3,"Deaths per 100,000 resident population, crude",2,Sex and age,3,Female: 65-74 years,3.27,1999,1,65-74 years,1.8,NULL,*
Drug overdose death rates,Drug overdose deaths involving methadone,3,"Deaths per 100,000 resident population, crude",2,Sex and age,3,Female: 65-74 years,3.27,2000,2,65-74 years,1.8,NULL,*
Drug overdose death rates,Drug overdose deaths involving methadone,3,"Deaths per 100,000 resident population, crude",2,Sex and age,3,Female: 65-74 years,3.27,2001,3,65-74 years,1.8,NULL,*
Drug overdose death rates,Drug overdose deaths involving methadone,3,"Deaths per 100,000 resident population, crude",2,Sex and age,3,Female: 65-74 years,3.27,2002,4,65-74 years,1.8,NULL,*
Drug overdose death rates,Drug overdose deaths involving methadone,3,"Deaths per 100,000 resident population, crude",2,Sex and age,3,Female: 65-74 years,3.27,2003,5,65-74 years,1.8,NULL,*
Drug overdose death rates,Drug overdose deaths involving methadone,3,"Deaths per 100,000 resident population, crude",2,Sex and age,3,Female: 65-74 years,3.27,2004,6,65-74 years,1.8,NULL,*
Drug overdose death rates,Drug overdose deaths involving methadone,3,"Deaths per 100,000 resident population, crude",2,Sex and age,3,Female: 65-74 years,3.27,2005,7,65-74 years,1.8,0.2,NULL
Drug overdose death rates,Drug overdose deaths involving methadone,3,"Deaths per 100,000 resident population, crude",2,Sex and age,3,Female: 65-74 years,3.27,2006,8,65-74 years,1.8,0.2,NULL
Drug overdose death rates,Drug overdose deaths involving methadone,3,"Deaths per 100,000 resident population, crude",2,Sex and age,3,Female: 65-74 years,3.27,2007,9,65-74 years,1.8,NULL,*
Drug overdose death rates,Drug overdose deaths involving methadone,3,"Deaths per 100,000 resident population, crude",2,Sex and age,3,Female: 65-74 years,3.27,2008,10,65-74 years,1.8,0.2,NULL
Drug overdose death rates,Drug overdose deaths involving methadone,3,"Deaths per 100,000 resident population, crude",2,Sex and age,3,Female: 65-74 years,3.27,2009,11,65-74 years,1.8,0.2,NULL
Drug overdose death rates,Drug overdose deaths involving methadone,3,"Deaths per 100,000 resident population, crude",2,Sex and age,3,Female: 65-74 years,3.27,2010,12,65-74 years,1.8,0.2,NULL
Drug overdose death rates,Drug overdose deaths involving methadone,3,"Deaths per 100,000 resident population, crude",2,Sex and age,3,Female: 65-74 years,3.27,2011,13,65-74 years,1.8,0.2,NULL
Drug overdose death rates,Drug overdose deaths involving methadone,3,"Deaths per 100,000 resident population, crude",2,Sex and age,3,Female: 65-74 years,3.27,2012,14,65-74 years,1.8,0.2,NULL
Drug overdose death rates,Drug overdose deaths involving methadone,3,"Deaths per 100,000 resident population, crude",2,Sex and age,3,Female: 65-74 years,3.27,2013,15,65-74 years,1.8,0.4,NULL
Drug overdose death rates,Drug overdose deaths involving methadone,3,"Deaths per 100,000 resident population, crude",2,Sex and age,3,Female: 65-74 years,3.27,2014,16,65-74 years,1.8,0.3,NULL
Drug overdose death rates,Drug overdose deaths involving methadone,3,"Deaths per 100,000 resident population, crude",2,Sex and age,3,Female: 65-74 years,3.27,2015,17,65-74 years,1.8,0.3,NULL
Drug overdose death rates,Drug overdose deaths involving methadone,3,"Deaths per 100,000 resident population, crude",2,Sex and age,3,Female: 65-74 years,3.27,2016,18,65-74 years,1.8,0.2,NULL
Drug overdose death rates,Drug overdose deaths involving methadone,3,"Deaths per 100,000 resident population, crude",2,Sex and age,3,Female: 65-74 years,3.27,2017,19,65-74 years,1.8,0.3,NULL
Drug overdose death rates,Drug overdose deaths involving methadone,3,"Deaths per 100,000 resident population, crude",2,Sex and age,3,Female: 75-84 years,3.28,199,1,75-84 years,1.9,NULL,*
Drug overdose death rates,Drug overdose deaths involving methadone,3,"Deaths per 100,000 resident population, crude",2,Sex and age,3,Female: 75-84 years,3.28,2000,2,75-84 years,1.9,NULL,*
Drug overdose death rates,Drug overdose deaths involving methadone,3,"Deaths per 100,000 resident population, crude",2,Sex and age,3,Female: 75-84 years,3.28,2001,3,75-84 years,1.9,NULL,*
Drug overdose death rates,Drug overdose deaths involving methadone,3,"Deaths per 100,000 resident population, crude",2,Sex and age,3,Female: 75-84 years,3.28,2002,4,75-84 years,1.9,NULL,*
Drug overdose death rates,Drug overdose deaths involving methadone,3,"Deaths per 100,000 resident population, crude",2,Sex and age,3,Female: 75-84 years,3.28,2003,5,75-84 years,1.9,NULL,*
Drug overdose death rates,Drug overdose deaths involving methadone,3,"Deaths per 100,000 resident population, crude",2,Sex and age,3,Female: 75-84 years,3.28,2004,6,75-84 years,1.9,NULL,*
Drug overdose death rates,Drug overdose deaths involving methadone,3,"Deaths per 100,000 resident population, crude",2,Sex and age,3,Female: 75-84 years,3.28,2005,7,75-84 years,1.9,NULL,*
Drug overdose death rates,Drug overdose deaths involving methadone,3,"Deaths per 100,000 resident population, crude",2,Sex and age,3,Female: 75-84 years,3.28,2006,8,75-84 years,1.9,NULL,*
Drug overdose death rates,Drug overdose deaths involving methadone,3,"Deaths per 100,000 resident population, crude",2,Sex and age,3,Female: 75-84 years,3.28,2007,9,75-84 years,1.9,NULL,*
Drug overdose death rates,Drug overdose deaths involving methadone,3,"Deaths per 100,000 resident population, crude",2,Sex and age,3,Female: 75-84 years,3.28,2008,10,75-84 years,1.9,NULL,*
Drug overdose death rates,Drug overdose deaths involving methadone,3,"Deaths per 100,000 resident population, crude",2,Sex and age,3,Female: 75-84 years,3.28,2009,11,75-84 years,1.9,NULL,*
Drug overdose death rates,Drug overdose deaths involving methadone,3,"Deaths per 100,000 resident population, crude",2,Sex and age,3,Female: 75-84 years,3.28,2010,12,75-84 years,1.9,NULL,*
Drug overdose death rates,Drug overdose deaths involving methadone,3,"Deaths per 100,000 resident population, crude",2,Sex and age,3,Female: 75-84 years,3.28,2011,13,75-84 years,1.9,NULL,*
Drug overdose death rates,Drug overdose deaths involving methadone,3,"Deaths per 100,000 resident population, crude",2,Sex and age,3,Female: 75-84 years,3.28,2012,14,75-84 years,1.9,NULL,*
Drug overdose death rates,Drug overdose deaths involving methadone,3,"Deaths per 100,000 resident population, crude",2,Sex and age,3,Female: 75-84 years,3.28,2013,15,75-84 years,1.9,NULL,*
Drug overdose death rates,Drug overdose deaths involving methadone,3,"Deaths per 100,000 resident population, crude",2,Sex and age,3,Female: 75-84 years,3.28,2014,16,75-84 years,1.9,NULL,*
Drug overdose death rates,Drug overdose deaths involving methadone,3,"Deaths per 100,000 resident population, crude",2,Sex and age,3,Female: 75-84 years,3.28,2015,17,75-84 years,1.9,NULL,*
Drug overdose death rates,Drug overdose deaths involving methadone,3,"Deaths per 100,000 resident population, crude",2,Sex and age,3,Female: 75-84 years,3.28,2016,18,75-84 years,1.9,NULL,*
Drug overdose death rates,Drug overdose deaths involving methadone,3,"Deaths per 100,000 resident population, crude",2,Sex and age,3,Female: 75-84 years,3.28,2017,19,75-84 years,1.9,NULL,*
Drug overdose death rates,Drug overdose deaths involving methadone,3,"Deaths per 100,000 resident population, crude",2,Sex and age,3,Female: 85 years and over,3.29,1999,1,85 years and over,1.91,NULL,*
Drug overdose death rates,Drug overdose deaths involving methadone,3,"Deaths per 100,000 resident population, crude",2,Sex and age,3,Female: 85 years and over,3.29,2000,2,85 years and over,1.91,NULL,*
Drug overdose death rates,Drug overdose deaths involving methadone,3,"Deaths per 100,000 resident population, crude",2,Sex and age,3,Female: 85 years and over,3.29,2001,3,85 years and over,1.91,NULL,*
Drug overdose death rates,Drug overdose deaths involving methadone,3,"Deaths per 100,000 resident population, crude",2,Sex and age,3,Female: 85 years and over,3.29,2002,4,85 years and over,1.91,NULL,*
Drug overdose death rates,Drug overdose deaths involving methadone,3,"Deaths per 100,000 resident population, crude",2,Sex and age,3,Female: 85 years and over,3.29,2003,5,85 years and over,1.91,NULL,*
Drug overdose death rates,Drug overdose deaths involving methadone,3,"Deaths per 100,000 resident population, crude",2,Sex and age,3,Female: 85 years and over,3.29,2004,6,85 years and over,1.91,NULL,*
Drug overdose death rates,Drug overdose deaths involving methadone,3,"Deaths per 100,000 resident population, crude",2,Sex and age,3,Female: 85 years and over,3.29,2005,7,85 years and over,1.91,NULL,*
Drug overdose death rates,Drug overdose deaths involving methadone,3,"Deaths per 100,000 resident population, crude",2,Sex and age,3,Female: 85 years and over,3.29,2006,8,85 years and over,1.91,NULL,*
Drug overdose death rates,Drug overdose deaths involving methadone,3,"Deaths per 100,000 resident population, crude",2,Sex and age,3,Female: 85 years and over,3.29,2007,9,85 years and over,1.91,NULL,*
Drug overdose death rates,Drug overdose deaths involving methadone,3,"Deaths per 100,000 resident population, crude",2,Sex and age,3,Female: 85 years and over,3.29,2008,10,85 years and over,1.91,NULL,*
Drug overdose death rates,Drug overdose deaths involving methadone,3,"Deaths per 100,000 resident population, crude",2,Sex and age,3,Female: 85 years and over,3.29,2009,11,85 years and over,1.91,NULL,*
Drug overdose death rates,Drug overdose deaths involving methadone,3,"Deaths per 100,000 resident population, crude",2,Sex and age,3,Female: 85 years and over,3.29,2010,12,85 years and over,1.91,NULL,*
Drug overdose death rates,Drug overdose deaths involving methadone,3,"Deaths per 100,000 resident population, crude",2,Sex and age,3,Female: 85 years and over,3.29,2011,13,85 years and over,1.91,NULL,*
Drug overdose death rates,Drug overdose deaths involving methadone,3,"Deaths per 100,000 resident population, crude",2,Sex and age,3,Female: 85 years and over,3.29,2012,14,85 years and over,1.91,NULL,*
Drug overdose death rates,Drug overdose deaths involving methadone,3,"Deaths per 100,000 resident population, crude",2,Sex and age,3,Female: 85 years and over,3.29,2013,15,85 years and over,1.91,NULL,*
Drug overdose death rates,Drug overdose deaths involving methadone,3,"Deaths per 100,000 resident population, crude",2,Sex and age,3,Female: 85 years and over,3.29,2014,16,85 years and over,1.91,NULL,*
Drug overdose death rates,Drug overdose deaths involving methadone,3,"Deaths per 100,000 resident population, crude",2,Sex and age,3,Female: 85 years and over,3.29,2015,17,85 years and over,1.91,NULL,*
Drug overdose death rates,Drug overdose deaths involving methadone,3,"Deaths per 100,000 resident population, crude",2,Sex and age,3,Female: 85 years and over,3.29,2016,18,85 years and over,1.91,NULL,*
Drug overdose death rates,Drug overdose deaths involving methadone,3,"Deaths per 100,000 resident population, crude",2,Sex and age,3,Female: 85 years and over,3.29,2017,19,85 years and over,1.91,NULL,*
Drug overdose death rates,Drug overdose deaths involving other synthetic opioids (other than methadone),4,"Deaths per 100,000 resident population, age-adjusted",1,Total,0,All persons,0.1,1999,1,All ages,1.1,0.3,NULL
Drug overdose death rates,Drug overdose deaths involving other synthetic opioids (other than methadone),4,"Deaths per 100,000 resident population, age-adjusted",1,Total,0,All persons,0.1,2000,2,All ages,1.1,0.3,NULL
Drug overdose death rates,Drug overdose deaths involving other synthetic opioids (other than methadone),4,"Deaths per 100,000 resident population, age-adjusted",1,Total,0,All persons,0.1,2001,3,All ages,a1.1,0.3,NULL
Drug overdose death rates,Drug overdose deaths involving other synthetic opioids (other than methadone),4,"Deaths per 100,000 resident population, age-adjusted",1,Total,0,All persons,0.1,2002,4,All ages,1.1,0.4,NULL
Drug overdose death rates,Drug overdose deaths involving other synthetic opioids (other than methadone),4,"Deaths per 100,000 resident population, age-adjusted",1,Total,,All persons,0.1,2003,5,All ages,1.1,0.5,NULL
Drug overdose death rates,Drug overdose deaths involving other synthetic opioids (other than methadone),4,"Deaths per 100,000 resident population, age-adjusted",1,Total,0,All persons,0.1,2004,6,All ages,1.1,0.6,NULL
Drug overdose death rates,Drug overdose deaths involving other synthetic opioids (other than methadone),4,"Deaths per 100,000 resident population, age-adjusted",1,Total,,All persons,0.1,2005,7,All ages,.1,0.6,NULL
Drug overdose death rates,Drug overdose deaths involving other synthetic opioids (other than methadone),4,"Deaths per 100,000 resident population, age-adjusted",1,Total,0,All persons,0.1,2006,8,All ages,1.1,0.9,NULL
Drug overdose death rates,Drug overdose deaths involving other synthetic opioids (other than methadone),4,"Deaths per 100,000 resident population, age-adjusted",1,Total,0,All persons,0.1,2007,9,All ages,1.1,0.7,NULL
Drug overdose death rates,Drug overdose deaths involving other synthetic opioids (other than methadone),4,"Deaths per 100,000 resident population, age-adjusted",1,Total,0,All persons,0.1,2008,10,All ages,11,0.8,NULL
Drug overdose death rates,Drug overdose deaths involving other synthetic opioids (other than methadone),4,"Deaths per 100,000 resident population, age-adjusted",1,Total,0,All persons,0.1,2009,11,All ages,.1,1.0,NULL
Drug overdose death rates,Drug overdose deaths involving other synthetic opioids (other than methadone),4,"Deaths per 100,000 resident population, age-adjusted",1,Total,0,All persons,0.1,2010,12,All ages,11,1.0,NULL
Drug overdose death rates,Drug overdose deaths involving other synthetic opioids (other than methadone),4,"Deaths per 100,000 resident population, age-adjusted",1,Total,0,All persons,0.1,2011,13,All ages,1.1,0.8,NULL
Drug overdose death rates,Drug overdose deaths involving other synthetic opioids (other than methadone),4,"Deaths per 100,000 resident population, age-adjusted",1,Total,0,All persons,0.1,2012,14,All ages,1.1,0.8,NULL
Drug overdose death rates,Drug overdose deaths involving other synthetic opioids (other than methadone),4,"Deaths per 100,000 resident population, age-adjusted",1,Total,0,All persons,0.1,2013,15,All ages,.11,1.0,NULL
Drug overdose death rates,Drug overdose deaths involving other synthetic opioids (other than methadone),4,"Deaths per 100,000 resident population, age-adjusted",1,Total,0,All persons,0.1,2014,16,All ages,11,1.8,NULL
Drug overdose death rates,Drug overdose deaths involving other synthetic opioids (other than methadone),4,"Deaths per 100,000 resident population, age-adjusted",1,Total,0,All persons,0.1,2015,17,All ages,1.1,3.1,NULL
Drug overdose death rates,Drug overdose deaths involving other synthetic opioids (other than methadone),4,"Deaths per 100,000 resident population, age-adjusted",1,Total,0,All persons,0.1,2016,18,All ages,1.1,6.2,NULL
Drug overdose death rates,Drug overdose deaths involving other synthetic opioids (other than methadone),4,"Deaths per 100,000 resident population, age-adjusted",1,Total,***,All persons,0.1,2017,19,All ages,1.a1,9.0,NULL
Drug overdose death rates,Drug overdose deaths involving other synthetic opioids (other than methadone),4,"Deaths per 100,000 resident population, age-adjusted",1,Sex,2,Male,2.1,1999,1,All ages,1.1,0.3,NULL
Drug overdose death rates,Drug overdose deaths involving other synthetic opioids (other than methadone),4,"Deaths per 100,000 resident population, age-adjusted",1,Sex,2,Male,2.1,2000,2,All ages,1.1,0.3,NULL
Drug overdose death rates,Drug overdose deaths involving other synthetic opioids (other than methadone),4,"Deaths per 100,000 resident population, age-adjusted",1,Sex,2,Male,2.1,2001,3,All ages,1.1,0.4,NULL
Drug overdose death rates,Drug overdose deaths involving other synthetic opioids (other than methadone),4,"Deaths per 100,000 resident population, age-adjusted",1,Sex,2,Male,2.1,2002,4,All ages,1.1,0.5,NULL
Drug overdose death rates,Drug overdose deaths involving other synthetic opioids (other than methadone),4,"Deaths per 100,000 resident population, age-adjusted",1,Sex,2,Male,2.1,2003,5,All ages,1.1,0.5,NULL
Drug overdose death rates,Drug overdose deaths involving other synthetic opioids (other than methadone),4,"Deaths per 100,000 resident population, age-adjusted",1,Sex,2,Male,2.1,2004,6,All ages,1.1,0.6,NULL
Drug overdose death rates,Drug overdose deaths involving other synthetic opioids (other than methadone),4,"Deaths per 100,000 resident population, age-adjusted",1,Sex,2,Male,2.1,2005,7,All ages,1.1,0.6,NULL
Drug overdose death rates,Drug overdose deaths involving other synthetic opioids (other than methadone),4,"Deaths per 100,000 resident population, age-adjusted",1,Sex,2,Male,2.1,2006,8,All ages,1.1,1.1,NULL
Drug overdose death rates,Drug overdose deaths involving other synthetic opioids (other than methadone),4,"Deaths per 100,000 resident population, age-adjusted",1,Sex,2,Male,2.1,2007,9,All ages,1.1,0.8,NULL
Drug overdose death rates,Drug overdose deaths involving other synthetic opioids (other than methadone),4,"Deaths per 100,000 resident population, age-adjusted",1,Sex,2,Male,2.1,2008,10,All ages,1.1,0.8,NULL
Drug overdose death rates,Drug overdose deaths involving other synthetic opioids (other than methadone),4,"Deaths per 100,000 resident population, age-adjusted",1,Sex,2,Male,2.1,2009,11,All ages,1.1,1.0,NULL
Drug overdose death rates,Drug overdose deaths involving other synthetic opioids (other than methadone),4,"Deaths per 100,000 resident population, age-adjusted",1,Sex,2,Male,2.1,2010,12,All ages,1.1,1.0,NULL
Drug overdose death rates,Drug overdose deaths involving other synthetic opioids (other than methadone),4,"Deaths per 100,000 resident population, age-adjusted",1,Sex,2,Male,2.1,2011,13,All ages,1.1,0.9,NULL
Drug overdose death rates,Drug overdose deaths involving other synthetic opioids (other than methadone),4,"Deaths per 100,000 resident population, age-adjusted",1,Sex,2,Male,2.1,2012,14,All ages,1.1,0.9,NULL
Drug overdose death rates,Drug overdose deaths involving other synthetic opioids (other than methadone),4,"Deaths per 100,000 resident population, age-adjusted",1,Sex,2,Male,2.1,2013,15,All ages,1.1,1.1,NULL
Drug overdose death rates,Drug overdose deaths involving other synthetic opioids (other than methadone),4,"Deaths per 100,000 resident population, age-adjusted",1,Sex,2,Male,2.1,2014,16,All ages,1.1,2.2,NULL
Drug overdose death rates,Drug overdose deaths involving other synthetic opioids (other than methadone),4,"Deaths per 100,000 resident population, age-adjusted",1,Sex,2,Male,2.1,2015,17,All ages,1.1,4.2,NULL
Drug overdose death rates,Drug overdose deaths involving other synthetic opioids (other than methadone),4,"Deaths per 100,000 resident population, age-adjusted",1,Sex,2,Male,2.1,2016,18,All ages,1.1,8.9,NULL
Drug overdose death rates,Drug overdose deaths involving other synthetic opioids (other than methadone),4,"Deaths per 100,000 resident population, age-adjusted",1,Sex,2,Male,2.1,2017,19,All ages,1.1,13.0,NULL
Drug overdose death rates,Drug overdose deaths involving other synthetic opioids (other than methadone),4,"Deaths per 100,000 resident population, age-adjusted",1,Sex,2,Female,2.2,1999,1,All ages,1.1,0.2,NULL
Drug overdose death rates,Drug overdose deaths involving other synthetic opioids (other than methadone),4,"Deaths per 100,000 resident population, age-adjusted",1,Sex,2,Female,2.2,2000,2,All ages,1.1,0.3,NULL
Drug overdose death rates,Drug overdose deaths involving other synthetic opioids (other than methadone),4,"Deaths per 100,000 resident population, age-adjusted",1,Sex,2,Female,2.2,2001,3,All ages,1.1,0.3,NULL
Drug overdose death rates,Drug overdose deaths involving heroin,5,"Deaths per 100,000 resident population, age-adjusted",1,Sex,2,Male,2.1,1999,1,All ages,1.1,1.2,NULL
Drug overdose death rates,Drug overdose deaths involving other synthetic opioids (other than methadone),4,"Deaths per 100,000 resident population, age-adjusted",1,Sex,2,Female,2.2,2002,4,All ages,1.1,0.4,NULL
Drug overdose death rates,Drug overdose deaths involving other synthetic opioids (other than methadone),4,"Deaths per 100,000 resident population, age-adjusted",1,Sex,2,Female,2.2,2003,5,All ages,1.1,0.4,NULL
Drug overdose death rates,Drug overdose deaths involving other synthetic opioids (other than methadone),4,"Deaths per 100,000 resident population, age-adjusted",1,Sex,2,Female,2.2,2004,6,All ages,1.1,0.5,NULL
Drug overdose death rates,Drug overdose deaths involving other synthetic opioids (other than methadone),4,"Deaths per 100,000 resident population, age-adjusted",1,Sex,2,Female,2.2,2005,7,All ages,1.1,0.5,NULL
Drug overdose death rates,Drug overdose deaths involving other synthetic opioids (other than methadone),4,"Deaths per 100,000 resident population, age-adjusted",1,Sex,2,Female,2.2,2006,8,All ages,1.1,0.7,NULL
Drug overdose death rates,Drug overdose deaths involving other synthetic opioids (other than methadone),4,"Deaths per 100,000 resident population, age-adjusted",1,Sex,2,Female,2.2,2007,9,All ages,1.1,0.7,NULL
Drug overdose death rates,Drug overdose deaths involving other synthetic opioids (other than methadone),4,"Deaths per 100,000 resident population, age-adjusted",1,Sex,2,Female,2.2,2008,10,All ages,1.1,0.7,NULL
Drug overdose death rates,Drug overdose deaths involving other synthetic opioids (other than methadone),4,"Deaths per 100,000 resident population, age-adjusted",1,Sex,2,Female,2.2,2009,11,All ages,1.1,0.9,NULL
Drug overdose death rates,Drug overdose deaths involving other synthetic opioids (other than methadone),4,"Deaths per 100,000 resident population, age-adjusted",1,Sex,2,Female,2.2,2010,12,All ages,1.1,0.9,NULL
Drug overdose death rates,Drug overdose deaths involving other synthetic opioids (other than methadone),4,"Deaths per 100,000 resident population, age-adjusted",1,Sex,2,Female,2.2,2011,13,All ages,1.1,0.8,NULL
Drug overdose death rates,Drug overdose deaths involving other synthetic opioids (other than methadone),4,"Deaths per 100,000 resident population, age-adjusted",1,Sex,2,Female,2.2,2012,14,All ages,1.1,0.7,NULL
Drug overdose death rates,Drug overdose deaths involving other synthetic opioids (other than methadone),4,"Deaths per 100,000 resident population, age-adjusted",1,Sex,2,Female,2.2,2013,15,All ages,1.1,0.9,NULL
Drug overdose death rates,Drug overdose deaths involving other synthetic opioids (other than methadone),4,"Deaths per 100,000 resident population, age-adjusted",1,Sex,2,Female,2.2,2014,16,All ages,1.1,1.3,NULL
Drug overdose death rates,Drug overdose deaths involving other synthetic opioids (other than methadone),4,"Deaths per 100,000 resident population, age-adjusted",1,Sex,2,Female,2.2,2015,17,All ages,1.1,1.9,NULL
Drug overdose death rates,Drug overdose deaths involving other synthetic opioids (other than methadone),4,"Deaths per 100,000 resident population, age-adjusted",1,Sex,2,Female,2.2,2016,18,All ages,1.1,3.5,NULL
Drug overdose death rates,Drug overdose deaths involving other synthetic opioids (other than methadone),4,"Deaths per 100,000 resident population, age-adjusted",1,Sex,2,Female,2.2,2017,19,All ages,1.1,5.0,NULL
Drug overdose death rates,Drug overdose deaths involving other synthetic opioids (other than methadone),4,"Deaths per 100,000 resident population, age-adjusted",1,Sex and race,4,Male: White,4.1,1999,1,All ages,1.1,0.3,NULL
Drug overdose death rates,Drug overdose deaths involving other synthetic opioids (other than methadone),4,"Deaths per 100,000 resident population, age-adjusted",1,Sex and race,4,Male: White,4.1,2000,2,All ages,1.1,0.3,NULL
Drug overdose death rates,Drug overdose deaths involving other synthetic opioids (other than methadone),4,"Deaths per 100,000 resident population, age-adjusted",1,Sex and race,4,Male: White,4.1,2001,3,All ages,1.1,0.4,NULL
Drug overdose death rates,Drug overdose deaths involving other synthetic opioids (other than methadone),4,"Deaths per 100,000 resident population, age-adjusted",1,Sex and race,4,Male: White,4.1,2002,4,All ages,1.1,0.5,NULL
Drug overdose death rates,Drug overdose deaths involving other synthetic opioids (other than methadone),4,"Deaths per 100,000 resident population, age-adjusted",1,Sex and race,4,Male: White,4.1,2003,5,All ages,1.1,0.6,NULL
Drug overdose death rates,Drug overdose deaths involving other synthetic opioids (other than methadone),4,"Deaths per 100,000 resident population, age-adjusted",1,Sex and race,4,Male: White,4.1,2004,6,All ages,1.1,0.7,NULL
Drug overdose death rates,Drug overdose deaths involving other synthetic opioids (other than methadone),4,"Deaths per 100,000 resident population, age-adjusted",1,Sex and race,4,Male: White,4.1,2005,7,All ages,1.1,0.7,NULL
Drug overdose death rates,Drug overdose deaths involving other synthetic opioids (other than methadone),4,"Deaths per 100,000 resident population, age-adjusted",1,Sex and race,4,Male: White,4.1,2006,8,All ages,1.1,1.2,NULL
Drug overdose death rates,Drug overdose deaths involving other synthetic opioids (other than methadone),4,"Deaths per 100,000 resident population, age-adjusted",1,Sex and race,4,Male: White,4.1,2007,9,All ages,1.1,0.9,NULL
Drug overdose death rates,Drug overdose deaths involving other synthetic opioids (other than methadone),4,"Deaths per 100,000 resident population, age-adjusted",1,Sex and race,4,Male: White,4.1,2008,10,All ages,1.1,1.0,NULL
Drug overdose death rates,Drug overdose deaths involving other synthetic opioids (other than methadone),4,"Deaths per 100,000 resident population, age-adjusted",1,Sex and race,4,Male: White,4.1,2009,11,All ages,1.1,1.2,NULL
Drug overdose death rates,Drug overdose deaths involving other synthetic opioids (other than methadone),4,"Deaths per 100,000 resident population, age-adjusted",1,Sex and race,4,Male: White,4.1,2010,12,All ages,1.1,1.2,NULL
Drug overdose death rates,Drug overdose deaths involving other synthetic opioids (other than methadone),4,"Deaths per 100,000 resident population, age-adjusted",1,Sex and race,4,Male: White,4.1,2011,13,All ages,1.1,1.1,NULL
Drug overdose death rates,Drug overdose deaths involving other synthetic opioids (other than methadone),4,"Deaths per 100,000 resident population, age-adjusted",1,Sex and race,4,Male: White,4.1,2012,14,All ages,1.1,1.1,NULL
Drug overdose death rates,Drug overdose deaths involving other synthetic opioids (other than methadone),4,"Deaths per 100,000 resident population, age-adjusted",1,Sex and race,4,Male: White,4.1,2013,15,All ages,1.1,1.2,NULL
Drug overdose death rates,Drug overdose deaths involving other synthetic opioids (other than methadone),4,"Deaths per 100,000 resident population, age-adjusted",1,Sex and race,4,Male: White,4.1,2014,16,All ages,1.1,2.5,NULL
Drug overdose death rates,Drug overdose deaths involving other synthetic opioids (other than methadone),4,"Deaths per 100,000 resident population, age-adjusted",1,Sex and race,4,Male: White,4.1,2015,17,All ages,1.1,4.8,NULL
Drug overdose death rates,Drug overdose deaths involving other synthetic opioids (other than methadone),4,"Deaths per 100,000 resident population, age-adjusted",1,Sex and race,4,Male: White,4.1,2016,18,All ages,1.1,9.9,NULL
Drug overdose death rates,Drug overdose deaths involving other synthetic opioids (other than methadone),4,"Deaths per 100,000 resident population, age-adjusted",1,Sex and race,4,Male: White,4.1,2017,19,All ages,1.1,14.4,NULL
Drug overdose death rates,Drug overdose deaths involving other synthetic opioids (other than methadone),4,"Deaths per 100,000 resident population, age-adjusted",1,Sex and race,4,Male: White,4.1,2018,20,All ages,1.1,15.4,NULL
Drug overdose death rates,Drug overdose deaths involving other synthetic opioids (other than methadone),4,"Deaths per 100,000 resident population, age-adjusted",1,Sex and race,4,Male: Black or African American,4.2,1999,1,All ages,1.1,NULL,*
Drug overdose death rates,Drug overdose deaths involving other synthetic opioids (other than methadone),4,"Deaths per 100,000 resident population, age-adjusted",1,Sex and race,4,Male: Black or African American,4.2,2000,2,All ages,1.1,0.1,NULL
Drug overdose death rates,Drug overdose deaths involving other synthetic opioids (other than methadone),4,"Deaths per 100,000 resident population, age-adjusted",1,Sex and race,4,Male: Black or African American,4.2,2001,3,All ages,1.1,0.2,NULL
Drug overdose death rates,Drug overdose deaths involving other synthetic opioids (other than methadone),4,"Deaths per 100,000 resident population, age-adjusted",1,Sex and race,4,Male: Black or African American,4.2,2002,4,All ages,1.1,0.1,NULL
Drug overdose death rates,Drug overdose deaths involving other synthetic opioids (other than methadone),4,"Deaths per 100,000 resident population, age-adjusted",1,Sex and race,4,Male: Black or African American,4.2,2003,5,All ages,1.1,0.2,NULL
Drug overdose death rates,Drug overdose deaths involving other synthetic opioids (other than methadone),4,"Deaths per 100,000 resident population, age-adjusted",1,Sex and race,4,Male: Black or African American,4.2,2004,6,All ages,1.1,0.2,NULL
Drug overdose death rates,Drug overdose deaths involving other synthetic opioids (other than methadone),4,"Deaths per 100,000 resident population, age-adjusted",1,Sex and race,4,Male: Black or African American,4.2,2005,7,All ages,1.1,0.2,NULL
Drug overdose death rates,Drug overdose deaths involving other synthetic opioids (other than methadone),4,"Deaths per 100,000 resident population, age-adjusted",1,Sex and race,4,Male: Black or African American,4.2,2006,8,All ages,1.1,1.5,NULL
Drug overdose death rates,Drug overdose deaths involving other synthetic opioids (other than methadone),4,"Deaths per 100,000 resident population, age-adjusted",1,Sex and race,4,Male: Black or African American,4.2,2007,9,All ages,1.1,0.2,NULL
Drug overdose death rates,Drug overdose deaths involving other synthetic opioids (other than methadone),4,"Deaths per 100,000 resident population, age-adjusted",1,Sex and race,4,Male: Black or African American,4.2,2008,10,All ages,1.1,0.2,NULL
Drug overdose death rates,Drug overdose deaths involving other synthetic opioids (other than methadone),4,"Deaths per 100,000 resident population, age-adjusted",1,Sex and race,4,Male: Black or African American,4.2,2009,11,All ages,1.1,0.3,NULL
Drug overdose death rates,Drug overdose deaths involving other synthetic opioids (other than methadone),4,"Deaths per 100,000 resident population, age-adjusted",1,Sex and race,4,Male: Black or African American,4.2,2010,12,All ages,1.1,0.3,NULL
Drug overdose death rates,Drug overdose deaths involving other synthetic opioids (other than methadone),4,"Deaths per 100,000 resident population, age-adjusted",1,Sex and race,4,Male: Black or African American,4.2,2011,13,All ages,1.1,0.3,NULL
Drug overdose death rates,Drug overdose deaths involving other synthetic opioids (other than methadone),4,"Deaths per 100,000 resident population, age-adjusted",1,Sex and race,4,Male: Black or African American,4.2,2012,14,All ages,1.1,0.3,NULL
Drug overdose death rates,Drug overdose deaths involving other synthetic opioids (other than methadone),4,"Deaths per 100,000 resident population, age-adjusted",1,Sex and race,4,Male: Black or African American,4.2,2013,15,All ages,1.1,0.5,NULL
Drug overdose death rates,Drug overdose deaths involving other synthetic opioids (other than methadone),4,"Deaths per 100,000 resident population, age-adjusted",1,Sex and race,4,Male: Black or African American,4.2,2014,16,All ages,1.1,1.5,NULL
Drug overdose death rates,Drug overdose deaths involving other synthetic opioids (other than methadone),4,"Deaths per 100,000 resident population, age-adjusted",1,Sex and race,4,Male: Black or African American,4.2,2015,17,All ages,1.1,3.1,NULL
Drug overdose death rates,Drug overdose deaths involving other synthetic opioids (other than methadone),4,"Deaths per 100,000 resident population, age-adjusted",1,Sex and race,4,Male: Black or African American,4.2,2016,18,All ages,1.1,8.4,NULL
Drug overdose death rates,Drug overdose deaths involving other synthetic opioids (other than methadone),4,"Deaths per 100,000 resident population, age-adjusted",1,Sex and race,4,Male: Black or African American,4.2,2017,19,All ages,1.1,13.6,NULL
Drug overdose death rates,Drug overdose deaths involving other synthetic opioids (other than methadone),4,"Deaths per 100,000 resident population, age-adjusted",1,Sex and race,4,Male: Black or African American,4.2,2018,20,All ages,1.1,16.7,NULL
Drug overdose death rates,Drug overdose deaths involving other synthetic opioids (other than methadone),4,"Deaths per 100,000 resident population, age-adjusted",1,Sex and race,4,Male: American Indian or Alaska Native,4.3,1999,1,All ages,1.1,NULL,*
Drug overdose death rates,Drug overdose deaths involving other synthetic opioids (other than methadone),4,"Deaths per 100,000 resident population, age-adjusted",1,Sex and race,4,Male: American Indian or Alaska Native,4.3,2000,2,All ages,1.1,NULL,*
Drug overdose death rates,Drug overdose deaths involving other synthetic opioids (other than methadone),4,"Deaths per 100,000 resident population, age-adjusted",1,Sex and race,4,Male: American Indian or Alaska Native,4.3,2001,3,All ages,1.1,NULL,*
Drug overdose death rates,Drug overdose deaths involving other synthetic opioids (other than methadone),4,"Deaths per 100,000 resident population, age-adjusted",1,Sex and race,4,Male: American Indian or Alaska Native,4.3,2002,4,All ages,1.1,NULL,*
Drug overdose death rates,Drug overdose deaths involving other synthetic opioids (other than methadone),4,"Deaths per 100,000 resident population, age-adjusted",1,Sex and race,4,Male: American Indian or Alaska Native,4.3,2003,5,All ages,1.1,NULL,*
Drug overdose death rates,Drug overdose deaths involving other synthetic opioids (other than methadone),4,"Deaths per 100,000 resident population, age-adjusted",1,Sex and race,4,Male: American Indian or Alaska Native,4.3,2004,6,All ages,1.1,NULL,*
Drug overdose death rates,Drug overdose deaths involving other synthetic opioids (other than methadone),4,"Deaths per 100,000 resident population, age-adjusted",1,Sex and race,4,Male: American Indian or Alaska Native,4.3,2005,7,All ages,1.1,NULL,*
Drug overdose death rates,Drug overdose deaths involving other synthetic opioids (other than methadone),4,"Deaths per 100,000 resident population, age-adjusted",1,Sex and race,4,Male: American Indian or Alaska Native,4.3,2006,8,All ages,1.1,NULL,*
Drug overdose death rates,Drug overdose deaths involving other synthetic opioids (other than methadone),4,"Deaths per 100,000 resident population, age-adjusted",1,Sex and race,4,Male: American Indian or Alaska Native,4.3,2007,9,All ages,1.1,NULL,*
Drug overdose death rates,Drug overdose deaths involving other synthetic opioids (other than methadone),4,"Deaths per 100,000 resident population, age-adjusted",1,Sex and race,4,Male: American Indian or Alaska Native,4.3,2008,10,All ages,1.1,1.3,NULL
Drug overdose death rates,Drug overdose deaths involving other synthetic opioids (other than methadone),4,"Deaths per 100,000 resident population, age-adjusted",1,Sex and race,4,Male: American Indian or Alaska Native,4.3,2009,11,All ages,1.1,1.8,NULL
Drug overdose death rates,Drug overdose deaths involving other synthetic opioids (other than methadone),4,"Deaths per 100,000 resident population, age-adjusted",1,Sex and race,4,Male: American Indian or Alaska Native,4.3,2010,12,All ages,1.1,NULL,*
Drug overdose death rates,Drug overdose deaths involving other synthetic opioids (other than methadone),4,"Deaths per 100,000 resident population, age-adjusted",1,Sex and race,4,Male: American Indian or Alaska Native,4.3,2011,13,All ages,1.1,NULL,*
Drug overdose death rates,Drug overdose deaths involving other synthetic opioids (other than methadone),4,"Deaths per 100,000 resident population, age-adjusted",1,Sex and race,4,Male: American Indian or Alaska Native,4.3,2012,14,All ages,1.1,NULL,*
Drug overdose death rates,Drug overdose deaths involving other synthetic opioids (other than methadone),4,"Deaths per 100,000 resident population, age-adjusted",1,Sex and race,4,Male: American Indian or Alaska Native,4.3,2013,15,All ages,1.1,NULL,*
Drug overdose death rates,Drug overdose deaths involving other synthetic opioids (other than methadone),4,"Deaths per 100,000 resident population, age-adjusted",1,Sex and race,4,Male: American Indian or Alaska Native,4.3,2014,16,All ages,1.1,1.5,NULL
Drug overdose death rates,Drug overdose deaths involving other synthetic opioids (other than methadone),4,"Deaths per 100,000 resident population, age-adjusted",1,Sex and race,4,Male: American Indian or Alaska Native,4.3,2015,17,All ages,1.1,1.5,NULL
Drug overdose death rates,Drug overdose deaths involving other synthetic opioids (other than methadone),4,"Deaths per 100,000 resident population, age-adjusted",1,Sex and race,4,Male: American Indian or Alaska Native,4.3,2016,18,All ages,1.1,3.1,NULL
Drug overdose death rates,Drug overdose deaths involving other synthetic opioids (other than methadone),4,"Deaths per 100,000 resident population, age-adjusted",1,Sex and race,4,Male: American Indian or Alaska Native,4.3,2017,19,All ages,1.1,5.3,NULL
Drug overdose death rates,Drug overdose deaths involving other synthetic opioids (other than methadone),4,"Deaths per 100,000 resident population, age-adjusted",1,Sex and race,4,Male: American Indian or Alaska Native,4.3,2018,20,All ages,1.1,6.3,NULL
Drug overdose death rates,Drug overdose deaths involving other synthetic opioids (other than methadone),4,"Deaths per 100,000 resident population, age-adjusted",1,Sex and race,4,Male: Asian or Pacific Islander,4.4,1999,1,All ages,1.1,NULL,*
Drug overdose death rates,Drug overdose deaths involving other synthetic opioids (other than methadone),4,"Deaths per 100,000 resident population, age-adjusted",1,Sex and race,4,Male: Asian or Pacific Islander,4.4,2000,2,All ages,1.1,NULL,*
Drug overdose death rates,Drug overdose deaths involving other synthetic opioids (other than methadone),4,"Deaths per 100,000 resident population, age-adjusted",1,Sex and race,4,Male: Asian or Pacific Islander,4.4,2001,3,All ages,1.1,NULL,*
Drug overdose death rates,Drug overdose deaths involving other synthetic opioids (other than methadone),4,"Deaths per 100,000 resident population, age-adjusted",1,Sex and race,4,Male: Asian or Pacific Islander,4.4,2002,4,All ages,1.1,NULL,*
Drug overdose death rates,Drug overdose deaths involving other synthetic opioids (other than methadone),4,"Deaths per 100,000 resident population, age-adjusted",1,Sex and race,4,Male: Asian or Pacific Islander,4.4,2003,5,All ages,1.1,NULL,*
Drug overdose death rates,Drug overdose deaths involving other synthetic opioids (other than methadone),4,"Deaths per 100,000 resident population, age-adjusted",1,Sex and race,4,Male: Asian or Pacific Islander,4.4,2004,6,All ages,1.1,NULL,*
Drug overdose death rates,Drug overdose deaths involving other synthetic opioids (other than methadone),4,"Deaths per 100,000 resident population, age-adjusted",1,Sex and race,4,Male: Asian or Pacific Islander,4.4,2005,7,All ages,1.1,NULL,*
Drug overdose death rates,Drug overdose deaths involving other synthetic opioids (other than methadone),4,"Deaths per 100,000 resident population, age-adjusted",1,Sex and race,4,Male: Asian or Pacific Islander,4.4,2006,8,All ages,1.1,NULL,*
Drug overdose death rates,Drug overdose deaths involving other synthetic opioids (other than methadone),4,"Deaths per 100,000 resident population, age-adjusted",1,Sex and race,4,Male: Asian or Pacific Islander,4.4,2007,9,All ages,1.1,NULL,*
Drug overdose death rates,Drug overdose deaths involving other synthetic opioids (other than methadone),4,"Deaths per 100,000 resident population, age-adjusted",1,Sex and race,4,Male: Asian or Pacific Islander,4.4,2008,10,All ages,1.1,NULL,*
Drug overdose death rates,Drug overdose deaths involving other synthetic opioids (other than methadone),4,"Deaths per 100,000 resident population, age-adjusted",1,Sex and race,4,Male: Asian or Pacific Islander,4.4,2009,11,All ages,1.1,NULL,*
Drug overdose death rates,Drug overdose deaths involving other synthetic opioids (other than methadone),4,"Deaths per 100,000 resident population, age-adjusted",1,Sex and race,4,Male: Asian or Pacific Islander,4.4,2010,12,All ages,1.1,NULL,*
Drug overdose death rates,Drug overdose deaths involving other synthetic opioids (other than methadone),4,"Deaths per 100,000 resident population, age-adjusted",1,Sex and race,4,Male: Asian or Pacific Islander,4.4,2011,13,All ages,1.1,NULL,*
Drug overdose death rates,Drug overdose deaths involving other synthetic opioids (other than methadone),4,"Deaths per 100,000 resident population, age-adjusted",1,Sex and race,4,Male: Asian or Pacific Islander,4.4,2012,14,All ages,1.1,NULL,*
Drug overdose death rates,Drug overdose deaths involving other synthetic opioids (other than methadone),4,"Deaths per 100,000 resident population, age-adjusted",1,Sex and race,4,Male: Asian or Pacific Islander,4.4,2013,15,All ages,1.1,NULL,*
Drug overdose death rates,Drug overdose deaths involving other synthetic opioids (other than methadone),4,"Deaths per 100,000 resident population, age-adjusted",1,Sex and race,4,Male: Asian or Pacific Islander,4.4,2014,16,All ages,1.1,0.2,NULL
Drug overdose death rates,Drug overdose deaths involving other synthetic opioids (other than methadone),4,"Deaths per 100,000 resident population, age-adjusted",1,Sex and race,4,Male: Asian or Pacific Islander,4.4,2015,17,All ages,1.1,0.4,NULL
Drug overdose death rates,Drug overdose deaths involving other synthetic opioids (other than methadone),4,"Deaths per 100,000 resident population, age-adjusted",1,Sex and race,4,Male: Asian or Pacific Islander,4.4,2016,18,All ages,1.1,1.0,NULL
Drug overdose death rates,Drug overdose deaths involving other synthetic opioids (other than methadone),4,"Deaths per 100,000 resident population, age-adjusted",1,Sex and race,4,Male: Asian or Pacific Islander,4.4,2017,19,All ages,1.1,1.4,NULL
Drug overdose death rates,Drug overdose deaths involving other synthetic opioids (other than methadone),4,"Deaths per 100,000 resident population, age-adjusted",1,Sex and race,4,Male: Asian or Pacific Islander,4.4,2018,20,All ages,1.1,1.6,NULL
Drug overdose death rates,Drug overdose deaths involving other synthetic opioids (other than methadone),4,"Deaths per 100,000 resident population, age-adjusted",1,Sex and race,4,Female: White,4.5,1999,1,All ages,1.1,0.3,NULL
Drug overdose death rates,Drug overdose deaths involving other synthetic opioids (other than methadone),4,"Deaths per 100,000 resident population, age-adjusted",1,Sex and race,4,Female: White,4.5,2000,2,All ages,1.1,0.3,NULL
Drug overdose death rates,Drug overdose deaths involving other synthetic opioids (other than methadone),4,"Deaths per 100,000 resident population, age-adjusted",1,Sex and race,4,Female: White,4.5,2001,3,All ages,1.1,0.3,NULL
Drug overdose death rates,Drug overdose deaths involving other synthetic opioids (other than methadone),4,"Deaths per 100,000 resident population, age-adjusted",1,Sex and race,4,Female: White,4.5,2002,4,All ages,1.1,0.5,NULL
Drug overdose death rates,Drug overdose deaths involving other synthetic opioids (other than methadone),4,"Deaths per 100,000 resident population, age-adjusted",1,Sex and race,4,Female: White,4.5,2003,5,All ages,1.1,0.5,NULL
Drug overdose death rates,Drug overdose deaths involving other synthetic opioids (other than methadone),4,"Deaths per 100,000 resident population, age-adjusted",1,Sex and race,4,Female: White,4.5,2004,6,All ages,1.1,0.6,NULL
Drug overdose death rates,Drug overdose deaths involving other synthetic opioids (other than methadone),4,"Deaths per 100,000 resident population, age-adjusted",1,Sex and race,4,Female: White,4.5,2005,7,All ages,1.1,0.6,NULL
Drug overdose death rates,Drug overdose deaths involving other synthetic opioids (other than methadone),4,"Deaths per 100,000 resident population, age-adjusted",1,Sex and race,4,Female: White,4.5,2006,8,All ages,1.1,0.8,NULL
Drug overdose death rates,Drug overdose deaths involving other synthetic opioids (other than methadone),4,"Deaths per 100,000 resident population, age-adjusted",1,Sex and race,4,Female: White,4.5,2007,9,All ages,1.1,0.8,NULL
Drug overdose death rates,Drug overdose deaths involving other synthetic opioids (other than methadone),4,"Deaths per 100,000 resident population, age-adjusted",1,Sex and race,4,Female: White,4.5,2008,10,All ages,1.1,0.8,NULL
Drug overdose death rates,Drug overdose deaths involving other synthetic opioids (other than methadone),4,"Deaths per 100,000 resident population, age-adjusted",1,Sex and race,4,Female: White,4.5,2009,11,All ages,1.1,1.0,NULL
Drug overdose death rates,Drug overdose deaths involving other synthetic opioids (other than methadone),4,"Deaths per 100,000 resident population, age-adjusted",1,Sex and race,4,Female: White,4.5,2010,12,All ages,1.1,1.1,NULL
Drug overdose death rates,Drug overdose deaths involving other synthetic opioids (other than methadone),4,"Deaths per 100,000 resident population, age-adjusted",1,Sex and race,4,Female: White,4.5,2011,13,All ages,1.1,0.9,NULL
Drug overdose death rates,Drug overdose deaths involving other synthetic opioids (other than methadone),4,"Deaths per 100,000 resident population, age-adjusted",1,Sex and race,4,Female: White,4.5,2012,14,All ages,1.1,0.9,NULL
Drug overdose death rates,Drug overdose deaths involving other synthetic opioids (other than methadone),4,"Deaths per 100,000 resident population, age-adjusted",1,Sex and race,4,Female: White,4.5,2013,15,All ages,1.1,1.0,NULL
Drug overdose death rates,Drug overdose deaths involving other synthetic opioids (other than methadone),4,"Deaths per 100,000 resident population, age-adjusted",1,Sex and race,4,Female: White,4.5,2014,16,All ages,1.1,1.5,NULL
Drug overdose death rates,Drug overdose deaths involving other synthetic opioids (other than methadone),4,"Deaths per 100,000 resident population, age-adjusted",1,Sex and race,4,Female: White,4.5,2015,17,All ages,1.1,2.3,NULL
Drug overdose death rates,Drug overdose deaths involving other synthetic opioids (other than methadone),4,"Deaths per 100,000 resident population, age-adjusted",1,Sex and race,4,Female: White,4.5,2016,18,All ages,1.1,4.0,NULL
Drug overdose death rates,Drug overdose deaths involving other synthetic opioids (other than methadone),4,"Deaths per 100,000 resident population, age-adjusted",1,Sex and race,4,Female: White,4.5,2017,19,All ages,1.1,5.7,NULL
Drug overdose death rates,Drug overdose deaths involving other synthetic opioids (other than methadone),4,"Deaths per 100,000 resident population, age-adjusted",1,Sex and race,4,Female: White,4.5,2018,20,All ages,1.1,6.2,NULL
Drug overdose death rates,Drug overdose deaths involving other synthetic opioids (other than methadone),4,"Deaths per 100,000 resident population, age-adjusted",1,Sex and race,4,Female: Black or African American,4.6,1999,1,All ages,1.1,NULL,*
Drug overdose death rates,Drug overdose deaths involving other synthetic opioids (other than methadone),4,"Deaths per 100,000 resident population, age-adjusted",1,Sex and race,4,Female: Black or African American,4.6,2000,2,All ages,1.1,NULL,*
Drug overdose death rates,Drug overdose deaths involving other synthetic opioids (other than methadone),4,"Deaths per 100,000 resident population, age-adjusted",1,Sex and race,4,Female: Black or African American,4.6,2001,3,All ages,1.1,0.1,NULL
Drug overdose death rates,Drug overdose deaths involving other synthetic opioids (other than methadone),4,"Deaths per 100,000 resident population, age-adjusted",1,Sex and race,4,Female: Black or African American,4.6,2002,4,All ages,1.1,0.2,NULL
Drug overdose death rates,Drug overdose deaths involving other synthetic opioids (other than methadone),4,"Deaths per 100,000 resident population, age-adjusted",1,Sex and race,4,Female: Black or African American,4.6,2003,5,All ages,1.1,0.1,NULL
Drug overdose death rates,Drug overdose deaths involving other synthetic opioids (other than methadone),4,"Deaths per 100,000 resident population, age-adjusted",1,Sex and race,4,Female: Black or African American,4.6,2004,6,All ages,1.1,0.2,NULL
Drug overdose death rates,Drug overdose deaths involving other synthetic opioids (other than methadone),4,"Deaths per 100,000 resident population, age-adjusted",1,Sex and race,4,Female: Black or African American,4.6,2005,7,All ages,1.1,0.2,NULL
Drug overdose death rates,Drug overdose deaths involving other synthetic opioids (other than methadone),4,"Deaths per 100,000 resident population, age-adjusted",1,Sex and race,4,Female: Black or African American,4.6,2006,8,All ages,1.1,0.4,NULL
Drug overdose death rates,Drug overdose deaths involving other synthetic opioids (other than methadone),4,"Deaths per 100,000 resident population, age-adjusted",1,Sex and race,4,Female: Black or African American,4.6,2007,9,All ages,1.1,0.2,NULL
Drug overdose death rates,Drug overdose deaths involving other synthetic opioids (other than methadone),4,"Deaths per 100,000 resident population, age-adjusted",1,Sex and race,4,Female: Black or African American,4.6,2008,10,All ages,1.1,0.2,NULL
Drug overdose death rates,Drug overdose deaths involving other synthetic opioids (other than methadone),4,"Deaths per 100,000 resident population, age-adjusted",1,Sex and race,4,Female: Black or African American,4.6,2009,11,All ages,1.1,0.3,NULL
Drug overdose death rates,Drug overdose deaths involving other synthetic opioids (other than methadone),4,"Deaths per 100,000 resident population, age-adjusted",1,Sex and race,4,Female: Black or African American,4.6,2010,12,All ages,1.1,0.4,NULL
Drug overdose death rates,Drug overdose deaths involving other synthetic opioids (other than methadone),4,"Deaths per 100,000 resident population, age-adjusted",1,Sex and race,4,Female: Black or African American,4.6,2011,13,All ages,1.1,0.3,NULL
Drug overdose death rates,Drug overdose deaths involving other synthetic opioids (other than methadone),4,"Deaths per 100,000 resident population, age-adjusted",1,Sex and race,4,Female: Black or African American,4.6,2012,14,All ages,1.1,0.3,NULL
Drug overdose death rates,Drug overdose deaths involving other synthetic opioids (other than methadone),4,"Deaths per 100,000 resident population, age-adjusted",1,Sex and race,4,Female: Black or African American,4.6,2013,15,All ages,1.1,0.4,NULL
Drug overdose death rates,Drug overdose deaths involving other synthetic opioids (other than methadone),4,"Deaths per 100,000 resident population, age-adjusted",1,Sex and race,4,Female: Black or African American,4.6,2014,16,All ages,1.1,0.7,NULL
Drug overdose death rates,Drug overdose deaths involving other synthetic opioids (other than methadone),4,"Deaths per 100,000 resident population, age-adjusted",1,Sex and race,4,Female: Black or African American,4.6,2015,17,All ages,1.1,1.1,NULL
Drug overdose death rates,Drug overdose deaths involving other synthetic opioids (other than methadone),4,"Deaths per 100,000 resident population, age-adjusted",1,Sex and race,4,Female: Black or African American,4.6,2016,18,All ages,1.1,2.9,NULL
Drug overdose death rates,Drug overdose deaths involving other synthetic opioids (other than methadone),4,"Deaths per 100,000 resident population, age-adjusted",1,Sex and race,4,Female: Black or African American,4.6,2017,19,All ages,1.1,4.2,NULL
Drug overdose death rates,Drug overdose deaths involving other synthetic opioids (other than methadone),4,"Deaths per 100,000 resident population, age-adjusted",1,Sex and race,4,Female: Black or African American,4.6,2018,20,All ages,1.1,5.3,NULL
Drug overdose death rates,Drug overdose deaths involving other synthetic opioids (other than methadone),4,"Deaths per 100,000 resident population, age-adjusted",1,Sex and race,4,Female: American Indian or Alaska Native,4.7,1999,1,All ages,1.1,NULL,*
Drug overdose death rates,Drug overdose deaths involving other synthetic opioids (other than methadone),4,"Deaths per 100,000 resident population, age-adjusted",1,Sex and race,4,Female: American Indian or Alaska Native,4.7,2000,2,All ages,1.1,NULL,*
Drug overdose death rates,Drug overdose deaths involving other synthetic opioids (other than methadone),4,"Deaths per 100,000 resident population, age-adjusted",1,Sex and race,4,Female: American Indian or Alaska Native,4.7,2001,3,All ages,1.1,NULL,*
Drug overdose death rates,Drug overdose deaths involving other synthetic opioids (other than methadone),4,"Deaths per 100,000 resident population, age-adjusted",1,Sex and race,4,Female: American Indian or Alaska Native,4.7,2002,4,All ages,1.1,NULL,*
Drug overdose death rates,Drug overdose deaths involving other synthetic opioids (other than methadone),4,"Deaths per 100,000 resident population, age-adjusted",1,Sex and race,4,Female: American Indian or Alaska Native,4.7,2003,5,All ages,1.1,NULL,*
Drug overdose death rates,Drug overdose deaths involving other synthetic opioids (other than methadone),4,"Deaths per 100,000 resident population, age-adjusted",1,Sex and race,4,Female: American Indian or Alaska Native,4.7,2004,6,All ages,1.1,NULL,*
Drug overdose death rates,Drug overdose deaths involving other synthetic opioids (other than methadone),4,"Deaths per 100,000 resident population, age-adjusted",1,Sex and race,4,Female: American Indian or Alaska Native,4.7,2005,7,All ages,1.1,NULL,*
Drug overdose death rates,Drug overdose deaths involving other synthetic opioids (other than methadone),4,"Deaths per 100,000 resident population, age-adjusted",1,Sex and race,4,Female: American Indian or Alaska Native,4.7,2006,8,All ages,1.1,NULL,*
Drug overdose death rates,Drug overdose deaths involving other synthetic opioids (other than methadone),4,"Deaths per 100,000 resident population, age-adjusted",1,Sex and race,4,Female: American Indian or Alaska Native,4.7,2007,9,All ages,1.1,NULL,*
Drug overdose death rates,Drug overdose deaths involving other synthetic opioids (other than methadone),4,"Deaths per 100,000 resident population, age-adjusted",1,Sex and race,4,Female: American Indian or Alaska Native,4.7,2008,10,All ages,1.1,1.1,NULL
Drug overdose death rates,Drug overdose deaths involving other synthetic opioids (other than methadone),4,"Deaths per 100,000 resident population, age-adjusted",1,Sex and race,4,Female: American Indian or Alaska Native,4.7,2009,11,All ages,1.1,1.3,NULL
Drug overdose death rates,Drug overdose deaths involving other synthetic opioids (other than methadone),4,"Deaths per 100,000 resident population, age-adjusted",1,Sex and race,4,Female: American Indian or Alaska Native,4.7,2010,12,All ages,1.1,1.0,NULL
Drug overdose death rates,Drug overdose deaths involving other synthetic opioids (other than methadone),4,"Deaths per 100,000 resident population, age-adjusted",1,Sex and race,4,Female: American Indian or Alaska Native,4.7,2011,13,All ages,1.1,NULL,*
Drug overdose death rates,Drug overdose deaths involving other synthetic opioids (other than methadone),4,"Deaths per 100,000 resident population, age-adjusted",1,Sex and race,4,Female: American Indian or Alaska Native,4.7,2012,14,All ages,1.1,1.1,NULL
Drug overdose death rates,Drug overdose deaths involving other synthetic opioids (other than methadone),4,"Deaths per 100,000 resident population, age-adjusted",1,Sex and race,4,Female: American Indian or Alaska Native,4.7,2013,15,All ages,1.1,NULL,*
Drug overdose death rates,Drug overdose deaths involving other synthetic opioids (other than methadone),4,"Deaths per 100,000 resident population, age-adjusted",1,Sex and race,4,Female: American Indian or Alaska Native,4.7,2014,16,All ages,1.1,0.9,NULL
Drug overdose death rates,Drug overdose deaths involving other synthetic opioids (other than methadone),4,"Deaths per 100,000 resident population, age-adjusted",1,Sex and race,4,Female: American Indian or Alaska Native,4.7,2015,17,All ages,1.1,1.1,NULL
Drug overdose death rates,Drug overdose deaths involving other synthetic opioids (other than methadone),4,"Deaths per 100,000 resident population, age-adjusted",1,Sex and race,4,Female: American Indian or Alaska Native,4.7,2016,18,All ages,1.1,1.9,NULL
Drug overdose death rates,Drug overdose deaths involving other synthetic opioids (other than methadone),4,"Deaths per 100,000 resident population, age-adjusted",1,Sex and race,4,Female: American Indian or Alaska Native,4.7,2017,19,All ages,1.1,2.5,NULL
Drug overdose death rates,Drug overdose deaths involving other synthetic opioids (other than methadone),4,"Deaths per 100,000 resident population, age-adjusted",1,Sex and race,4,Female: American Indian or Alaska Native,4.7,2018,20,All ages,1.1,3.0,NULL
Drug overdose death rates,Drug overdose deaths involving other synthetic opioids (other than methadone),4,"Deaths per 100,000 resident population, age-adjusted",1,Sex and race,4,Female: Asian or Pacific Islander,4.8,1999,1,All ages,1.1,NULL,*
Drug overdose death rates,Drug overdose deaths involving other synthetic opioids (other than methadone),4,"Deaths per 100,000 resident population, age-adjusted",1,Sex and race,4,Female: Asian or Pacific Islander,4.8,2000,2,All ages,1.1,NULL,*
Drug overdose death rates,Drug overdose deaths involving other synthetic opioids (other than methadone),4,"Deaths per 100,000 resident population, age-adjusted",1,Sex and race,4,Female: Asian or Pacific Islander,4.8,2001,3,All ages,1.1,NULL,*
Drug overdose death rates,Drug overdose deaths involving other synthetic opioids (other than methadone),4,"Deaths per 100,000 resident population, age-adjusted",1,Sex and race,4,Female: Asian or Pacific Islander,4.8,2002,4,All ages,1.1,NULL,*
Drug overdose death rates,Drug overdose deaths involving other synthetic opioids (other than methadone),4,"Deaths per 100,000 resident population, age-adjusted",1,Sex and race,4,Female: Asian or Pacific Islander,4.8,2003,5,All ages,1.1,NULL,*
Drug overdose death rates,Drug overdose deaths involving other synthetic opioids (other than methadone),4,"Deaths per 100,000 resident population, age-adjusted",1,Sex and race,4,Female: Asian or Pacific Islander,4.8,2004,6,All ages,1.1,NULL,*
Drug overdose death rates,Drug overdose deaths involving other synthetic opioids (other than methadone),4,"Deaths per 100,000 resident population, age-adjusted",1,Sex and race,4,Female: Asian or Pacific Islander,4.8,2005,7,All ages,1.1,NULL,*
Drug overdose death rates,Drug overdose deaths involving other synthetic opioids (other than methadone),4,"Deaths per 100,000 resident population, age-adjusted",1,Sex and race,4,Female: Asian or Pacific Islander,4.8,2006,8,All ages,1.1,NULL,*
Drug overdose death rates,Drug overdose deaths involving other synthetic opioids (other than methadone),4,"Deaths per 100,000 resident population, age-adjusted",1,Sex and race,4,Female: Asian or Pacific Islander,4.8,2007,9,All ages,1.1,NULL,*
Drug overdose death rates,Drug overdose deaths involving other synthetic opioids (other than methadone),4,"Deaths per 100,000 resident population, age-adjusted",1,Sex and race,4,Female: Asian or Pacific Islander,4.8,2008,10,All ages,1.1,NULL,*
Drug overdose death rates,Drug overdose deaths involving other synthetic opioids (other than methadone),4,"Deaths per 100,000 resident population, age-adjusted",1,Sex and race,4,Female: Asian or Pacific Islander,4.8,2009,11,All ages,1.1,NULL,*
Drug overdose death rates,Drug overdose deaths involving other synthetic opioids (other than methadone),4,"Deaths per 100,000 resident population, age-adjusted",1,Sex and race,4,Female: Asian or Pacific Islander,4.8,2010,12,All ages,1.1,NULL,*
Drug overdose death rates,Drug overdose deaths involving other synthetic opioids (other than methadone),4,"Deaths per 100,000 resident population, age-adjusted",1,Sex and race,4,Female: Asian or Pacific Islander,4.8,2011,13,All ages,1.1,NULL,*
Drug overdose death rates,Drug overdose deaths involving other synthetic opioids (other than methadone),4,"Deaths per 100,000 resident population, age-adjusted",1,Sex and race,4,Female: Asian or Pacific Islander,4.8,2012,14,All ages,1.1,NULL,*
Drug overdose death rates,Drug overdose deaths involving other synthetic opioids (other than methadone),4,"Deaths per 100,000 resident population, age-adjusted",1,Sex and race,4,Female: Asian or Pacific Islander,4.8,2013,15,All ages,1.1,NULL,*
Drug overdose death rates,Drug overdose deaths involving other synthetic opioids (other than methadone),4,"Deaths per 100,000 resident population, age-adjusted",1,Sex and race,4,Female: Asian or Pacific Islander,4.8,2014,16,All ages,1.1,NULL,*
Drug overdose death rates,Drug overdose deaths involving other synthetic opioids (other than methadone),4,"Deaths per 100,000 resident population, age-adjusted",1,Sex and race,4,Female: Asian or Pacific Islander,4.8,2015,17,All ages,1.1,NULL,*
Drug overdose death rates,Drug overdose deaths involving other synthetic opioids (other than methadone),4,"Deaths per 100,000 resident population, age-adjusted",1,Sex and race,4,Female: Asian or Pacific Islander,4.8,2016,18,All ages,1.1,0.3,NULL
Drug overdose death rates,Drug overdose deaths involving other synthetic opioids (other than methadone),4,"Deaths per 100,000 resident population, crude",2,Age,1,15-24 years,1.2,2014,16,15-24 years,1.3,1.2,NULL
Drug overdose death rates,Drug overdose deaths involving other synthetic opioids (other than methadone),4,"Deaths per 100,000 resident population, age-adjusted",1,Sex and race,4,Female: Asian or Pacific Islander,4.8,2017,19,All ages,1.1,0.4,NULL
Drug overdose death rates,Drug overdose deaths involving other synthetic opioids (other than methadone),4,"Deaths per 100,000 resident population, age-adjusted",1,Sex and race,4,Female: Asian or Pacific Islander,4.8,2018,20,All ages,1.1,0.4,NULL
Drug overdose death rates,Drug overdose deaths involving other synthetic opioids (other than methadone),4,"Deaths per 100,000 resident population, age-adjusted",1,Sex and race and Hispanic origin,5,Male: Hispanic or Latino: All races,5.1,1999,1,All ages,1.1,0.2,NULL
Drug overdose death rates,Drug overdose deaths involving other synthetic opioids (other than methadone),4,"Deaths per 100,000 resident population, age-adjusted",1,Sex and race and Hispanic origin,5,Male: Hispanic or Latino: All races,5.1,2000,2,All ages,1.1,NULL,*
Drug overdose death rates,Drug overdose deaths involving other synthetic opioids (other than methadone),4,"Deaths per 100,000 resident population, age-adjusted",1,Sex and race and Hispanic origin,5,Male: Hispanic or Latino: All races,5.1,2001,3,All ages,1.1,NULL,*
Drug overdose death rates,Drug overdose deaths involving other synthetic opioids (other than methadone),4,"Deaths per 100,000 resident population, age-adjusted",1,Sex and race and Hispanic origin,5,Male: Hispanic or Latino: All races,5.1,2002,4,All ages,1.1,0.1,NULL
Drug overdose death rates,Drug overdose deaths involving other synthetic opioids (other than methadone),4,"Deaths per 100,000 resident population, age-adjusted",1,Sex and race and Hispanic origin,5,Male: Hispanic or Latino: All races,5.1,2003,5,All ages,1.1,0.2,NULL
Drug overdose death rates,Drug overdose deaths involving other synthetic opioids (other than methadone),4,"Deaths per 100,000 resident population, age-adjusted",1,Sex and race and Hispanic origin,5,Male: Hispanic or Latino: All races,5.1,2004,6,All ages,1.1,0.2,NULL
Drug overdose death rates,Drug overdose deaths involving other synthetic opioids (other than methadone),4,"Deaths per 100,000 resident population, age-adjusted",1,Sex and race and Hispanic origin,5,Male: Hispanic or Latino: All races,5.1,2005,7,All ages,1.1,0.2,NULL
Drug overdose death rates,Drug overdose deaths involving other synthetic opioids (other than methadone),4,"Deaths per 100,000 resident population, age-adjusted",1,Sex and race and Hispanic origin,5,Male: Hispanic or Latino: All races,5.1,2006,8,All ages,1.1,0.5,NULL
Drug overdose death rates,Drug overdose deaths involving other synthetic opioids (other than methadone),4,"Deaths per 100,000 resident population, age-adjusted",1,Sex and race and Hispanic origin,5,Male: Hispanic or Latino: All races,5.1,2007,9,All ages,1.1,0.2,NULL
Drug overdose death rates,Drug overdose deaths involving other synthetic opioids (other than methadone),4,"Deaths per 100,000 resident population, age-adjusted",1,Sex and race and Hispanic origin,5,Male: Hispanic or Latino: All races,5.1,2008,10,All ages,1.1,0.2,NULL
Drug overdose death rates,Drug overdose deaths involving other synthetic opioids (other than methadone),4,"Deaths per 100,000 resident population, age-adjusted",1,Sex and race and Hispanic origin,5,Male: Hispanic or Latino: All races,5.1,2009,11,All ages,1.1,0.3,NULL
Drug overdose death rates,Drug overdose deaths involving other synthetic opioids (other than methadone),4,"Deaths per 100,000 resident population, age-adjusted",1,Sex and race and Hispanic origin,5,Male: Hispanic or Latino: All races,5.1,2010,12,All ages,1.1,0.2,NULL
Drug overdose death rates,Drug overdose deaths involving other synthetic opioids (other than methadone),4,"Deaths per 100,000 resident population, age-adjusted",1,Sex and race and Hispanic origin,5,Male: Hispanic or Latino: All races,5.1,2011,13,All ages,1.1,0.3,NULL
Drug overdose death rates,Drug overdose deaths involving other synthetic opioids (other than methadone),4,"Deaths per 100,000 resident population, age-adjusted",1,Sex and race and Hispanic origin,5,Male: Hispanic or Latino: All races,5.1,2012,14,All ages,1.1,0.3,NULL
Drug overdose death rates,Drug overdose deaths involving other synthetic opioids (other than methadone),4,"Deaths per 100,000 resident population, age-adjusted",1,Sex and race and Hispanic origin,5,Male: Hispanic or Latino: All races,5.1,2013,15,All ages,1.1,0.4,NULL
Drug overdose death rates,Drug overdose deaths involving other synthetic opioids (other than methadone),4,"Deaths per 100,000 resident population, age-adjusted",1,Sex and race and Hispanic origin,5,Male: Hispanic or Latino: All races,5.1,2014,16,All ages,1.1,0.7,NULL
Drug overdose death rates,Drug overdose deaths involving other synthetic opioids (other than methadone),4,"Deaths per 100,000 resident population, age-adjusted",1,Sex and race and Hispanic origin,5,Male: Hispanic or Latino: All races,5.1,2015,17,All ages,1.1,1.4,NULL
Drug overdose death rates,Drug overdose deaths involving other synthetic opioids (other than methadone),4,"Deaths per 100,000 resident population, age-adjusted",1,Sex and race and Hispanic origin,5,Male: Hispanic or Latino: All races,5.1,2016,18,All ages,1.1,4.2,NULL
Drug overdose death rates,Drug overdose deaths involving other synthetic opioids (other than methadone),4,"Deaths per 100,000 resident population, age-adjusted",1,Sex and race and Hispanic origin,5,Male: Hispanic or Latino: All races,5.1,2017,19,All ages,1.1,6.0,NULL
Drug overdose death rates,Drug overdose deaths involving other synthetic opioids (other than methadone),4,"Deaths per 100,000 resident population, age-adjusted",1,Sex and race and Hispanic origin,5,Male: Hispanic or Latino: All races,5.1,2018,20,All ages,1.1,7.5,NULL
Drug overdose death rates,Drug overdose deaths involving other synthetic opioids (other than methadone),4,"Deaths per 100,000 resident population, age-adjusted",1,Sex and race and Hispanic origin,5,Male: Not Hispanic or Latino: White,5.2,1999,1,All ages,1.1,0.3,NULL
Drug overdose death rates,Drug overdose deaths involving other synthetic opioids (other than methadone),4,"Deaths per 100,000 resident population, age-adjusted",1,Sex and race and Hispanic origin,5,Male: Not Hispanic or Latino: White,5.2,2000,2,All ages,1.1,0.4,NULL
Drug overdose death rates,Drug overdose deaths involving other synthetic opioids (other than methadone),4,"Deaths per 100,000 resident population, age-adjusted",1,Sex and race and Hispanic origin,5,Male: Not Hispanic or Latino: White,5.2,2001,3,All ages,1.1,0.5,NULL
Drug overdose death rates,Drug overdose deaths involving other synthetic opioids (other than methadone),4,"Deaths per 100,000 resident population, age-adjusted",1,Sex and race and Hispanic origin,5,Male: Not Hispanic or Latino: White,5.2,2002,4,All ages,1.1,0.6,NULL
Drug overdose death rates,Drug overdose deaths involving other synthetic opioids (other than methadone),4,"Deaths per 100,000 resident population, age-adjusted",1,Sex and race and Hispanic origin,5,Male: Not Hispanic or Latino: White,5.2,2003,5,All ages,1.1,0.7,NULL
Drug overdose death rates,Drug overdose deaths involving other synthetic opioids (other than methadone),4,"Deaths per 100,000 resident population, age-adjusted",1,Sex and race and Hispanic origin,5,Male: Not Hispanic or Latino: White,5.2,2004,6,All ages,1.1,0.8,NULL
Drug overdose death rates,Drug overdose deaths involving other synthetic opioids (other than methadone),4,"Deaths per 100,000 resident population, age-adjusted",1,Sex and race and Hispanic origin,5,Male: Not Hispanic or Latino: White,5.2,2005,7,All ages,1.1,0.8,NULL
Drug overdose death rates,Drug overdose deaths involving other synthetic opioids (other than methadone),4,"Deaths per 100,000 resident population, age-adjusted",1,Sex and race and Hispanic origin,5,Male: Not Hispanic or Latino: White,5.2,2006,8,All ages,1.1,1.3,NULL
Drug overdose death rates,Drug overdose deaths involving other synthetic opioids (other than methadone),4,"Deaths per 100,000 resident population, age-adjusted",1,Sex and race and Hispanic origin,5,Male: Not Hispanic or Latino: White,5.2,2007,9,All ages,1.1,1.1,NULL
Drug overdose death rates,Drug overdose deaths involving other synthetic opioids (other than methadone),4,"Deaths per 100,000 resident population, age-adjusted",1,Sex and race and Hispanic origin,5,Male: Not Hispanic or Latino: White,5.2,2008,10,All ages,1.1,1.1,NULL
Drug overdose death rates,Drug overdose deaths involving other synthetic opioids (other than methadone),4,"Deaths per 100,000 resident population, age-adjusted",1,Sex and race and Hispanic origin,5,Male: Not Hispanic or Latino: White,5.2,2009,11,All ages,1.1,1.3,NULL
Drug overdose death rates,Drug overdose deaths involving other synthetic opioids (other than methadone),4,"Deaths per 100,000 resident population, age-adjusted",1,Sex and race and Hispanic origin,5,Male: Not Hispanic or Latino: White,5.2,2010,12,All ages,1.1,1.5,NULL
Drug overdose death rates,Drug overdose deaths involving other synthetic opioids (other than methadone),4,"Deaths per 100,000 resident population, age-adjusted",1,Sex and race and Hispanic origin,5,Male: Not Hispanic or Latino: White,5.2,2011,13,All ages,1.1,1.3,NULL
Drug overdose death rates,Drug overdose deaths involving other synthetic opioids (other than methadone),4,"Deaths per 100,000 resident population, age-adjusted",1,Sex and race and Hispanic origin,5,Male: Not Hispanic or Latino: White,5.2,2012,14,All ages,1.1,1.3,NULL
Drug overdose death rates,Drug overdose deaths involving other synthetic opioids (other than methadone),4,"Deaths per 100,000 resident population, age-adjusted",1,Sex and race and Hispanic origin,5,Male: Not Hispanic or Latino: White,5.2,2013,15,All ages,1.1,1.5,NULL
Drug overdose death rates,Drug overdose deaths involving other synthetic opioids (other than methadone),4,"Deaths per 100,000 resident population, age-adjusted",1,Sex and race and Hispanic origin,5,Male: Not Hispanic or Latino: White,5.2,2014,16,All ages,1.1,3.0,NULL
Drug overdose death rates,Drug overdose deaths involving other synthetic opioids (other than methadone),4,"Deaths per 100,000 resident population, age-adjusted",1,Sex and race and Hispanic origin,5,Male: Not Hispanic or Latino: White,5.2,2015,17,All ages,1.1,5.8,NULL
Drug overdose death rates,Drug overdose deaths involving other synthetic opioids (other than methadone),4,"Deaths per 100,000 resident population, age-adjusted",1,Sex and race and Hispanic origin,5,Male: Not Hispanic or Latino: White,5.2,2016,18,All ages,1.1,11.5,NULL
Drug overdose death rates,Drug overdose deaths involving other synthetic opioids (other than methadone),4,"Deaths per 100,000 resident population, age-adjusted",1,Sex and race and Hispanic origin,5,Male: Not Hispanic or Latino: White,5.2,2017,19,All ages,1.1,16.8,NULL
Drug overdose death rates,Drug overdose deaths involving other synthetic opioids (other than methadone),4,"Deaths per 100,000 resident population, age-adjusted",1,Sex and race and Hispanic origin,5,Male: Not Hispanic or Latino: White,5.2,2018,20,All ages,1.1,17.7,NULL
Drug overdose death rates,Drug overdose deaths involving other synthetic opioids (other than methadone),4,"Deaths per 100,000 resident population, age-adjusted",1,Sex and race and Hispanic origin,5,Male: Not Hispanic or Latino: Black,5.3,1999,1,All ages,1.1,NULL,*
Drug overdose death rates,Drug overdose deaths involving other synthetic opioids (other than methadone),4,"Deaths per 100,000 resident population, age-adjusted",1,Sex and race and Hispanic origin,5,Male: Not Hispanic or Latino: Black,5.3,2000,2,All ages,1.1,0.1,NULL
Drug overdose death rates,Drug overdose deaths involving other synthetic opioids (other than methadone),4,"Deaths per 100,000 resident population, age-adjusted",1,Sex and race and Hispanic origin,5,Male: Not Hispanic or Latino: Black,5.3,2001,3,All ages,1.1,0.2,NULL
Drug overdose death rates,Drug overdose deaths involving other synthetic opioids (other than methadone),4,"Deaths per 100,000 resident population, age-adjusted",1,Sex and race and Hispanic origin,5,Male: Not Hispanic or Latino: Black,5.3,2002,4,All ages,1.1,0.1,NULL
Drug overdose death rates,Drug overdose deaths involving other synthetic opioids (other than methadone),4,"Deaths per 100,000 resident population, age-adjusted",1,Sex and race and Hispanic origin,5,Male: Not Hispanic or Latino: Black,5.3,2003,5,All ages,1.1,0.2,NULL
Drug overdose death rates,Drug overdose deaths involving other synthetic opioids (other than methadone),4,"Deaths per 100,000 resident population, age-adjusted",1,Sex and race and Hispanic origin,5,Male: Not Hispanic or Latino: Black,5.3,2004,6,All ages,1.1,0.2,NULL
Drug overdose death rates,Drug overdose deaths involving other synthetic opioids (other than methadone),4,"Deaths per 100,000 resident population, age-adjusted",1,Sex and race and Hispanic origin,5,Male: Not Hispanic or Latino: Black,5.3,2005,7,All ages,1.1,0.2,NULL
Drug overdose death rates,Drug overdose deaths involving other synthetic opioids (other than methadone),4,"Deaths per 100,000 resident population, age-adjusted",1,Sex and race and Hispanic origin,5,Male: Not Hispanic or Latino: Black,5.3,2006,8,All ages,1.1,1.6,NULL
Drug overdose death rates,Drug overdose deaths involving other synthetic opioids (other than methadone),4,"Deaths per 100,000 resident population, age-adjusted",1,Sex and race and Hispanic origin,5,Male: Not Hispanic or Latino: Black,5.3,2007,9,All ages,1.1,0.3,NULL
Drug overdose death rates,Drug overdose deaths involving other synthetic opioids (other than methadone),4,"Deaths per 100,000 resident population, age-adjusted",1,Sex and race and Hispanic origin,5,Male: Not Hispanic or Latino: Black,5.3,2008,10,All ages,1.1,0.2,NULL
Drug overdose death rates,Drug overdose deaths involving other synthetic opioids (other than methadone),4,"Deaths per 100,000 resident population, age-adjusted",1,Sex and race and Hispanic origin,5,Male: Not Hispanic or Latino: Black,5.3,2009,11,All ages,1.1,0.3,NULL
Drug overdose death rates,Drug overdose deaths involving other synthetic opioids (other than methadone),4,"Deaths per 100,000 resident population, age-adjusted",1,Sex and race and Hispanic origin,5,Male: Not Hispanic or Latino: Black,5.3,2010,12,All ages,1.1,0.3,NULL
Drug overdose death rates,Drug overdose deaths involving other synthetic opioids (other than methadone),4,"Deaths per 100,000 resident population, age-adjusted",1,Sex and race and Hispanic origin,5,Male: Not Hispanic or Latino: Black,5.3,2011,13,All ages,1.1,0.3,NULL
Drug overdose death rates,Drug overdose deaths involving other synthetic opioids (other than methadone),4,"Deaths per 100,000 resident population, age-adjusted",1,Sex and race and Hispanic origin,5,Male: Not Hispanic or Latino: Black,5.3,2012,14,All ages,1.1,0.3,NULL
Drug overdose death rates,Drug overdose deaths involving other synthetic opioids (other than methadone),4,"Deaths per 100,000 resident population, age-adjusted",1,Sex and race and Hispanic origin,5,Male: Not Hispanic or Latino: Black,5.3,2013,15,All ages,1.1,0.5,NULL
Drug overdose death rates,Drug overdose deaths involving other synthetic opioids (other than methadone),4,"Deaths per 100,000 resident population, age-adjusted",1,Sex and race and Hispanic origin,5,Male: Not Hispanic or Latino: Black,5.3,2014,16,All ages,1.1,1.5,NULL
Drug overdose death rates,Drug overdose deaths involving other synthetic opioids (other than methadone),4,"Deaths per 100,000 resident population, age-adjusted",1,Sex and race and Hispanic origin,5,Male: Not Hispanic or Latino: Black,5.3,2015,17,All ages,1.1,3.2,NULL
Drug overdose death rates,Drug overdose deaths involving other synthetic opioids (other than methadone),4,"Deaths per 100,000 resident population, age-adjusted",1,Sex and race and Hispanic origin,5,Male: Not Hispanic or Latino: Black,5.3,2016,18,All ages,1.1,8.6,NULL
Drug overdose death rates,Drug overdose deaths involving other synthetic opioids (other than methadone),4,"Deaths per 100,000 resident population, age-adjusted",1,Sex and race and Hispanic origin,5,Male: Not Hispanic or Latino: Black,5.3,2017,19,All ages,1.1,14.1,NULL
Drug overdose death rates,Drug overdose deaths involving other synthetic opioids (other than methadone),4,"Deaths per 100,000 resident population, age-adjusted",1,Sex and race and Hispanic origin,5,Male: Not Hispanic or Latino: Black,5.3,2018,20,All ages,1.1,17.3,NULL
Drug overdose death rates,Drug overdose deaths involving other synthetic opioids (other than methadone),4,"Deaths per 100,000 resident population, age-adjusted",1,Sex and race and Hispanic origin,5,Male: Not Hispanic or Latino: American Indian or Alaska Native,5.4,1999,1,All ages,1.1,NULL,*
Drug overdose death rates,Drug overdose deaths involving other synthetic opioids (other than methadone),4,"Deaths per 100,000 resident population, age-adjusted",1,Sex and race and Hispanic origin,5,Male: Not Hispanic or Latino: American Indian or Alaska Native,5.4,2000,2,All ages,1.1,NULL,*
Drug overdose death rates,Drug overdose deaths involving other synthetic opioids (other than methadone),4,"Deaths per 100,000 resident population, age-adjusted",1,Sex and race and Hispanic origin,5,Male: Not Hispanic or Latino: American Indian or Alaska Native,5.4,2001,3,All ages,1.1,NULL,*
Drug overdose death rates,Drug overdose deaths involving other synthetic opioids (other than methadone),4,"Deaths per 100,000 resident population, age-adjusted",1,Sex and race and Hispanic origin,5,Male: Not Hispanic or Latino: American Indian or Alaska Native,5.4,2002,4,All ages,1.1,NULL,*
Drug overdose death rates,Drug overdose deaths involving other synthetic opioids (other than methadone),4,"Deaths per 100,000 resident population, age-adjusted",1,Sex and race and Hispanic origin,5,Male: Not Hispanic or Latino: American Indian or Alaska Native,5.4,2003,5,All ages,1.1,NULL,*
Drug overdose death rates,Drug overdose deaths involving other synthetic opioids (other than methadone),4,"Deaths per 100,000 resident population, age-adjusted",1,Sex and race and Hispanic origin,5,Male: Not Hispanic or Latino: American Indian or Alaska Native,5.4,2004,6,All ages,1.1,NULL,*
Drug overdose death rates,Drug overdose deaths involving other synthetic opioids (other than methadone),4,"Deaths per 100,000 resident population, crude",2,Age,1,15-24 years,1.2,2015,17,15-24 years,1.3,2.3,NULL
Drug overdose death rates,Drug overdose deaths involving other synthetic opioids (other than methadone),4,"Deaths per 100,000 resident population, age-adjusted",1,Sex and race and Hispanic origin,5,Male: Not Hispanic or Latino: American Indian or Alaska Native,5.4,2005,7,All ages,1.1,NULL,*
Drug overdose death rates,Drug overdose deaths involving other synthetic opioids (other than methadone),4,"Deaths per 100,000 resident population, age-adjusted",1,Sex and race and Hispanic origin,5,Male: Not Hispanic or Latino: American Indian or Alaska Native,5.4,2006,8,All ages,1.1,NULL,*
Drug overdose death rates,Drug overdose deaths involving other synthetic opioids (other than methadone),4,"Deaths per 100,000 resident population, age-adjusted",1,Sex and race and Hispanic origin,5,Male: Not Hispanic or Latino: American Indian or Alaska Native,5.4,2007,9,All ages,1.1,NULL,*
Drug overdose death rates,Drug overdose deaths involving other synthetic opioids (other than methadone),4,"Deaths per 100,000 resident population, age-adjusted",1,Sex and race and Hispanic origin,5,Male: Not Hispanic or Latino: American Indian or Alaska Native,5.4,2008,10,All ages,1.1,2.0,NULL
Drug overdose death rates,Drug overdose deaths involving other synthetic opioids (other than methadone),4,"Deaths per 100,000 resident population, age-adjusted",1,Sex and race and Hispanic origin,5,Male: Not Hispanic or Latino: American Indian or Alaska Native,5.4,2009,11,All ages,1.1,2.9,NULL
Drug overdose death rates,Drug overdose deaths involving other synthetic opioids (other than methadone),4,"Deaths per 100,000 resident population, age-adjusted",1,Sex and race and Hispanic origin,5,Male: Not Hispanic or Latino: American Indian or Alaska Native,5.4,2010,12,All ages,1.1,NULL,*
Drug overdose death rates,Drug overdose deaths involving other synthetic opioids (other than methadone),4,"Deaths per 100,000 resident population, age-adjusted",1,Sex and race and Hispanic origin,5,Male: Not Hispanic or Latino: American Indian or Alaska Native,5.4,2011,13,All ages,1.1,NULL,*
Drug overdose death rates,Drug overdose deaths involving other synthetic opioids (other than methadone),4,"Deaths per 100,000 resident population, age-adjusted",1,Sex and race and Hispanic origin,5,Male: Not Hispanic or Latino: American Indian or Alaska Native,5.4,2012,14,All ages,1.1,NULL,*
Drug overdose death rates,Drug overdose deaths involving other synthetic opioids (other than methadone),4,"Deaths per 100,000 resident population, age-adjusted",1,Sex and race and Hispanic origin,5,Male: Not Hispanic or Latino: American Indian or Alaska Native,5.4,2013,15,All ages,1.1,NULL,*
Drug overdose death rates,Drug overdose deaths involving other synthetic opioids (other than methadone),4,"Deaths per 100,000 resident population, age-adjusted",1,Sex and race and Hispanic origin,5,Male: Not Hispanic or Latino: American Indian or Alaska Native,5.4,2014,16,All ages,1.1,2.2,NULL
Drug overdose death rates,Drug overdose deaths involving other synthetic opioids (other than methadone),4,"Deaths per 100,000 resident population, age-adjusted",1,Sex and race and Hispanic origin,5,Male: Not Hispanic or Latino: American Indian or Alaska Native,5.4,2015,17,All ages,1.1,2.5,NULL
Drug overdose death rates,Drug overdose deaths involving other synthetic opioids (other than methadone),4,"Deaths per 100,000 resident population, age-adjusted",1,Sex and race and Hispanic origin,5,Male: Not Hispanic or Latino: American Indian or Alaska Native,5.4,2016,18,All ages,1.1,5.1,NULL
Drug overdose death rates,Drug overdose deaths involving other synthetic opioids (other than methadone),4,"Deaths per 100,000 resident population, age-adjusted",1,Sex and race and Hispanic origin,5,Male: Not Hispanic or Latino: American Indian or Alaska Native,5.4,2017,19,All ages,1.1,8.9,NULL
Drug overdose death rates,Drug overdose deaths involving other synthetic opioids (other than methadone),4,"Deaths per 100,000 resident population, age-adjusted",1,Sex and race and Hispanic origin,5,Male: Not Hispanic or Latino: American Indian or Alaska Native,5.4,2018,20,All ages,1.1,10.0,NULL
Drug overdose death rates,Drug overdose deaths involving other synthetic opioids (other than methadone),4,"Deaths per 100,000 resident population, age-adjusted",1,Sex and race and Hispanic origin,5,Male: Not Hispanic or Latino: Asian or Pacific Islander,5.5,1999,1,All ages,1.1,NULL,*
Drug overdose death rates,Drug overdose deaths involving other synthetic opioids (other than methadone),4,"Deaths per 100,000 resident population, age-adjusted",1,Sex and race and Hispanic origin,5,Male: Not Hispanic or Latino: Asian or Pacific Islander,5.5,2000,2,All ages,1.1,NULL,*
Drug overdose death rates,Drug overdose deaths involving other synthetic opioids (other than methadone),4,"Deaths per 100,000 resident population, age-adjusted",1,Sex and race and Hispanic origin,5,Male: Not Hispanic or Latino: Asian or Pacific Islander,5.5,2001,3,All ages,1.1,NULL,*
Drug overdose death rates,Drug overdose deaths involving other synthetic opioids (other than methadone),4,"Deaths per 100,000 resident population, age-adjusted",1,Sex and race and Hispanic origin,5,Male: Not Hispanic or Latino: Asian or Pacific Islander,5.5,2002,4,All ages,1.1,NULL,*
Drug overdose death rates,Drug overdose deaths involving other synthetic opioids (other than methadone),4,"Deaths per 100,000 resident population, age-adjusted",1,Sex and race and Hispanic origin,5,Male: Not Hispanic or Latino: Asian or Pacific Islander,5.5,2003,5,All ages,1.1,NULL,*
Drug overdose death rates,Drug overdose deaths involving other synthetic opioids (other than methadone),4,"Deaths per 100,000 resident population, age-adjusted",1,Sex and race and Hispanic origin,5,Male: Not Hispanic or Latino: Asian or Pacific Islander,5.5,2004,6,All ages,1.1,NULL,*
Drug overdose death rates,Drug overdose deaths involving other synthetic opioids (other than methadone),4,"Deaths per 100,000 resident population, age-adjusted",1,Sex and race and Hispanic origin,5,Male: Not Hispanic or Latino: Asian or Pacific Islander,5.5,2005,7,All ages,1.1,NULL,*
Drug overdose death rates,Drug overdose deaths involving other synthetic opioids (other than methadone),4,"Deaths per 100,000 resident population, age-adjusted",1,Sex and race and Hispanic origin,5,Female: Hispanic or Latino: All races,5.6,2008,10,All ages,1.1,0.2,NULL
Drug overdose death rates,Drug overdose deaths involving other synthetic opioids (other than methadone),4,"Deaths per 100,000 resident population, age-adjusted",1,Sex and race and Hispanic origin,5,Male: Not Hispanic or Latino: Asian or Pacific Islander,5.5,2006,8,All ages,1.1,NULL,*
Drug overdose death rates,Drug overdose deaths involving other synthetic opioids (other than methadone),4,"Deaths per 100,000 resident population, age-adjusted",1,Sex and race and Hispanic origin,5,Male: Not Hispanic or Latino: Asian or Pacific Islander,5.5,2007,9,All ages,1.1,NULL,*
Drug overdose death rates,Drug overdose deaths involving other synthetic opioids (other than methadone),4,"Deaths per 100,000 resident population, age-adjusted",1,Sex and race and Hispanic origin,5,Male: Not Hispanic or Latino: Asian or Pacific Islander,5.5,2008,10,All ages,1.1,NULL,*
Drug overdose death rates,Drug overdose deaths involving other synthetic opioids (other than methadone),4,"Deaths per 100,000 resident population, age-adjusted",1,Sex and race and Hispanic origin,5,Male: Not Hispanic or Latino: Asian or Pacific Islander,5.5,2009,11,All ages,1.1,NULL,*
Drug overdose death rates,Drug overdose deaths involving other synthetic opioids (other than methadone),4,"Deaths per 100,000 resident population, age-adjusted",1,Sex and race and Hispanic origin,5,Male: Not Hispanic or Latino: Asian or Pacific Islander,5.5,2010,12,All ages,1.1,NULL,*
Drug overdose death rates,Drug overdose deaths involving other synthetic opioids (other than methadone),4,"Deaths per 100,000 resident population, age-adjusted",1,Sex and race and Hispanic origin,5,Male: Not Hispanic or Latino: Asian or Pacific Islander,5.5,2011,13,All ages,1.1,NULL,*
Drug overdose death rates,Drug overdose deaths involving other synthetic opioids (other than methadone),4,"Deaths per 100,000 resident population, age-adjusted",1,Sex and race and Hispanic origin,5,Male: Not Hispanic or Latino: Asian or Pacific Islander,5.5,2012,14,All ages,1.1,NULL,*
Drug overdose death rates,Drug overdose deaths involving other synthetic opioids (other than methadone),4,"Deaths per 100,000 resident population, age-adjusted",1,Sex and race and Hispanic origin,5,Male: Not Hispanic or Latino: Asian or Pacific Islander,5.5,2013,15,All ages,1.1,NULL,*
Drug overdose death rates,Drug overdose deaths involving other synthetic opioids (other than methadone),4,"Deaths per 100,000 resident population, age-adjusted",1,Sex and race and Hispanic origin,5,Male: Not Hispanic or Latino: Asian or Pacific Islander,5.5,2014,16,All ages,1.1,0.3,NULL
Drug overdose death rates,Drug overdose deaths involving other synthetic opioids (other than methadone),4,"Deaths per 100,000 resident population, age-adjusted",1,Sex and race and Hispanic origin,5,Male: Not Hispanic or Latino: Asian or Pacific Islander,5.5,2015,17,All ages,1.1,0.3,NULL
Drug overdose death rates,Drug overdose deaths involving other synthetic opioids (other than methadone),4,"Deaths per 100,000 resident population, age-adjusted",1,Sex and race and Hispanic origin,5,Male: Not Hispanic or Latino: Asian or Pacific Islander,5.5,2016,18,All ages,1.1,1.0,NULL
Drug overdose death rates,Drug overdose deaths involving other synthetic opioids (other than methadone),4,"Deaths per 100,000 resident population, age-adjusted",1,Sex and race and Hispanic origin,5,Male: Not Hispanic or Latino: Asian or Pacific Islander,5.5,2017,19,All ages,1.1,1.4,NULL
Drug overdose death rates,Drug overdose deaths involving other synthetic opioids (other than methadone),4,"Deaths per 100,000 resident population, age-adjusted",1,Sex and race and Hispanic origin,5,Male: Not Hispanic or Latino: Asian or Pacific Islander,5.5,2018,20,All ages,1.1,1.6,NULL
Drug overdose death rates,Drug overdose deaths involving other synthetic opioids (other than methadone),4,"Deaths per 100,000 resident population, age-adjusted",1,Sex and race and Hispanic origin,5,Female: Hispanic or Latino: All races,5.6,1999,1,All ages,1.1,NULL,*
Drug overdose death rates,Drug overdose deaths involving other synthetic opioids (other than methadone),4,"Deaths per 100,000 resident population, age-adjusted",1,Sex and race and Hispanic origin,5,Female: Hispanic or Latino: All races,5.6,2000,2,All ages,1.1,NULL,*
Drug overdose death rates,Drug overdose deaths involving other synthetic opioids (other than methadone),4,"Deaths per 100,000 resident population, age-adjusted",1,Sex and race and Hispanic origin,5,Female: Hispanic or Latino: All races,5.6,2001,3,All ages,1.1,NULL,*
Drug overdose death rates,Drug overdose deaths involving other synthetic opioids (other than methadone),4,"Deaths per 100,000 resident population, age-adjusted",1,Sex and race and Hispanic origin,5,Female: Hispanic or Latino: All races,5.6,2002,4,All ages,1.1,0.2,NULL
Drug overdose death rates,Drug overdose deaths involving other synthetic opioids (other than methadone),4,"Deaths per 100,000 resident population, age-adjusted",1,Sex and race and Hispanic origin,5,Female: Hispanic or Latino: All races,5.6,2003,5,All ages,1.1,0.1,NULL
Drug overdose death rates,Drug overdose deaths involving other synthetic opioids (other than methadone),4,"Deaths per 100,000 resident population, age-adjusted",1,Sex and race and Hispanic origin,5,Female: Hispanic or Latino: All races,5.6,2004,6,All ages,1.1,0.2,NULL
Drug overdose death rates,Drug overdose deaths involving other synthetic opioids (other than methadone),4,"Deaths per 100,000 resident population, age-adjusted",1,Sex and race and Hispanic origin,5,Female: Hispanic or Latino: All races,5.6,2005,7,All ages,1.1,0.1,NULL
Drug overdose death rates,Drug overdose deaths involving other synthetic opioids (other than methadone),4,"Deaths per 100,000 resident population, age-adjusted",1,Sex and race and Hispanic origin,5,Female: Hispanic or Latino: All races,5.6,2006,8,All ages,1.1,0.2,NULL
Drug overdose death rates,Drug overdose deaths involving other synthetic opioids (other than methadone),4,"Deaths per 100,000 resident population, age-adjusted",1,Sex and race and Hispanic origin,5,Female: Hispanic or Latino: All races,5.6,2007,9,All ages,1.1,0.2,NULL
Drug overdose death rates,Drug overdose deaths involving other synthetic opioids (other than methadone),4,"Deaths per 100,000 resident population, age-adjusted",1,Sex and race and Hispanic origin,5,Female: Hispanic or Latino: All races,5.6,2009,11,All ages,1.1,0.3,NULL
Drug overdose death rates,Drug overdose deaths involving other synthetic opioids (other than methadone),4,"Deaths per 100,000 resident population, age-adjusted",1,Sex and race and Hispanic origin,5,Female: Hispanic or Latino: All races,5.6,2010,12,All ages,1.1,0.3,NULL
Drug overdose death rates,Drug overdose deaths involving other synthetic opioids (other than methadone),4,"Deaths per 100,000 resident population, age-adjusted",1,Sex and race and Hispanic origin,5,Female: Hispanic or Latino: All races,5.6,2011,13,All ages,1.1,0.2,NULL
Drug overdose death rates,Drug overdose deaths involving other synthetic opioids (other than methadone),4,"Deaths per 100,000 resident population, age-adjusted",1,Sex and race and Hispanic origin,5,Female: Hispanic or Latino: All races,5.6,2012,14,All ages,1.1,0.2,NULL
Drug overdose death rates,Drug overdose deaths involving other synthetic opioids (other than methadone),4,"Deaths per 100,000 resident population, age-adjusted",1,Sex and race and Hispanic origin,5,Female: Hispanic or Latino: All races,5.6,2013,15,All ages,1.1,0.3,NULL
Drug overdose death rates,Drug overdose deaths involving other synthetic opioids (other than methadone),4,"Deaths per 100,000 resident population, age-adjusted",1,Sex and race and Hispanic origin,5,Female: Hispanic or Latino: All races,5.6,2014,16,All ages,1.1,0.4,NULL
Drug overdose death rates,Drug overdose deaths involving other synthetic opioids (other than methadone),4,"Deaths per 100,000 resident population, age-adjusted",1,Sex and race and Hispanic origin,5,Female: Hispanic or Latino: All races,5.6,2015,17,All ages,1.1,0.4,NULL
Drug overdose death rates,Drug overdose deaths involving other synthetic opioids (other than methadone),4,"Deaths per 100,000 resident population, age-adjusted",1,Sex and race and Hispanic origin,5,Female: Hispanic or Latino: All races,5.6,2016,18,All ages,1.1,1.1,NULL
Drug overdose death rates,Drug overdose deaths involving other synthetic opioids (other than methadone),4,"Deaths per 100,000 resident population, age-adjusted",1,Sex and race and Hispanic origin,5,Female: Hispanic or Latino: All races,5.6,2017,19,All ages,1.1,1.4,NULL
Drug overdose death rates,Drug overdose deaths involving other synthetic opioids (other than methadone),4,"Deaths per 100,000 resident population, age-adjusted",1,Sex and race and Hispanic origin,5,Female: Hispanic or Latino: All races,5.6,2018,20,All ages,1.1,1.9,NULL
Drug overdose death rates,Drug overdose deaths involving other synthetic opioids (other than methadone),4,"Deaths per 100,000 resident population, age-adjusted",1,Sex and race and Hispanic origin,5,Female: Not Hispanic or Latino: White,5.7,1999,1,All ages,1.1,0.3,NULL
Drug overdose death rates,Drug overdose deaths involving other synthetic opioids (other than methadone),4,"Deaths per 100,000 resident population, age-adjusted",1,Sex and race and Hispanic origin,5,Female: Not Hispanic or Latino: White,5.7,2000,2,All ages,1.1,0.3,NULL
Drug overdose death rates,Drug overdose deaths involving other synthetic opioids (other than methadone),4,"Deaths per 100,000 resident population, age-adjusted",1,Sex and race and Hispanic origin,5,Female: Not Hispanic or Latino: White,5.7,2001,3,All ages,1.1,0.4,NULL
Drug overdose death rates,Drug overdose deaths involving other synthetic opioids (other than methadone),4,"Deaths per 100,000 resident population, age-adjusted",1,Sex and race and Hispanic origin,5,Female: Not Hispanic or Latino: White,5.7,2002,4,All ages,1.1,0.5,NULL
Drug overdose death rates,Drug overdose deaths involving other synthetic opioids (other than methadone),4,"Deaths per 100,000 resident population, age-adjusted",1,Sex and race and Hispanic origin,5,Female: Not Hispanic or Latino: White,5.7,2003,5,All ages,1.1,0.6,NULL
Drug overdose death rates,Drug overdose deaths involving other synthetic opioids (other than methadone),4,"Deaths per 100,000 resident population, age-adjusted",1,Sex and race and Hispanic origin,5,Female: Not Hispanic or Latino: White,5.7,2004,6,All ages,1.1,0.7,NULL
Drug overdose death rates,Drug overdose deaths involving other synthetic opioids (other than methadone),4,"Deaths per 100,000 resident population, age-adjusted",1,Sex and race and Hispanic origin,5,Female: Not Hispanic or Latino: White,5.7,2005,7,All ages,1.1,0.7,NULL
Drug overdose death rates,Drug overdose deaths involving other synthetic opioids (other than methadone),4,"Deaths per 100,000 resident population, age-adjusted",1,Sex and race and Hispanic origin,5,Female: Not Hispanic or Latino: White,5.7,2006,8,All ages,1.1,0.9,NULL
Drug overdose death rates,Drug overdose deaths involving other synthetic opioids (other than methadone),4,"Deaths per 100,000 resident population, age-adjusted",1,Sex and race and Hispanic origin,5,Female: Not Hispanic or Latino: White,5.7,2007,9,All ages,1.1,0.9,NULL
Drug overdose death rates,Drug overdose deaths involving other synthetic opioids (other than methadone),4,"Deaths per 100,000 resident population, age-adjusted",1,Sex and race and Hispanic origin,5,Female: Not Hispanic or Latino: White,5.7,2008,10,All ages,1.1,0.9,NULL
Drug overdose death rates,Drug overdose deaths involving other synthetic opioids (other than methadone),4,"Deaths per 100,000 resident population, age-adjusted",1,Sex and race and Hispanic origin,5,Female: Not Hispanic or Latino: White,5.7,2009,11,All ages,1.1,1.2,NULL
Drug overdose death rates,Drug overdose deaths involving other synthetic opioids (other than methadone),4,"Deaths per 100,000 resident population, age-adjusted",1,Sex and race and Hispanic origin,5,Female: Not Hispanic or Latino: White,5.7,2010,12,All ages,1.1,1.2,NULL
Drug overdose death rates,Drug overdose deaths involving other synthetic opioids (other than methadone),4,"Deaths per 100,000 resident population, crude",2,Age,1,Under 15 years,1.1,2002,4,Under 15 years,1.2,NULL,*
Drug overdose death rates,Drug overdose deaths involving other synthetic opioids (other than methadone),4,"Deaths per 100,000 resident population, age-adjusted",1,Sex and race and Hispanic origin,5,Female: Not Hispanic or Latino: White,5.7,2011,13,All ages,1.1,1.0,NULL
Drug overdose death rates,Drug overdose deaths involving other synthetic opioids (other than methadone),4,"Deaths per 100,000 resident population, age-adjusted",1,Sex and race and Hispanic origin,5,Female: Not Hispanic or Latino: White,5.7,2012,14,All ages,1.1,1.0,NULL
Drug overdose death rates,Drug overdose deaths involving other synthetic opioids (other than methadone),4,"Deaths per 100,000 resident population, age-adjusted",1,Sex and race and Hispanic origin,5,Female: Not Hispanic or Latino: White,5.7,2013,15,All ages,1.1,1.2,NULL
Drug overdose death rates,Drug overdose deaths involving other synthetic opioids (other than methadone),4,"Deaths per 100,000 resident population, age-adjusted",1,Sex and race and Hispanic origin,5,Female: Not Hispanic or Latino: White,5.7,2014,16,All ages,1.1,1.8,NULL
Drug overdose death rates,Drug overdose deaths involving other synthetic opioids (other than methadone),4,"Deaths per 100,000 resident population, age-adjusted",1,Sex and race and Hispanic origin,5,Female: Not Hispanic or Latino: White,5.7,2015,17,All ages,1.1,2.7,NULL
Drug overdose death rates,Drug overdose deaths involving other synthetic opioids (other than methadone),4,"Deaths per 100,000 resident population, age-adjusted",1,Sex and race and Hispanic origin,5,Female: Not Hispanic or Latino: White,5.7,2016,18,All ages,1.1,4.8,NULL
Drug overdose death rates,Drug overdose deaths involving other synthetic opioids (other than methadone),4,"Deaths per 100,000 resident population, age-adjusted",1,Sex and race and Hispanic origin,5,Female: Not Hispanic or Latino: White,5.7,2017,19,All ages,1.1,6.9,NULL
Drug overdose death rates,Drug overdose deaths involving other synthetic opioids (other than methadone),4,"Deaths per 100,000 resident population, age-adjusted",1,Sex and race and Hispanic origin,5,Female: Not Hispanic or Latino: White,5.7,2018,20,All ages,1.1,7.4,NULL
Drug overdose death rates,Drug overdose deaths involving other synthetic opioids (other than methadone),4,"Deaths per 100,000 resident population, age-adjusted",1,Sex and race and Hispanic origin,5,Female: Not Hispanic or Latino: Black,5.8,1999,1,All ages,1.1,NULL,*
Drug overdose death rates,Drug overdose deaths involving other synthetic opioids (other than methadone),4,"Deaths per 100,000 resident population, age-adjusted",1,Sex and race and Hispanic origin,5,Female: Not Hispanic or Latino: Black,5.8,2000,2,All ages,1.1,NULL,*
Drug overdose death rates,Drug overdose deaths involving other synthetic opioids (other than methadone),4,"Deaths per 100,000 resident population, age-adjusted",1,Sex and race and Hispanic origin,5,Female: Not Hispanic or Latino: Black,5.8,2001,3,All ages,1.1,0.1,NULL
Drug overdose death rates,Drug overdose deaths involving other synthetic opioids (other than methadone),4,"Deaths per 100,000 resident population, age-adjusted",1,Sex and race and Hispanic origin,5,Female: Not Hispanic or Latino: Black,5.8,2002,4,All ages,1.1,0.2,NULL
Drug overdose death rates,Drug overdose deaths involving other synthetic opioids (other than methadone),4,"Deaths per 100,000 resident population, age-adjusted",1,Sex and race and Hispanic origin,5,Female: Not Hispanic or Latino: Black,5.8,2003,5,All ages,1.1,0.1,NULL
Drug overdose death rates,Drug overdose deaths involving other synthetic opioids (other than methadone),4,"Deaths per 100,000 resident population, age-adjusted",1,Sex and race and Hispanic origin,5,Female: Not Hispanic or Latino: Black,5.8,2004,6,All ages,1.1,0.2,NULL
Drug overdose death rates,Drug overdose deaths involving other synthetic opioids (other than methadone),4,"Deaths per 100,000 resident population, age-adjusted",1,Sex and race and Hispanic origin,5,Female: Not Hispanic or Latino: Black,5.8,2005,7,All ages,1.1,0.3,NULL
Drug overdose death rates,Drug overdose deaths involving other synthetic opioids (other than methadone),4,"Deaths per 100,000 resident population, age-adjusted",1,Sex and race and Hispanic origin,5,Female: Not Hispanic or Latino: Black,5.8,2006,8,All ages,1.1,0.5,NULL
Drug overdose death rates,Drug overdose deaths involving other synthetic opioids (other than methadone),4,"Deaths per 100,000 resident population, age-adjusted",1,Sex and race and Hispanic origin,5,Female: Not Hispanic or Latino: Black,5.8,2007,9,All ages,1.1,0.3,NULL
Drug overdose death rates,Drug overdose deaths involving other synthetic opioids (other than methadone),4,"Deaths per 100,000 resident population, age-adjusted",1,Sex and race and Hispanic origin,5,Female: Not Hispanic or Latino: Black,5.8,2008,10,All ages,1.1,0.3,NULL
Drug overdose death rates,Drug overdose deaths involving other synthetic opioids (other than methadone),4,"Deaths per 100,000 resident population, age-adjusted",1,Sex and race and Hispanic origin,5,Female: Not Hispanic or Latino: Black,5.8,2009,11,All ages,1.1,0.4,NULL
Drug overdose death rates,Drug overdose deaths involving other synthetic opioids (other than methadone),4,"Deaths per 100,000 resident population, age-adjusted",1,Sex and race and Hispanic origin,5,Female: Not Hispanic or Latino: Black,5.8,2010,12,All ages,1.1,0.4,NULL
Drug overdose death rates,Drug overdose deaths involving other synthetic opioids (other than methadone),4,"Deaths per 100,000 resident population, age-adjusted",1,Sex and race and Hispanic origin,5,Female: Not Hispanic or Latino: Black,5.8,2011,13,All ages,1.1,0.4,NULL
Drug overdose death rates,Drug overdose deaths involving other synthetic opioids (other than methadone),4,"Deaths per 100,000 resident population, age-adjusted",1,Sex and race and Hispanic origin,5,Female: Not Hispanic or Latino: Black,5.8,2012,14,All ages,1.1,0.3,NULL
Drug overdose death rates,Drug overdose deaths involving other synthetic opioids (other than methadone),4,"Deaths per 100,000 resident population, crude",2,Age,1,Under 15 years,1.1,2003,5,Under 15 years,1.2,NULL,*
Drug overdose death rates,Drug overdose deaths involving other synthetic opioids (other than methadone),4,"Deaths per 100,000 resident population, age-adjusted",1,Sex and race and Hispanic origin,5,Female: Not Hispanic or Latino: Black,5.8,2013,15,All ages,1.1,0.5,NULL
Drug overdose death rates,Drug overdose deaths involving other synthetic opioids (other than methadone),4,"Deaths per 100,000 resident population, age-adjusted",1,Sex and race and Hispanic origin,5,Female: Not Hispanic or Latino: Black,5.8,2014,16,All ages,1.1,0.7,NULL
Drug overdose death rates,Drug overdose deaths involving other synthetic opioids (other than methadone),4,"Deaths per 100,000 resident population, age-adjusted",1,Sex and race and Hispanic origin,5,Female: Not Hispanic or Latino: Black,5.8,2015,17,All ages,1.1,1.1,NULL
Drug overdose death rates,Drug overdose deaths involving other synthetic opioids (other than methadone),4,"Deaths per 100,000 resident population, age-adjusted",1,Sex and race and Hispanic origin,5,Female: Not Hispanic or Latino: Black,5.8,2016,18,All ages,1.1,3.0,NULL
Drug overdose death rates,Drug overdose deaths involving other synthetic opioids (other than methadone),4,"Deaths per 100,000 resident population, age-adjusted",1,Sex and race and Hispanic origin,5,Female: Not Hispanic or Latino: Black,5.8,2017,19,All ages,1.1,4.5,NULL
Drug overdose death rates,Drug overdose deaths involving other synthetic opioids (other than methadone),4,"Deaths per 100,000 resident population, age-adjusted",1,Sex and race and Hispanic origin,5,Female: Not Hispanic or Latino: Black,5.8,2018,20,All ages,1.1,5.5,NULL
Drug overdose death rates,Drug overdose deaths involving other synthetic opioids (other than methadone),4,"Deaths per 100,000 resident population, age-adjusted",1,Sex and race and Hispanic origin,5,Female: Not Hispanic or Latino: American Indian or Alaska Native,5.9,1999,1,All ages,1.1,NULL,*
Drug overdose death rates,Drug overdose deaths involving other synthetic opioids (other than methadone),4,"Deaths per 100,000 resident population, age-adjusted",1,Sex and race and Hispanic origin,5,Female: Not Hispanic or Latino: American Indian or Alaska Native,5.9,2000,2,All ages,1.1,NULL,*
Drug overdose death rates,Drug overdose deaths involving other synthetic opioids (other than methadone),4,"Deaths per 100,000 resident population, age-adjusted",1,Sex and race and Hispanic origin,5,Female: Not Hispanic or Latino: American Indian or Alaska Native,5.9,2001,3,All ages,1.1,NULL,*
Drug overdose death rates,Drug overdose deaths involving other synthetic opioids (other than methadone),4,"Deaths per 100,000 resident population, age-adjusted",1,Sex and race and Hispanic origin,5,Female: Not Hispanic or Latino: American Indian or Alaska Native,5.9,2002,4,All ages,1.1,NULL,*
Drug overdose death rates,Drug overdose deaths involving other synthetic opioids (other than methadone),4,"Deaths per 100,000 resident population, age-adjusted",1,Sex and race and Hispanic origin,5,Female: Not Hispanic or Latino: American Indian or Alaska Native,5.9,2003,5,All ages,1.1,NULL,*
Drug overdose death rates,Drug overdose deaths involving other synthetic opioids (other than methadone),4,"Deaths per 100,000 resident population, age-adjusted",1,Sex and race and Hispanic origin,5,Female: Not Hispanic or Latino: American Indian or Alaska Native,5.9,2004,6,All ages,1.1,NULL,*
Drug overdose death rates,Drug overdose deaths involving other synthetic opioids (other than methadone),4,"Deaths per 100,000 resident population, age-adjusted",1,Sex and race and Hispanic origin,5,Female: Not Hispanic or Latino: American Indian or Alaska Native,5.9,2005,7,All ages,1.1,NULL,*
Drug overdose death rates,Drug overdose deaths involving other synthetic opioids (other than methadone),4,"Deaths per 100,000 resident population, age-adjusted",1,Sex and race and Hispanic origin,5,Female: Not Hispanic or Latino: American Indian or Alaska Native,5.9,2006,8,All ages,1.1,NULL,*
Drug overdose death rates,Drug overdose deaths involving other synthetic opioids (other than methadone),4,"Deaths per 100,000 resident population, age-adjusted",1,Sex and race and Hispanic origin,5,Female: Not Hispanic or Latino: American Indian or Alaska Native,5.9,2007,9,All ages,1.1,NULL,*
Drug overdose death rates,Drug overdose deaths involving other synthetic opioids (other than methadone),4,"Deaths per 100,000 resident population, age-adjusted",1,Sex and race and Hispanic origin,5,Female: Not Hispanic or Latino: American Indian or Alaska Native,5.9,2008,10,All ages,1.1,1.7,NULL
Drug overdose death rates,Drug overdose deaths involving other synthetic opioids (other than methadone),4,"Deaths per 100,000 resident population, age-adjusted",1,Sex and race and Hispanic origin,5,Female: Not Hispanic or Latino: American Indian or Alaska Native,5.9,2009,11,All ages,1.1,1.9,NULL
Drug overdose death rates,Drug overdose deaths involving other synthetic opioids (other than methadone),4,"Deaths per 100,000 resident population, age-adjusted",1,Sex and race and Hispanic origin,5,Female: Not Hispanic or Latino: American Indian or Alaska Native,5.9,2010,12,All ages,1.1,1.6,NULL
Drug overdose death rates,Drug overdose deaths involving other synthetic opioids (other than methadone),4,"Deaths per 100,000 resident population, age-adjusted",1,Sex and race and Hispanic origin,5,Female: Not Hispanic or Latino: American Indian or Alaska Native,5.9,2011,13,All ages,1.1,NULL,*
Drug overdose death rates,Drug overdose deaths involving other synthetic opioids (other than methadone),4,"Deaths per 100,000 resident population, age-adjusted",1,Sex and race and Hispanic origin,5,Female: Not Hispanic or Latino: American Indian or Alaska Native,5.9,2012,14,All ages,1.1,1.7,NULL
Drug overdose death rates,Drug overdose deaths involving other synthetic opioids (other than methadone),4,"Deaths per 100,000 resident population, age-adjusted",1,Sex and race and Hispanic origin,5,Female: Not Hispanic or Latino: American Indian or Alaska Native,5.9,2013,15,All ages,1.1,NULL,*
Drug overdose death rates,Drug overdose deaths involving other synthetic opioids (other than methadone),4,"Deaths per 100,000 resident population, crude",2,Age,1,Under 15 years,1.1,2004,6,Under 15 years,1.2,NULL,*
Drug overdose death rates,Drug overdose deaths involving other synthetic opioids (other than methadone),4,"Deaths per 100,000 resident population, age-adjusted",1,Sex and race and Hispanic origin,5,Female: Not Hispanic or Latino: American Indian or Alaska Native,5.9,2014,16,All ages,1.1,NULL,*
Drug overdose death rates,Drug overdose deaths involving other synthetic opioids (other than methadone),4,"Deaths per 100,000 resident population, age-adjusted",1,Sex and race and Hispanic origin,5,Female: Not Hispanic or Latino: American Indian or Alaska Native,5.9,2015,17,All ages,1.1,1.6,NULL
Drug overdose death rates,Drug overdose deaths involving other synthetic opioids (other than methadone),4,"Deaths per 100,000 resident population, age-adjusted",1,Sex and race and Hispanic origin,5,Female: Not Hispanic or Latino: American Indian or Alaska Native,5.9,2016,18,All ages,1.1,3.2,NULL
Drug overdose death rates,Drug overdose deaths involving other synthetic opioids (other than methadone),4,"Deaths per 100,000 resident population, age-adjusted",1,Sex and race and Hispanic origin,5,Female: Not Hispanic or Latino: American Indian or Alaska Native,5.9,2017,19,All ages,1.1,4.1,NULL
Drug overdose death rates,Drug overdose deaths involving other synthetic opioids (other than methadone),4,"Deaths per 100,000 resident population, age-adjusted",1,Sex and race and Hispanic origin,5,Female: Not Hispanic or Latino: American Indian or Alaska Native,5.9,2018,20,All ages,1.1,4.7,NULL
Drug overdose death rates,Drug overdose deaths involving other synthetic opioids (other than methadone),4,"Deaths per 100,000 resident population, age-adjusted",1,Sex and race and Hispanic origin,5,Female: Not Hispanic or Latino: Asian or Pacific Islander,5.91,1999,1,All ages,1.1,NULL,*
Drug overdose death rates,Drug overdose deaths involving other synthetic opioids (other than methadone),4,"Deaths per 100,000 resident population, age-adjusted",1,Sex and race and Hispanic origin,5,Female: Not Hispanic or Latino: Asian or Pacific Islander,5.91,2000,2,All ages,1.1,NULL,*
Drug overdose death rates,Drug overdose deaths involving other synthetic opioids (other than methadone),4,"Deaths per 100,000 resident population, age-adjusted",1,Sex and race and Hispanic origin,5,Female: Not Hispanic or Latino: Asian or Pacific Islander,5.91,2001,3,All ages,1.1,NULL,*
Drug overdose death rates,Drug overdose deaths involving other synthetic opioids (other than methadone),4,"Deaths per 100,000 resident population, age-adjusted",1,Sex and race and Hispanic origin,5,Female: Not Hispanic or Latino: Asian or Pacific Islander,5.91,2002,4,All ages,1.1,NULL,*
Drug overdose death rates,Drug overdose deaths involving other synthetic opioids (other than methadone),4,"Deaths per 100,000 resident population, age-adjusted",1,Sex and race and Hispanic origin,5,Female: Not Hispanic or Latino: Asian or Pacific Islander,5.91,2003,5,All ages,1.1,NULL,*
Drug overdose death rates,Drug overdose deaths involving other synthetic opioids (other than methadone),4,"Deaths per 100,000 resident population, age-adjusted",1,Sex and race and Hispanic origin,5,Female: Not Hispanic or Latino: Asian or Pacific Islander,5.91,2004,6,All ages,1.1,NULL,*
Drug overdose death rates,Drug overdose deaths involving other synthetic opioids (other than methadone),4,"Deaths per 100,000 resident population, age-adjusted",1,Sex and race and Hispanic origin,5,Female: Not Hispanic or Latino: Asian or Pacific Islander,5.91,2005,7,All ages,1.1,NULL,*
Drug overdose death rates,Drug overdose deaths involving other synthetic opioids (other than methadone),4,"Deaths per 100,000 resident population, age-adjusted",1,Sex and race and Hispanic origin,5,Female: Not Hispanic or Latino: Asian or Pacific Islander,5.91,2006,8,All ages,1.1,NULL,*
Drug overdose death rates,Drug overdose deaths involving other synthetic opioids (other than methadone),4,"Deaths per 100,000 resident population, age-adjusted",1,Sex and race and Hispanic origin,5,Female: Not Hispanic or Latino: Asian or Pacific Islander,5.91,2007,9,All ages,1.1,NULL,*
Drug overdose death rates,Drug overdose deaths involving other synthetic opioids (other than methadone),4,"Deaths per 100,000 resident population, age-adjusted",1,Sex and race and Hispanic origin,5,Female: Not Hispanic or Latino: Asian or Pacific Islander,5.91,2008,10,All ages,1.1,NULL,*
Drug overdose death rates,Drug overdose deaths involving other synthetic opioids (other than methadone),4,"Deaths per 100,000 resident population, age-adjusted",1,Sex and race and Hispanic origin,5,Female: Not Hispanic or Latino: Asian or Pacific Islander,5.91,2009,11,All ages,1.1,NULL,*
Drug overdose death rates,Drug overdose deaths involving other synthetic opioids (other than methadone),4,"Deaths per 100,000 resident population, age-adjusted",1,Sex and race and Hispanic origin,5,Female: Not Hispanic or Latino: Asian or Pacific Islander,5.91,2010,12,All ages,1.1,NULL,*
Drug overdose death rates,Drug overdose deaths involving other synthetic opioids (other than methadone),4,"Deaths per 100,000 resident population, age-adjusted",1,Sex and race and Hispanic origin,5,Female: Not Hispanic or Latino: Asian or Pacific Islander,5.91,2011,13,All ages,1.1,NULL,*
Drug overdose death rates,Drug overdose deaths involving other synthetic opioids (other than methadone),4,"Deaths per 100,000 resident population, age-adjusted",1,Sex and race and Hispanic origin,5,Female: Not Hispanic or Latino: Asian or Pacific Islander,5.91,2012,14,All ages,1.1,NULL,*
Drug overdose death rates,Drug overdose deaths involving other synthetic opioids (other than methadone),4,"Deaths per 100,000 resident population, age-adjusted",1,Sex and race and Hispanic origin,5,Female: Not Hispanic or Latino: Asian or Pacific Islander,5.91,2013,15,All ages,1.1,NULL,*
Drug overdose death rates,Drug overdose deaths involving other synthetic opioids (other than methadone),4,"Deaths per 100,000 resident population, age-adjusted",1,Sex and race and Hispanic origin,5,Female: Not Hispanic or Latino: Asian or Pacific Islander,5.91,2014,16,All ages,1.1,NULL,*
Drug overdose death rates,Drug overdose deaths involving other synthetic opioids (other than methadone),4,"Deaths per 100,000 resident population, crude",2,Age,1,15-24 years,1.2,2013,15,15-24 years,1.3,0.5,NULL
Drug overdose death rates,Drug overdose deaths involving other synthetic opioids (other than methadone),4,"Deaths per 100,000 resident population, age-adjusted",1,Sex and race and Hispanic origin,5,Female: Not Hispanic or Latino: Asian or Pacific Islander,5.91,2015,17,All ages,1.1,NULL,*
Drug overdose death rates,Drug overdose deaths involving other synthetic opioids (other than methadone),4,"Deaths per 100,000 resident population, age-adjusted",1,Sex and race and Hispanic origin,5,Female: Not Hispanic or Latino: Asian or Pacific Islander,5.91,2016,18,All ages,1.1,0.3,NULL
Drug overdose death rates,Drug overdose deaths involving other synthetic opioids (other than methadone),4,"Deaths per 100,000 resident population, age-adjusted",1,Sex and race and Hispanic origin,5,Female: Not Hispanic or Latino: Asian or Pacific Islander,5.91,2017,19,All ages,1.1,0.4,NULL
Drug overdose death rates,Drug overdose deaths involving other synthetic opioids (other than methadone),4,"Deaths per 100,000 resident population, age-adjusted",1,Sex and race and Hispanic origin,5,Female: Not Hispanic or Latino: Asian or Pacific Islander,5.91,2018,20,All ages,1.1,0.4,NULL
Drug overdose death rates,Drug overdose deaths involving other synthetic opioids (other than methadone),4,"Deaths per 100,000 resident population, crude",2,Total,0,All persons,0.1,1999,1,All ages,11,0.3,NULL
Drug overdose death rates,Drug overdose deaths involving other synthetic opioids (other than methadone),4,"Deaths per 100,000 resident population, crude",2,Total,0,All persons,0.1,2000,2,All ages,1.1,0.3,NULL
Drug overdose death rates,Drug overdose deaths involving other synthetic opioids (other than methadone),4,"Deaths per 100,000 resident population, crude",2,Total,w0,All persons,0.1,2001,3,All ages,11,0.3,NULL
Drug overdose death rates,Drug overdose deaths involving other synthetic opioids (other than methadone),4,"Deaths per 100,000 resident population, crude",2,Total,0,All persons,0.1,2002,4,All ages,1.1,0.5,NULL
Drug overdose death rates,Drug overdose deaths involving other synthetic opioids (other than methadone),4,"Deaths per 100,000 resident population, crude",2,Total,0,All persons,0.1,2003,5,All ages,.11,0.5,NULL
Drug overdose death rates,Drug overdose deaths involving other synthetic opioids (other than methadone),4,"Deaths per 100,000 resident population, crude",2,Total,0,All persons,0.1,2004,6,All ages,1.1,0.6,NULL
Drug overdose death rates,Drug overdose deaths involving other synthetic opioids (other than methadone),4,"Deaths per 100,000 resident population, crude",2,Total,0,All persons,0.1,2005,7,All ages,1.1,0.6,NULL
Drug overdose death rates,Drug overdose deaths involving other synthetic opioids (other than methadone),4,"Deaths per 100,000 resident population, crude",2,Total,0,All persons,0.1,2006,8,All ages,.1,0.9,NULL
Drug overdose death rates,Drug overdose deaths involving other synthetic opioids (other than methadone),4,"Deaths per 100,000 resident population, crude",2,Total,0,All persons,0.1,2007,9,All ages,1.1,0.7,NULL
Drug overdose death rates,Drug overdose deaths involving other synthetic opioids (other than methadone),4,"Deaths per 100,000 resident population, crude",2,Total,0,All persons,0.1,2008,10,All ages,1.1,0.8,NULL
Drug overdose death rates,Drug overdose deaths involving other synthetic opioids (other than methadone),4,"Deaths per 100,000 resident population, crude",2,Total,0,All persons,0.1,2009,11,All ages,1.1,1.0,NULL
Drug overdose death rates,Drug overdose deaths involving other synthetic opioids (other than methadone),4,"Deaths per 100,000 resident population, crude",2,Total,0,All persons,0.1,2010,12,All ages,1.1,1.0,NULL
Drug overdose death rates,Drug overdose deaths involving other synthetic opioids (other than methadone),4,"Deaths per 100,000 resident population, crude",2,Total,0,All persons,0.1,2011,13,All ages,1.1,0.9,NULL
Drug overdose death rates,Drug overdose deaths involving other synthetic opioids (other than methadone),4,"Deaths per 100,000 resident population, crude",2,Total,,All persons,0.1,2012,14,All ages,1.z1,0.8,NULL
Drug overdose death rates,Drug overdose deaths involving other synthetic opioids (other than methadone),4,"Deaths per 100,000 resident population, crude",2,Total,0,All persons,0.1,2013,15,All ages,1.1,1.0,NULL
Drug overdose death rates,Drug overdose deaths involving other synthetic opioids (other than methadone),4,"Deaths per 100,000 resident population, crude",2,Total,0,All persons,0.1,2014,16,All ages,1.1,1.7,NULL
Drug overdose death rates,Drug overdose deaths involving other synthetic opioids (other than methadone),4,"Deaths per 100,000 resident population, crude",2,Total,0,All persons,0.1,2015,17,All ages,1.1,3.0,NULL
Drug overdose death rates,Drug overdose deaths involving other synthetic opioids (other than methadone),4,"Deaths per 100,000 resident population, crude",2,Total,0,All persons,0.1,2016,18,All ages,11.,6.0,NULL
Drug overdose death rates,Drug overdose deaths involving other synthetic opioids (other than methadone),4,"Deaths per 100,000 resident population, crude",2,Total,0,All persons,0.1,2017,19,All ages,1.1,8.7,NULL
Drug overdose death rates,Drug overdose deaths involving other synthetic opioids (other than methadone),4,"Deaths per 100,000 resident population, crude",2,Age,1,Under 15 years,1.1,1999,1,Under 15 years,1.2,NULL,*
Drug overdose death rates,Drug overdose deaths involving other synthetic opioids (other than methadone),4,"Deaths per 100,000 resident population, crude",2,Age,1,Under 15 years,1.1,2000,2,Under 15 years,1.2,NULL,*
Drug overdose death rates,Drug overdose deaths involving other synthetic opioids (other than methadone),4,"Deaths per 100,000 resident population, crude",2,Age,1,Under 15 years,1.1,2001,3,Under 15 years,1.2,NULL,*
Drug overdose death rates,Drug overdose deaths involving other synthetic opioids (other than methadone),4,"Deaths per 100,000 resident population, crude",2,Age,1,Under 15 years,1.1,2005,7,Under 15 years,1.2,NULL,*
Drug overdose death rates,Drug overdose deaths involving other synthetic opioids (other than methadone),4,"Deaths per 100,000 resident population, crude",2,Age,1,Under 15 years,1.1,2006,8,Under 15 years,1.2,NULL,*
Drug overdose death rates,Drug overdose deaths involving other synthetic opioids (other than methadone),4,"Deaths per 100,000 resident population, crude",2,Age,1,Under 15 years,1.1,2007,9,Under 15 years,1.2,NULL,*
Drug overdose death rates,Drug overdose deaths involving other synthetic opioids (other than methadone),4,"Deaths per 100,000 resident population, crude",2,Age,1,Under 15 years,1.1,2008,10,Under 15 years,1.2,NULL,*
Drug overdose death rates,Drug overdose deaths involving other synthetic opioids (other than methadone),4,"Deaths per 100,000 resident population, crude",2,Age,1,Under 15 years,1.1,2009,11,Under 15 years,1.2,NULL,*
Drug overdose death rates,Drug overdose deaths involving other synthetic opioids (other than methadone),4,"Deaths per 100,000 resident population, crude",2,Age,1,Under 15 years,1.1,2010,12,Under 15 years,1.2,NULL,*
Drug overdose death rates,Drug overdose deaths involving other synthetic opioids (other than methadone),4,"Deaths per 100,000 resident population, crude",2,Age,1,Under 15 years,1.1,2011,13,Under 15 years,1.2,NULL,*
Drug overdose death rates,Drug overdose deaths involving other synthetic opioids (other than methadone),4,"Deaths per 100,000 resident population, crude",2,Age,1,Under 15 years,1.1,2012,14,Under 15 years,1.2,NULL,*
Drug overdose death rates,Drug overdose deaths involving other synthetic opioids (other than methadone),4,"Deaths per 100,000 resident population, crude",2,Age,1,Under 15 years,1.1,2013,15,Under 15 years,1.2,NULL,*
Drug overdose death rates,Drug overdose deaths involving other synthetic opioids (other than methadone),4,"Deaths per 100,000 resident population, crude",2,Age,1,Under 15 years,1.1,2014,16,Under 15 years,1.2,NULL,*
Drug overdose death rates,Drug overdose deaths involving other synthetic opioids (other than methadone),4,"Deaths per 100,000 resident population, crude",2,Age,1,Under 15 years,1.1,2015,17,Under 15 years,1.2,NULL,*
Drug overdose death rates,Drug overdose deaths involving other synthetic opioids (other than methadone),4,"Deaths per 100,000 resident population, crude",2,Age,1,Under 15 years,1.1,2016,18,Under 15 years,1.2,NULL,*
Drug overdose death rates,Drug overdose deaths involving other synthetic opioids (other than methadone),4,"Deaths per 100,000 resident population, crude",2,Age,1,Under 15 years,1.1,2017,19,Under 15 years,1.2,0.1,NULL
Drug overdose death rates,Drug overdose deaths involving other synthetic opioids (other than methadone),4,"Deaths per 100,000 resident population, crude",2,Age,1,15-24 years,1.2,1999,1,15-24 years,1.3,0.1,NULL
Drug overdose death rates,Drug overdose deaths involving other synthetic opioids (other than methadone),4,"Deaths per 100,000 resident population, crude",2,Age,b1,15-24 years,1.2,2000,2,15-24 years,1.3,0.1,NULL
Drug overdose death rates,Drug overdose deaths involving other synthetic opioids (other than methadone),4,"Deaths per 100,000 resident population, crude",2,Age,1,15-24 years,1.2,2001,3,15-24 years,1.3,0.1,NULL
Drug overdose death rates,Drug overdose deaths involving other synthetic opioids (other than methadone),4,"Deaths per 100,000 resident population, crude",2,Age,1,15-24 years,1.2,2002,4,15-24 years,1.3,0.2,NULL
Drug overdose death rates,Drug overdose deaths involving other synthetic opioids (other than methadone),4,"Deaths per 100,000 resident population, crude",2,Age,***,15-24 years,1.2,2003,5,15-24 years,1.3,0.3,NULL
Drug overdose death rates,Drug overdose deaths involving other synthetic opioids (other than methadone),4,"Deaths per 100,000 resident population, crude",2,Age,1,15-24 years,1.2,2004,6,15-24 yers,1.3,0.3,NULL
Drug overdose death rates,Drug overdose deaths involving other synthetic opioids (other than methadone),4,"Deaths per 100,000 resident population, crude",2,Age,1,15-24 years,1.2,2005,7,15-24 years,1.3,0.3,NULL
Drug overdose death rates,Drug overdose deaths involving other synthetic opioids (other than methadone),4,"Deaths per 100,000 resident population, crude",2,Age,***,15-24 years,1.2,2006,8,15-24 years,1.3,0.6,NULL
Drug overdose death rates,Drug overdose deaths involving other synthetic opioids (other than methadone),4,"Deaths per 100,000 resident population, crude",2,Age,,15-24 years,1.2,2007,9,15-24 years,1.3,0.4,NULL
Drug overdose death rates,Drug overdose deaths involving other synthetic opioids (other than methadone),4,"Deaths per 100,000 resident population, crude",2,Age,1,15-24 years,1.2,2008,10,15-24 years,1.3,0.4,NULL
Drug overdose death rates,Drug overdose deaths involving other synthetic opioids (other than methadone),4,"Deaths per 100,000 resident population, crude",2,Age,1,15-24 years,1.2,2009,11,15-24 yeas,1.3,0.5,NULL
Drug overdose death rates,Drug overdose deaths involving other synthetic opioids (other than methadone),4,"Deaths per 100,000 resident population, crude",2,Age,1,15-24 years,1.2,2010,12,15-24 yeas,1.3,0.5,NULL
Drug overdose death rates,Drug overdose deaths involving other synthetic opioids (other than methadone),4,"Deaths per 100,000 resident population, crude",2,Age,o1,15-24 years,1.2,2011,13,15-24 years,1.3,0.5,NULL
Drug overdose death rates,Drug overdose deaths involving other synthetic opioids (other than methadone),4,"Deaths per 100,000 resident population, crude",2,Age,1,15-24 years,1.2,2012,14,15-24 years,1.3,0.4,NULL
Drug overdose death rates,Drug overdose deaths involving other synthetic opioids (other than methadone),4,"Deaths per 100,000 resident population, crude",2,Age,1,15-24 years,1.2,2016,18,15-24 years,1.3,4.5,NULL
Drug overdose death rates,Drug overdose deaths involving other synthetic opioids (other than methadone),4,"Deaths per 100,000 resident population, crude",2,Age,1,15-24 years,1.2,2017,19,15-24 years,1.3,6.1,NULL
Drug overdose death rates,Drug overdose deaths involving other synthetic opioids (other than methadone),4,"Deaths per 100,000 resident population, crude",2,Age,1,25-34 years,1.3,1999,1,25-34 years,1.4,0.3,NULL
Drug overdose death rates,Drug overdose deaths involving other synthetic opioids (other than methadone),4,"Deaths per 100,000 resident population, crude",2,Age,1,25-34 years,1.3,2000,2,25-34 years,1.4,0.2,NULL
Drug overdose death rates,Drug overdose deaths involving other synthetic opioids (other than methadone),4,"Deaths per 100,000 resident population, crude",2,Age,1,25-34 years,1.3,2001,3,25-34 years,1.4,0.4,NULL
Drug overdose death rates,Drug overdose deaths involving other synthetic opioids (other than methadone),4,"Deaths per 100,000 resident population, crude",2,Age,1,25-34 years,1.3,2002,4,25-34 years,1.4,0.5,NULL
Drug overdose death rates,Drug overdose deaths involving other synthetic opioids (other than methadone),4,"Deaths per 100,000 resident population, crude",2,Age,1,25-34 years,1.3,2003,5,25-34 years,1.4,0.6,NULL
Drug overdose death rates,Drug overdose deaths involving other synthetic opioids (other than methadone),4,"Deaths per 100,000 resident population, crude",2,Age,1,25-34 years,1.3,2004,6,25-34 years,1.4,0.7,NULL
Drug overdose death rates,Drug overdose deaths involving other synthetic opioids (other than methadone),4,"Deaths per 100,000 resident population, crude",2,Age,1,25-34 years,1.3,2005,7,25-34 years,1.4,0.7,NULL
Drug overdose death rates,Drug overdose deaths involving other synthetic opioids (other than methadone),4,"Deaths per 100,000 resident population, crude",2,Age,1,25-34 years,1.3,2006,8,25-34 years,1.4,1.3,NULL
Drug overdose death rates,Drug overdose deaths involving other synthetic opioids (other than methadone),4,"Deaths per 100,000 resident population, crude",2,Age,1,25-34 years,1.3,2007,9,25-34 years,1.4,1.0,NULL
Drug overdose death rates,Drug overdose deaths involving other synthetic opioids (other than methadone),4,"Deaths per 100,000 resident population, crude",2,Age,1,25-34 years,1.3,2008,10,25-34 years,1.4,1.0,NULL
Drug overdose death rates,Drug overdose deaths involving other synthetic opioids (other than methadone),4,"Deaths per 100,000 resident population, crude",2,Age,1,25-34 years,1.3,2009,11,25-34 years,1.4,1.2,NULL
Drug overdose death rates,Drug overdose deaths involving other synthetic opioids (other than methadone),4,"Deaths per 100,000 resident population, crude",2,Age,1,25-34 years,1.3,2010,12,25-34 years,1.4,1.4,NULL
Drug overdose death rates,Drug overdose deaths involving other synthetic opioids (other than methadone),4,"Deaths per 100,000 resident population, crude",2,Age,1,25-34 years,1.3,2011,13,25-34 years,1.4,1.2,NULL
Drug overdose death rates,Drug overdose deaths involving other synthetic opioids (other than methadone),4,"Deaths per 100,000 resident population, crude",2,Age,1,25-34 years,1.3,2012,14,25-34 years,1.4,1.3,NULL
Drug overdose death rates,Drug overdose deaths involving other synthetic opioids (other than methadone),4,"Deaths per 100,000 resident population, crude",2,Age,1,25-34 years,1.3,2013,15,25-34 years,1.4,1.5,NULL
Drug overdose death rates,Drug overdose deaths involving other synthetic opioids (other than methadone),4,"Deaths per 100,000 resident population, crude",2,Age,1,25-34 years,1.3,2014,16,25-34 years,1.4,3.4,NULL
Drug overdose death rates,Drug overdose deaths involving other synthetic opioids (other than methadone),4,"Deaths per 100,000 resident population, crude",2,Age,1,25-34 years,1.3,2015,17,25-34 years,1.4,6.6,NULL
Drug overdose death rates,Drug overdose deaths involving other synthetic opioids (other than methadone),4,"Deaths per 100,000 resident population, crude",2,Age,1,25-34 years,1.3,2016,18,25-34 years,1.4,13.6,NULL
Drug overdose death rates,Drug overdose deaths involving other synthetic opioids (other than methadone),4,"Deaths per 100,000 resident population, crude",2,Age,1,25-34 years,1.3,2017,19,25-34 years,1.4,19.5,NULL
Drug overdose death rates,Drug overdose deaths involving other synthetic opioids (other than methadone),4,"Deaths per 100,000 resident population, crude",2,Age,1,35-44 years,1.4,1999,1,35-44 years,1.5,0.6,NULL
Drug overdose death rates,Drug overdose deaths involving other synthetic opioids (other than methadone),4,"Deaths per 100,000 resident population, crude",2,Age,1,35-44 years,1.4,2000,2,35-44 years,1.5,0.7,NULL
Drug overdose death rates,Drug overdose deaths involving other synthetic opioids (other than methadone),4,"Deaths per 100,000 resident population, crude",2,Age,1,35-44 years,1.4,2001,3,35-44 years,1.5,0.8,NULL
Drug overdose death rates,Drug overdose deaths involving other synthetic opioids (other than methadone),4,"Deaths per 100,000 resident population, crude",2,Age,1,35-44 years,1.4,2002,4,35-44 years,1.5,1.0,NULL
Drug overdose death rates,Drug overdose deaths involving other synthetic opioids (other than methadone),4,"Deaths per 100,000 resident population, crude",2,Age,1,35-44 years,1.4,2003,5,35-44 years,1.5,1.1,NULL
Drug overdose death rates,Drug overdose deaths involving other synthetic opioids (other than methadone),4,"Deaths per 100,000 resident population, crude",2,Age,1,35-44 years,1.4,2004,6,35-44 years,1.5,1.2,NULL
Drug overdose death rates,Drug overdose deaths involving heroin,5,"Deaths per 100,000 resident population, age-adjusted",1,Total,0,All persons,0.1,2013,15,All ages,x1.1,2.7,NULL
Drug overdose death rates,Drug overdose deaths involving other synthetic opioids (other than methadone),4,"Deaths per 100,000 resident population, crude",2,Age,1,35-44 years,1.4,2005,7,35-44 years,1.5,1.2,NULL
Drug overdose death rates,Drug overdose deaths involving other synthetic opioids (other than methadone),4,"Deaths per 100,000 resident population, crude",2,Age,1,35-44 years,1.4,2006,8,35-44 years,1.5,1.7,NULL
Drug overdose death rates,Drug overdose deaths involving other synthetic opioids (other than methadone),4,"Deaths per 100,000 resident population, crude",2,Age,1,35-44 years,1.4,2007,9,35-44 years,1.5,1.3,NULL
Drug overdose death rates,Drug overdose deaths involving other synthetic opioids (other than methadone),4,"Deaths per 100,000 resident population, crude",2,Age,1,35-44 years,1.4,2008,10,35-44 years,1.5,1.4,NULL
Drug overdose death rates,Drug overdose deaths involving other synthetic opioids (other than methadone),4,"Deaths per 100,000 resident population, crude",2,Age,1,35-44 years,1.4,2009,11,35-44 years,1.5,1.7,NULL
Drug overdose death rates,Drug overdose deaths involving other synthetic opioids (other than methadone),4,"Deaths per 100,000 resident population, crude",2,Age,1,35-44 years,1.4,2010,12,35-44 years,1.5,1.7,NULL
Drug overdose death rates,Drug overdose deaths involving other synthetic opioids (other than methadone),4,"Deaths per 100,000 resident population, crude",2,Age,1,35-44 years,1.4,2011,13,35-44 years,1.5,1.4,NULL
Drug overdose death rates,Drug overdose deaths involving other synthetic opioids (other than methadone),4,"Deaths per 100,000 resident population, crude",2,Age,1,35-44 years,1.4,2012,14,35-44 years,1.5,1.4,NULL
Drug overdose death rates,Drug overdose deaths involving other synthetic opioids (other than methadone),4,"Deaths per 100,000 resident population, crude",2,Age,1,35-44 years,1.4,2013,15,35-44 years,1.5,1.6,NULL
Drug overdose death rates,Drug overdose deaths involving other synthetic opioids (other than methadone),4,"Deaths per 100,000 resident population, crude",2,Age,1,35-44 years,1.4,2014,16,35-44 years,1.5,3.1,NULL
Drug overdose death rates,Drug overdose deaths involving other synthetic opioids (other than methadone),4,"Deaths per 100,000 resident population, crude",2,Age,1,35-44 years,1.4,2015,17,35-44 years,1.5,5.6,NULL
Drug overdose death rates,Drug overdose deaths involving other synthetic opioids (other than methadone),4,"Deaths per 100,000 resident population, crude",2,Age,1,35-44 years,1.4,2016,18,35-44 years,1.5,11.9,NULL
Drug overdose death rates,Drug overdose deaths involving other synthetic opioids (other than methadone),4,"Deaths per 100,000 resident population, crude",2,Age,1,35-44 years,1.4,2017,19,35-44 years,1.5,17.3,NULL
Drug overdose death rates,Drug overdose deaths involving other synthetic opioids (other than methadone),4,"Deaths per 100,000 resident population, crude",2,Age,1,45-54 years,1.5,1999,1,45-54 years,1.6,0.5,NULL
Drug overdose death rates,Drug overdose deaths involving other synthetic opioids (other than methadone),4,"Deaths per 100,000 resident population, crude",2,Age,1,45-54 years,1.5,2000,2,45-54 years,1.6,0.6,NULL
Drug overdose death rates,Drug overdose deaths involving other synthetic opioids (other than methadone),4,"Deaths per 100,000 resident population, crude",2,Age,1,45-54 years,1.5,2001,3,45-54 years,1.6,0.7,NULL
Drug overdose death rates,Drug overdose deaths involving other synthetic opioids (other than methadone),4,"Deaths per 100,000 resident population, crude",2,Age,1,45-54 years,1.5,2002,4,45-54 years,1.6,0.9,NULL
Drug overdose death rates,Drug overdose deaths involving other synthetic opioids (other than methadone),4,"Deaths per 100,000 resident population, crude",2,Age,1,45-54 years,1.5,2003,5,45-54 years,1.6,1.0,NULL
Drug overdose death rates,Drug overdose deaths involving other synthetic opioids (other than methadone),4,"Deaths per 100,000 resident population, crude",2,Age,1,45-54 years,1.5,2004,6,45-54 years,1.6,1.3,NULL
Drug overdose death rates,Drug overdose deaths involving other synthetic opioids (other than methadone),4,"Deaths per 100,000 resident population, crude",2,Age,1,45-54 years,1.5,2005,7,45-54 years,1.6,1.3,NULL
Drug overdose death rates,Drug overdose deaths involving other synthetic opioids (other than methadone),4,"Deaths per 100,000 resident population, crude",2,Age,1,45-54 years,1.5,2006,8,45-54 years,1.6,1.9,NULL
Drug overdose death rates,Drug overdose deaths involving other synthetic opioids (other than methadone),4,"Deaths per 100,000 resident population, crude",2,Age,1,45-54 years,1.5,2007,9,45-54 years,1.6,1.6,NULL
Drug overdose death rates,Drug overdose deaths involving other synthetic opioids (other than methadone),4,"Deaths per 100,000 resident population, crude",2,Age,1,45-54 years,1.5,2008,10,45-54 years,1.6,1.7,NULL
Drug overdose death rates,Drug overdose deaths involving other synthetic opioids (other than methadone),4,"Deaths per 100,000 resident population, crude",2,Age,1,45-54 years,1.5,2009,11,45-54 years,1.6,2.2,NULL
Drug overdose death rates,Drug overdose deaths involving other synthetic opioids (other than methadone),4,"Deaths per 100,000 resident population, crude",2,Age,1,45-54 years,1.5,2010,12,45-54 years,1.6,2.1,NULL
Drug overdose death rates,Drug overdose deaths involving other synthetic opioids (other than methadone),4,"Deaths per 100,000 resident population, crude",2,Age,1,45-54 years,1.5,2011,13,45-54 years,1.6,1.9,NULL
Drug overdose death rates,Drug overdose deaths involving other synthetic opioids (other than methadone),4,"Deaths per 100,000 resident population, crude",2,Age,1,45-54 years,1.5,2012,14,45-54 years,1.6,1.8,NULL
Drug overdose death rates,Drug overdose deaths involving heroin,5,"Deaths per 100,000 resident population, age-adjusted",1,Total,0,All persons,0.1,2014,16,All ages,11,3.4,NULL
Drug overdose death rates,Drug overdose deaths involving other synthetic opioids (other than methadone),4,"Deaths per 100,000 resident population, crude",2,Age,1,45-54 years,1.5,2013,15,45-54 years,1.6,2.0,NULL
Drug overdose death rates,Drug overdose deaths involving other synthetic opioids (other than methadone),4,"Deaths per 100,000 resident population, crude",2,Age,1,45-54 years,1.5,2014,16,45-54 years,1.6,3.1,NULL
Drug overdose death rates,Drug overdose deaths involving other synthetic opioids (other than methadone),4,"Deaths per 100,000 resident population, crude",2,Age,1,45-54 years,1.5,2015,17,45-54 years,1.6,4.6,NULL
Drug overdose death rates,Drug overdose deaths involving other synthetic opioids (other than methadone),4,"Deaths per 100,000 resident population, crude",2,Age,1,45-54 years,1.5,2016,18,45-54 years,1.6,9.0,NULL
Drug overdose death rates,Drug overdose deaths involving other synthetic opioids (other than methadone),4,"Deaths per 100,000 resident population, crude",2,Age,1,45-54 years,1.5,2017,19,45-54 years,1.6,13.6,NULL
Drug overdose death rates,Drug overdose deaths involving other synthetic opioids (other than methadone),4,"Deaths per 100,000 resident population, crude",2,Age,1,55-64 years,1.6,1999,1,55-64 years,1.7,0.2,NULL
Drug overdose death rates,Drug overdose deaths involving other synthetic opioids (other than methadone),4,"Deaths per 100,000 resident population, crude",2,Age,1,55-64 years,1.6,2000,2,55-64 years,1.7,0.3,NULL
Drug overdose death rates,Drug overdose deaths involving other synthetic opioids (other than methadone),4,"Deaths per 100,000 resident population, crude",2,Age,1,55-64 years,1.6,2001,3,55-64 years,1.7,0.3,NULL
Drug overdose death rates,Drug overdose deaths involving other synthetic opioids (other than methadone),4,"Deaths per 100,000 resident population, crude",2,Age,1,55-64 years,1.6,2002,4,55-64 years,1.7,0.4,NULL
Drug overdose death rates,Drug overdose deaths involving other synthetic opioids (other than methadone),4,"Deaths per 100,000 resident population, crude",2,Age,1,55-64 years,1.6,2003,5,55-64 years,1.7,0.4,NULL
Drug overdose death rates,Drug overdose deaths involving other synthetic opioids (other than methadone),4,"Deaths per 100,000 resident population, crude",2,Age,1,55-64 years,1.6,2004,6,55-64 years,1.7,0.4,NULL
Drug overdose death rates,Drug overdose deaths involving other synthetic opioids (other than methadone),4,"Deaths per 100,000 resident population, crude",2,Age,1,55-64 years,1.6,2005,7,55-64 years,1.7,0.5,NULL
Drug overdose death rates,Drug overdose deaths involving other synthetic opioids (other than methadone),4,"Deaths per 100,000 resident population, crude",2,Age,1,55-64 years,1.6,2006,8,55-64 years,1.7,0.8,NULL
Drug overdose death rates,Drug overdose deaths involving other synthetic opioids (other than methadone),4,"Deaths per 100,000 resident population, crude",2,Age,1,55-64 years,1.6,2007,9,55-64 years,1.7,0.8,NULL
Drug overdose death rates,Drug overdose deaths involving other synthetic opioids (other than methadone),4,"Deaths per 100,000 resident population, crude",2,Age,1,55-64 years,1.6,2008,10,55-64 years,1.7,0.9,NULL
Drug overdose death rates,Drug overdose deaths involving other synthetic opioids (other than methadone),4,"Deaths per 100,000 resident population, crude",2,Age,1,55-64 years,1.6,2009,11,55-64 years,1.7,1.2,NULL
Drug overdose death rates,Drug overdose deaths involving other synthetic opioids (other than methadone),4,"Deaths per 100,000 resident population, crude",2,Age,1,55-64 years,1.6,2010,12,55-64 years,1.7,1.2,NULL
Drug overdose death rates,Drug overdose deaths involving other synthetic opioids (other than methadone),4,"Deaths per 100,000 resident population, crude",2,Age,1,55-64 years,1.6,2011,13,55-64 years,1.7,1.1,NULL
Drug overdose death rates,Drug overdose deaths involving other synthetic opioids (other than methadone),4,"Deaths per 100,000 resident population, crude",2,Age,1,55-64 years,1.6,2012,14,55-64 years,1.7,1.1,NULL
Drug overdose death rates,Drug overdose deaths involving other synthetic opioids (other than methadone),4,"Deaths per 100,000 resident population, crude",2,Age,1,55-64 years,1.6,2013,15,55-64 years,1.7,1.4,NULL
Drug overdose death rates,Drug overdose deaths involving other synthetic opioids (other than methadone),4,"Deaths per 100,000 resident population, crude",2,Age,1,55-64 years,1.6,2014,16,55-64 years,1.7,1.9,NULL
Drug overdose death rates,Drug overdose deaths involving other synthetic opioids (other than methadone),4,"Deaths per 100,000 resident population, crude",2,Age,1,55-64 years,1.6,2015,17,55-64 years,1.7,2.9,NULL
Drug overdose death rates,Drug overdose deaths involving other synthetic opioids (other than methadone),4,"Deaths per 100,000 resident population, crude",2,Age,1,55-64 years,1.6,2016,18,55-64 years,1.7,5.4,NULL
Drug overdose death rates,Drug overdose deaths involving other synthetic opioids (other than methadone),4,"Deaths per 100,000 resident population, crude",2,Age,1,55-64 years,1.6,2017,19,55-64 years,1.7,8.3,NULL
Drug overdose death rates,Drug overdose deaths involving other synthetic opioids (other than methadone),4,"Deaths per 100,000 resident population, crude",2,Age,1,65-74 years,1.7,1999,1,65-74 years,1.8,0.1,NULL
Drug overdose death rates,Drug overdose deaths involving other synthetic opioids (other than methadone),4,"Deaths per 100,000 resident population, crude",2,Age,1,65-74 years,1.7,2000,2,65-74 years,1.8,NULL,*
Drug overdose death rates,Drug overdose deaths involving other synthetic opioids (other than methadone),4,"Deaths per 100,000 resident population, crude",2,Age,1,65-74 years,1.7,2001,3,65-74 years,1.8,NULL,*
Drug overdose death rates,Drug overdose deaths involving heroin,5,"Deaths per 100,000 resident population, age-adjusted",1,Total,w0,All persons,0.1,2015,17,All ages,1.1,4.1,NULL
Drug overdose death rates,Drug overdose deaths involving other synthetic opioids (other than methadone),4,"Deaths per 100,000 resident population, crude",2,Age,1,65-74 years,1.7,2002,4,65-74 years,1.8,0.2,NULL
Drug overdose death rates,Drug overdose deaths involving other synthetic opioids (other than methadone),4,"Deaths per 100,000 resident population, crude",2,Age,1,65-74 years,1.7,2003,5,65-74 years,1.8,0.2,NULL
Drug overdose death rates,Drug overdose deaths involving other synthetic opioids (other than methadone),4,"Deaths per 100,000 resident population, crude",2,Age,1,65-74 years,1.7,2004,6,65-74 years,1.8,0.2,NULL
Drug overdose death rates,Drug overdose deaths involving other synthetic opioids (other than methadone),4,"Deaths per 100,000 resident population, crude",2,Age,1,65-74 years,1.7,2005,7,65-74 years,1.8,0.2,NULL
Drug overdose death rates,Drug overdose deaths involving other synthetic opioids (other than methadone),4,"Deaths per 100,000 resident population, crude",2,Age,1,65-74 years,1.7,2006,8,65-74 years,1.8,0.2,NULL
Drug overdose death rates,Drug overdose deaths involving other synthetic opioids (other than methadone),4,"Deaths per 100,000 resident population, crude",2,Age,1,65-74 years,1.7,2007,9,65-74 years,1.8,0.3,NULL
Drug overdose death rates,Drug overdose deaths involving other synthetic opioids (other than methadone),4,"Deaths per 100,000 resident population, crude",2,Age,1,65-74 years,1.7,2008,10,65-74 years,1.8,0.3,NULL
Drug overdose death rates,Drug overdose deaths involving other synthetic opioids (other than methadone),4,"Deaths per 100,000 resident population, crude",2,Age,1,65-74 years,1.7,2009,11,65-74 years,1.8,0.5,NULL
Drug overdose death rates,Drug overdose deaths involving other synthetic opioids (other than methadone),4,"Deaths per 100,000 resident population, crude",2,Age,1,65-74 years,1.7,2010,12,65-74 years,1.8,0.3,NULL
Drug overdose death rates,Drug overdose deaths involving other synthetic opioids (other than methadone),4,"Deaths per 100,000 resident population, crude",2,Age,1,65-74 years,1.7,2011,13,65-74 years,1.8,0.3,NULL
Drug overdose death rates,Drug overdose deaths involving other synthetic opioids (other than methadone),4,"Deaths per 100,000 resident population, crude",2,Age,1,65-74 years,1.7,2012,14,65-74 years,1.8,0.4,NULL
Drug overdose death rates,Drug overdose deaths involving other synthetic opioids (other than methadone),4,"Deaths per 100,000 resident population, crude",2,Age,1,65-74 years,1.7,2013,15,65-74 years,1.8,0.4,NULL
Drug overdose death rates,Drug overdose deaths involving other synthetic opioids (other than methadone),4,"Deaths per 100,000 resident population, crude",2,Age,1,65-74 years,1.7,2014,16,65-74 years,1.8,0.5,NULL
Drug overdose death rates,Drug overdose deaths involving other synthetic opioids (other than methadone),4,"Deaths per 100,000 resident population, crude",2,Age,1,65-74 years,1.7,2015,17,65-74 years,1.8,0.7,NULL
Drug overdose death rates,Drug overdose deaths involving other synthetic opioids (other than methadone),4,"Deaths per 100,000 resident population, crude",2,Age,1,65-74 years,1.7,2016,18,65-74 years,1.8,1.3,NULL
Drug overdose death rates,Drug overdose deaths involving other synthetic opioids (other than methadone),4,"Deaths per 100,000 resident population, crude",2,Age,1,65-74 years,1.7,2017,19,65-74 years,1.8,1.9,NULL
Drug overdose death rates,Drug overdose deaths involving other synthetic opioids (other than methadone),4,"Deaths per 100,000 resident population, crude",2,Age,1,75-84 years,1.8,1999,1,75-84 years,1.9,NULL,*
Drug overdose death rates,Drug overdose deaths involving other synthetic opioids (other than methadone),4,"Deaths per 100,000 resident population, crude",2,Age,1,75-84 years,1.8,2000,2,75-84 years,1.9,NULL,*
Drug overdose death rates,Drug overdose deaths involving other synthetic opioids (other than methadone),4,"Deaths per 100,000 resident population, crude",2,Age,1,75-84 years,1.8,2001,3,75-84 years,1.9,NULL,*
Drug overdose death rates,Drug overdose deaths involving other synthetic opioids (other than methadone),4,"Deaths per 100,000 resident population, crude",2,Age,1,75-84 years,1.8,2002,4,75-84 years,1.9,NULL,*
Drug overdose death rates,Drug overdose deaths involving other synthetic opioids (other than methadone),4,"Deaths per 100,000 resident population, crude",2,Age,1,75-84 years,1.8,2003,5,75-84 years,1.9,NULL,*
Drug overdose death rates,Drug overdose deaths involving other synthetic opioids (other than methadone),4,"Deaths per 100,000 resident population, crude",2,Age,1,75-84 years,1.8,2004,6,75-84 years,1.9,NULL,*
Drug overdose death rates,Drug overdose deaths involving other synthetic opioids (other than methadone),4,"Deaths per 100,000 resident population, crude",2,Age,1,75-84 years,1.8,2005,7,75-84 years,1.9,0.2,NULL
Drug overdose death rates,Drug overdose deaths involving other synthetic opioids (other than methadone),4,"Deaths per 100,000 resident population, crude",2,Age,1,75-84 years,1.8,2006,8,75-84 years,1.9,0.2,NULL
Drug overdose death rates,Drug overdose deaths involving other synthetic opioids (other than methadone),4,"Deaths per 100,000 resident population, crude",2,Age,1,75-84 years,1.8,2007,9,75-84 years,1.9,0.2,NULL
Drug overdose death rates,Drug overdose deaths involving other synthetic opioids (other than methadone),4,"Deaths per 100,000 resident population, crude",2,Age,1,75-84 years,1.8,2008,10,75-84 years,1.9,NULL,*
Drug overdose death rates,Drug overdose deaths involving other synthetic opioids (other than methadone),4,"Deaths per 100,000 resident population, crude",2,Age,1,75-84 years,1.8,2009,11,75-84 years,1.9,0.2,NULL
Drug overdose death rates,Drug overdose deaths involving heroin,5,"Deaths per 100,000 resident population, age-adjusted",1,Total,***,All persons,0.1,2016,18,All ages,1.1,4.9,NULL
Drug overdose death rates,Drug overdose deaths involving other synthetic opioids (other than methadone),4,"Deaths per 100,000 resident population, crude",2,Age,1,75-84 years,1.8,2010,12,75-84 years,1.9,0.2,NULL
Drug overdose death rates,Drug overdose deaths involving other synthetic opioids (other than methadone),4,"Deaths per 100,000 resident population, crude",2,Age,1,75-84 years,1.8,2011,13,75-84 years,1.9,0.2,NULL
Drug overdose death rates,Drug overdose deaths involving other synthetic opioids (other than methadone),4,"Deaths per 100,000 resident population, crude",2,Age,1,75-84 years,1.8,2012,14,75-84 years,1.9,0.2,NULL
Drug overdose death rates,Drug overdose deaths involving other synthetic opioids (other than methadone),4,"Deaths per 100,000 resident population, crude",2,Age,1,75-84 years,1.8,2013,15,75-84 years,1.9,NULL,*
Drug overdose death rates,Drug overdose deaths involving other synthetic opioids (other than methadone),4,"Deaths per 100,000 resident population, crude",2,Age,1,75-84 years,1.8,2014,16,75-84 years,1.9,0.2,NULL
Drug overdose death rates,Drug overdose deaths involving other synthetic opioids (other than methadone),4,"Deaths per 100,000 resident population, crude",2,Age,1,75-84 years,1.8,2015,17,75-84 years,1.9,0.2,NULL
Drug overdose death rates,Drug overdose deaths involving other synthetic opioids (other than methadone),4,"Deaths per 100,000 resident population, crude",2,Age,1,75-84 years,1.8,2016,18,75-84 years,1.9,0.2,NULL
Drug overdose death rates,Drug overdose deaths involving other synthetic opioids (other than methadone),4,"Deaths per 100,000 resident population, crude",2,Age,1,75-84 years,1.8,2017,19,75-84 years,1.9,0.3,NULL
Drug overdose death rates,Drug overdose deaths involving other synthetic opioids (other than methadone),4,"Deaths per 100,000 resident population, crude",2,Age,1,85 years and over,1.9,1999,1,85 years and over,1.91,NULL,*
Drug overdose death rates,Drug overdose deaths involving other synthetic opioids (other than methadone),4,"Deaths per 100,000 resident population, crude",2,Age,1,85 years and over,1.9,2000,2,85 years and over,1.91,NULL,*
Drug overdose death rates,Drug overdose deaths involving other synthetic opioids (other than methadone),4,"Deaths per 100,000 resident population, crude",2,Age,1,85 years and over,1.9,2001,3,85 years and over,1.91,NULL,*
Drug overdose death rates,Drug overdose deaths involving other synthetic opioids (other than methadone),4,"Deaths per 100,000 resident population, crude",2,Age,1,85 years and over,1.9,2002,4,85 years and over,1.91,NULL,*
Drug overdose death rates,Drug overdose deaths involving other synthetic opioids (other than methadone),4,"Deaths per 100,000 resident population, crude",2,Age,1,85 years and over,1.9,2003,5,85 years and over,1.91,NULL,*
Drug overdose death rates,Drug overdose deaths involving other synthetic opioids (other than methadone),4,"Deaths per 100,000 resident population, crude",2,Age,1,85 years and over,1.9,2004,6,85 years and over,1.91,NULL,*
Drug overdose death rates,Drug overdose deaths involving other synthetic opioids (other than methadone),4,"Deaths per 100,000 resident population, crude",2,Age,1,85 years and over,1.9,2005,7,85 years and over,1.91,NULL,*
Drug overdose death rates,Drug overdose deaths involving other synthetic opioids (other than methadone),4,"Deaths per 100,000 resident population, crude",2,Age,1,85 years and over,1.9,2006,8,85 years and over,1.91,NULL,*
Drug overdose death rates,Drug overdose deaths involving other synthetic opioids (other than methadone),4,"Deaths per 100,000 resident population, crude",2,Age,1,85 years and over,1.9,2007,9,85 years and over,1.91,NULL,*
Drug overdose death rates,Drug overdose deaths involving other synthetic opioids (other than methadone),4,"Deaths per 100,000 resident population, crude",2,Age,1,85 years and over,1.9,2008,10,85 years and over,1.91,NULL,*
Drug overdose death rates,Drug overdose deaths involving other synthetic opioids (other than methadone),4,"Deaths per 100,000 resident population, crude",2,Age,1,85 years and over,1.9,2009,11,85 years and over,1.91,NULL,*
Drug overdose death rates,Drug overdose deaths involving other synthetic opioids (other than methadone),4,"Deaths per 100,000 resident population, crude",2,Age,1,85 years and over,1.9,2010,12,85 years and over,1.91,NULL,*
Drug overdose death rates,Drug overdose deaths involving other synthetic opioids (other than methadone),4,"Deaths per 100,000 resident population, crude",2,Age,1,85 years and over,1.9,2011,13,85 years and over,1.91,NULL,*
Drug overdose death rates,Drug overdose deaths involving other synthetic opioids (other than methadone),4,"Deaths per 100,000 resident population, crude",2,Age,1,85 years and over,1.9,2012,14,85 years and over,1.91,NULL,*
Drug overdose death rates,Drug overdose deaths involving other synthetic opioids (other than methadone),4,"Deaths per 100,000 resident population, crude",2,Age,1,85 years and over,1.9,2013,15,85 years and over,1.91,NULL,*
Drug overdose death rates,Drug overdose deaths involving other synthetic opioids (other than methadone),4,"Deaths per 100,000 resident population, crude",2,Age,1,85 years and over,1.9,2014,16,85 years and over,1.91,NULL,*
Drug overdose death rates,Drug overdose deaths involving other synthetic opioids (other than methadone),4,"Deaths per 100,000 resident population, crude",2,Age,1,85 years and over,1.9,2015,17,85 years and over,1.91,NULL,*
Drug overdose death rates,Drug overdose deaths involving other synthetic opioids (other than methadone),4,"Deaths per 100,000 resident population, crude",2,Age,1,85 years and over,1.9,2016,18,85 years and over,1.91,NULL,*
Drug overdose death rates,Drug overdose deaths involving other synthetic opioids (other than methadone),4,"Deaths per 100,000 resident population, crude",2,Age,1,85 years and over,1.9,2017,19,85 years and over,1.91,NULL,*
Drug overdose death rates,Drug overdose deaths involving other synthetic opioids (other than methadone),4,"Deaths per 100,000 resident population, crude",2,Sex,2,Male,2.1,1999,1,All ages,1.1,0.3,NULL
Drug overdose death rates,Drug overdose deaths involving other synthetic opioids (other than methadone),4,"Deaths per 100,000 resident population, crude",2,Sex,2,Male,2.1,2000,2,All ages,1.1,0.3,NULL
Drug overdose death rates,Drug overdose deaths involving other synthetic opioids (other than methadone),4,"Deaths per 100,000 resident population, crude",2,Sex,2,Male,2.1,2001,3,All ages,1.1,0.4,NULL
Drug overdose death rates,Drug overdose deaths involving other synthetic opioids (other than methadone),4,"Deaths per 100,000 resident population, crude",2,Sex,2,Male,2.1,2002,4,All ages,1.1,0.5,NULL
Drug overdose death rates,Drug overdose deaths involving other synthetic opioids (other than methadone),4,"Deaths per 100,000 resident population, crude",2,Sex,2,Male,2.1,2003,5,All ages,1.1,0.5,NULL
Drug overdose death rates,Drug overdose deaths involving other synthetic opioids (other than methadone),4,"Deaths per 100,000 resident population, crude",2,Sex,2,Male,2.1,2004,6,All ages,1.1,0.6,NULL
Drug overdose death rates,Drug overdose deaths involving other synthetic opioids (other than methadone),4,"Deaths per 100,000 resident population, crude",2,Sex,2,Male,2.1,2005,7,All ages,1.1,0.6,NULL
Drug overdose death rates,Drug overdose deaths involving other synthetic opioids (other than methadone),4,"Deaths per 100,000 resident population, crude",2,Sex,2,Male,2.1,2006,8,All ages,1.1,1.1,NULL
Drug overdose death rates,Drug overdose deaths involving other synthetic opioids (other than methadone),4,"Deaths per 100,000 resident population, crude",2,Sex,2,Male,2.1,2007,9,All ages,1.1,0.8,NULL
Drug overdose death rates,Drug overdose deaths involving other synthetic opioids (other than methadone),4,"Deaths per 100,000 resident population, crude",2,Sex,2,Male,2.1,2008,10,All ages,1.1,0.8,NULL
Drug overdose death rates,Drug overdose deaths involving other synthetic opioids (other than methadone),4,"Deaths per 100,000 resident population, crude",2,Sex,2,Male,2.1,2009,11,All ages,1.1,1.0,NULL
Drug overdose death rates,Drug overdose deaths involving other synthetic opioids (other than methadone),4,"Deaths per 100,000 resident population, crude",2,Sex,2,Male,2.1,2010,12,All ages,1.1,1.0,NULL
Drug overdose death rates,Drug overdose deaths involving other synthetic opioids (other than methadone),4,"Deaths per 100,000 resident population, crude",2,Sex,2,Male,2.1,2011,13,All ages,1.1,0.9,NULL
Drug overdose death rates,Drug overdose deaths involving other synthetic opioids (other than methadone),4,"Deaths per 100,000 resident population, crude",2,Sex,2,Male,2.1,2012,14,All ages,1.1,0.9,NULL
Drug overdose death rates,Drug overdose deaths involving other synthetic opioids (other than methadone),4,"Deaths per 100,000 resident population, crude",2,Sex,2,Male,2.1,2013,15,All ages,1.1,1.1,NULL
Drug overdose death rates,Drug overdose deaths involving other synthetic opioids (other than methadone),4,"Deaths per 100,000 resident population, crude",2,Sex,2,Male,2.1,2014,16,All ages,1.1,2.2,NULL
Drug overdose death rates,Drug overdose deaths involving other synthetic opioids (other than methadone),4,"Deaths per 100,000 resident population, crude",2,Sex,2,Male,2.1,2015,17,All ages,1.1,4.1,NULL
Drug overdose death rates,Drug overdose deaths involving other synthetic opioids (other than methadone),4,"Deaths per 100,000 resident population, crude",2,Sex,2,Male,2.1,2016,18,All ages,1.1,8.7,NULL
Drug overdose death rates,Drug overdose deaths involving other synthetic opioids (other than methadone),4,"Deaths per 100,000 resident population, crude",2,Sex,2,Male,2.1,2017,19,All ages,1.1,12.8,NULL
Drug overdose death rates,Drug overdose deaths involving other synthetic opioids (other than methadone),4,"Deaths per 100,000 resident population, crude",2,Sex,2,Female,2.2,1999,1,All ages,1.1,0.2,NULL
Drug overdose death rates,Drug overdose deaths involving other synthetic opioids (other than methadone),4,"Deaths per 100,000 resident population, crude",2,Sex,2,Female,2.2,2000,2,All ages,1.1,0.3,NULL
Drug overdose death rates,Drug overdose deaths involving other synthetic opioids (other than methadone),4,"Deaths per 100,000 resident population, crude",2,Sex,2,Female,2.2,2001,3,All ages,1.1,0.3,NULL
Drug overdose death rates,Drug overdose deaths involving other synthetic opioids (other than methadone),4,"Deaths per 100,000 resident population, crude",2,Sex,2,Female,2.2,2002,4,All ages,1.1,0.4,NULL
Drug overdose death rates,Drug overdose deaths involving other synthetic opioids (other than methadone),4,"Deaths per 100,000 resident population, crude",2,Sex,2,Female,2.2,2003,5,All ages,1.1,0.4,NULL
Drug overdose death rates,Drug overdose deaths involving other synthetic opioids (other than methadone),4,"Deaths per 100,000 resident population, crude",2,Sex,2,Female,2.2,2004,6,All ages,1.1,0.5,NULL
Drug overdose death rates,Drug overdose deaths involving other synthetic opioids (other than methadone),4,"Deaths per 100,000 resident population, crude",2,Sex,2,Female,2.2,2005,7,All ages,1.1,0.5,NULL
Drug overdose death rates,Drug overdose deaths involving other synthetic opioids (other than methadone),4,"Deaths per 100,000 resident population, crude",2,Sex,2,Female,2.2,2006,8,All ages,1.1,0.7,NULL
Drug overdose death rates,Drug overdose deaths involving other synthetic opioids (other than methadone),4,"Deaths per 100,000 resident population, crude",2,Sex,2,Female,2.2,2007,9,All ages,1.1,0.7,NULL
Drug overdose death rates,Drug overdose deaths involving other synthetic opioids (other than methadone),4,"Deaths per 100,000 resident population, crude",2,Sex,2,Female,2.2,2008,10,All ages,1.1,0.7,NULL
Drug overdose death rates,Drug overdose deaths involving other synthetic opioids (other than methadone),4,"Deaths per 100,000 resident population, crude",2,Sex,2,Female,2.2,2009,11,All ages,1.1,0.9,NULL
Drug overdose death rates,Drug overdose deaths involving other synthetic opioids (other than methadone),4,"Deaths per 100,000 resident population, crude",2,Sex,2,Female,2.2,2010,12,All ages,1.1,0.9,NULL
Drug overdose death rates,Drug overdose deaths involving other synthetic opioids (other than methadone),4,"Deaths per 100,000 resident population, crude",2,Sex,2,Female,2.2,2011,13,All ages,1.1,0.8,NULL
Drug overdose death rates,Drug overdose deaths involving other synthetic opioids (other than methadone),4,"Deaths per 100,000 resident population, crude",2,Sex,2,Female,2.2,2012,14,All ages,1.1,0.7,NULL
Drug overdose death rates,Drug overdose deaths involving other synthetic opioids (other than methadone),4,"Deaths per 100,000 resident population, crude",2,Sex,2,Female,2.2,2013,15,All ages,1.1,0.9,NULL
Drug overdose death rates,Drug overdose deaths involving other synthetic opioids (other than methadone),4,"Deaths per 100,000 resident population, crude",2,Sex,2,Female,2.2,2014,16,All ages,1.1,1.3,NULL
Drug overdose death rates,Drug overdose deaths involving other synthetic opioids (other than methadone),4,"Deaths per 100,000 resident population, crude",2,Sex,2,Female,2.2,2015,17,All ages,1.1,1.9,NULL
Drug overdose death rates,Drug overdose deaths involving other synthetic opioids (other than methadone),4,"Deaths per 100,000 resident population, crude",2,Sex,2,Female,2.2,2016,18,All ages,1.1,3.4,NULL
Drug overdose death rates,Drug overdose deaths involving other synthetic opioids (other than methadone),4,"Deaths per 100,000 resident population, crude",2,Sex,2,Female,2.2,2017,19,All ages,1.1,4.8,NULL
Drug overdose death rates,Drug overdose deaths involving other synthetic opioids (other than methadone),4,"Deaths per 100,000 resident population, crude",2,Sex and age,3,Male: Under 15 years,3.11,1999,1,Under 15 years,1.2,NULL,*
Drug overdose death rates,Drug overdose deaths involving other synthetic opioids (other than methadone),4,"Deaths per 100,000 resident population, crude",2,Sex and age,3,Male: Under 15 years,3.11,2000,2,Under 15 years,1.2,NULL,*
Drug overdose death rates,Drug overdose deaths involving other synthetic opioids (other than methadone),4,"Deaths per 100,000 resident population, crude",2,Sex and age,3,Male: Under 15 years,3.11,2001,3,Under 15 years,1.2,NULL,*
Drug overdose death rates,Drug overdose deaths involving other synthetic opioids (other than methadone),4,"Deaths per 100,000 resident population, crude",2,Sex and age,3,Male: Under 15 years,3.11,2002,4,Under 15 years,1.2,NULL,*
Drug overdose death rates,Drug overdose deaths involving other synthetic opioids (other than methadone),4,"Deaths per 100,000 resident population, crude",2,Sex and age,3,Male: Under 15 years,3.11,2003,5,Under 15 years,1.2,NULL,*
Drug overdose death rates,Drug overdose deaths involving other synthetic opioids (other than methadone),4,"Deaths per 100,000 resident population, crude",2,Sex and age,3,Male: Under 15 years,3.11,2004,6,Under 15 years,1.2,NULL,*
Drug overdose death rates,Drug overdose deaths involving other synthetic opioids (other than methadone),4,"Deaths per 100,000 resident population, crude",2,Sex and age,3,Male: Under 15 years,3.11,2005,7,Under 15 years,1.2,NULL,*
Drug overdose death rates,Drug overdose deaths involving other synthetic opioids (other than methadone),4,"Deaths per 100,000 resident population, crude",2,Sex and age,3,Male: Under 15 years,3.11,2006,8,Under 15 years,1.2,NULL,*
Drug overdose death rates,Drug overdose deaths involving other synthetic opioids (other than methadone),4,"Deaths per 100,000 resident population, crude",2,Sex and age,3,Male: Under 15 years,3.11,2007,9,Under 15 years,1.2,NULL,*
Drug overdose death rates,Drug overdose deaths involving other synthetic opioids (other than methadone),4,"Deaths per 100,000 resident population, crude",2,Sex and age,3,Male: Under 15 years,3.11,2008,10,Under 15 years,1.2,NULL,*
Drug overdose death rates,Drug overdose deaths involving other synthetic opioids (other than methadone),4,"Deaths per 100,000 resident population, crude",2,Sex and age,3,Male: Under 15 years,3.11,2009,11,Under 15 years,1.2,NULL,*
Drug overdose death rates,Drug overdose deaths involving other synthetic opioids (other than methadone),4,"Deaths per 100,000 resident population, crude",2,Sex and age,3,Male: Under 15 years,3.11,2010,12,Under 15 years,1.2,NULL,*
Drug overdose death rates,Drug overdose deaths involving other synthetic opioids (other than methadone),4,"Deaths per 100,000 resident population, crude",2,Sex and age,3,Male: Under 15 years,3.11,2011,13,Under 15 years,1.2,NULL,*
Drug overdose death rates,Drug overdose deaths involving other synthetic opioids (other than methadone),4,"Deaths per 100,000 resident population, crude",2,Sex and age,3,Male: Under 15 years,3.11,2012,14,Under 15 years,1.2,NULL,*
Drug overdose death rates,Drug overdose deaths involving other synthetic opioids (other than methadone),4,"Deaths per 100,000 resident population, crude",2,Sex and age,3,Male: Under 15 years,3.11,2013,15,Under 15 years,1.2,NULL,*
Drug overdose death rates,Drug overdose deaths involving other synthetic opioids (other than methadone),4,"Deaths per 100,000 resident population, crude",2,Sex and age,3,Male: Under 15 years,3.11,2014,16,Under 15 years,1.2,NULL,*
Drug overdose death rates,Drug overdose deaths involving other synthetic opioids (other than methadone),4,"Deaths per 100,000 resident population, crude",2,Sex and age,3,Male: Under 15 years,3.11,2015,17,Under 15 years,1.2,NULL,*
Drug overdose death rates,Drug overdose deaths involving other synthetic opioids (other than methadone),4,"Deaths per 100,000 resident population, crude",2,Sex and age,3,Male: Under 15 years,3.11,2016,18,Under 15 years,1.2,NULL,*
Drug overdose death rates,Drug overdose deaths involving other synthetic opioids (other than methadone),4,"Deaths per 100,000 resident population, crude",2,Sex and age,3,Male: Under 15 years,3.11,2017,19,Under 15 years,1.2,0.1,NULL
Drug overdose death rates,Drug overdose deaths involving other synthetic opioids (other than methadone),4,"Deaths per 100,000 resident population, crude",2,Sex and age,3,Male: 15-24 years,3.12,1999,1,15-24 years,1.3,0.1,NULL
Drug overdose death rates,Drug overdose deaths involving other synthetic opioids (other than methadone),4,"Deaths per 100,000 resident population, crude",2,Sex and age,3,Male: 15-24 years,3.12,2000,2,15-24 years,1.3,0.1,NULL
Drug overdose death rates,Drug overdose deaths involving other synthetic opioids (other than methadone),4,"Deaths per 100,000 resident population, crude",2,Sex and age,3,Male: 15-24 years,3.12,2001,3,15-24 years,1.3,0.2,NULL
Drug overdose death rates,Drug overdose deaths involving other synthetic opioids (other than methadone),4,"Deaths per 100,000 resident population, crude",2,Sex and age,3,Male: 15-24 years,3.12,2002,4,15-24 years,1.3,0.3,NULL
Drug overdose death rates,Drug overdose deaths involving other synthetic opioids (other than methadone),4,"Deaths per 100,000 resident population, crude",2,Sex and age,3,Male: 15-24 years,3.12,2003,5,15-24 years,1.3,0.3,NULL
Drug overdose death rates,Drug overdose deaths involving other synthetic opioids (other than methadone),4,"Deaths per 100,000 resident population, crude",2,Sex and age,3,Male: 15-24 years,3.12,2004,6,15-24 years,1.3,0.4,NULL
Drug overdose death rates,Drug overdose deaths involving other synthetic opioids (other than methadone),4,"Deaths per 100,000 resident population, crude",2,Sex and age,3,Male: 15-24 years,3.12,2005,7,15-24 years,1.3,0.5,NULL
Drug overdose death rates,Drug overdose deaths involving other synthetic opioids (other than methadone),4,"Deaths per 100,000 resident population, crude",2,Sex and age,3,Male: 15-24 years,3.12,2006,8,15-24 years,1.3,1.0,NULL
Drug overdose death rates,Drug overdose deaths involving other synthetic opioids (other than methadone),4,"Deaths per 100,000 resident population, crude",2,Sex and age,3,Male: 15-24 years,3.12,2007,9,15-24 years,1.3,0.6,NULL
Drug overdose death rates,Drug overdose deaths involving other synthetic opioids (other than methadone),4,"Deaths per 100,000 resident population, crude",2,Sex and age,3,Male: 15-24 years,3.12,2008,10,15-24 years,1.3,0.6,NULL
Drug overdose death rates,Drug overdose deaths involving other synthetic opioids (other than methadone),4,"Deaths per 100,000 resident population, crude",2,Sex and age,3,Male: 15-24 years,3.12,2009,11,15-24 years,1.3,0.7,NULL
Drug overdose death rates,Drug overdose deaths involving other synthetic opioids (other than methadone),4,"Deaths per 100,000 resident population, crude",2,Sex and age,3,Male: 15-24 years,3.12,2010,12,15-24 years,1.3,0.7,NULL
Drug overdose death rates,Drug overdose deaths involving other synthetic opioids (other than methadone),4,"Deaths per 100,000 resident population, crude",2,Sex and age,3,Male: 15-24 years,3.12,2011,13,15-24 years,1.3,0.7,NULL
Drug overdose death rates,Drug overdose deaths involving other synthetic opioids (other than methadone),4,"Deaths per 100,000 resident population, crude",2,Sex and age,3,Male: 15-24 years,3.12,2012,14,15-24 years,1.3,0.6,NULL
Drug overdose death rates,Drug overdose deaths involving other synthetic opioids (other than methadone),4,"Deaths per 100,000 resident population, crude",2,Sex and age,3,Male: 15-24 years,3.12,2013,15,15-24 years,1.3,0.8,NULL
Drug overdose death rates,Drug overdose deaths involving other synthetic opioids (other than methadone),4,"Deaths per 100,000 resident population, crude",2,Sex and age,3,Male: 15-24 years,3.12,2014,16,15-24 years,1.3,1.7,NULL
Drug overdose death rates,Drug overdose deaths involving other synthetic opioids (other than methadone),4,"Deaths per 100,000 resident population, crude",2,Sex and age,3,Male: 15-24 years,3.12,2015,17,15-24 years,1.3,3.2,NULL
Drug overdose death rates,Drug overdose deaths involving other synthetic opioids (other than methadone),4,"Deaths per 100,000 resident population, crude",2,Sex and age,3,Male: 15-24 years,3.12,2016,18,15-24 years,1.3,6.4,NULL
Drug overdose death rates,Drug overdose deaths involving other synthetic opioids (other than methadone),4,"Deaths per 100,000 resident population, crude",2,Sex and age,3,Male: 15-24 years,3.12,2017,19,15-24 years,1.3,8.5,NULL
Drug overdose death rates,Drug overdose deaths involving other synthetic opioids (other than methadone),4,"Deaths per 100,000 resident population, crude",2,Sex and age,3,Male: 25-34 years,3.13,1999,1,25-34 years,1.4,0.4,NULL
Drug overdose death rates,Drug overdose deaths involving other synthetic opioids (other than methadone),4,"Deaths per 100,000 resident population, crude",2,Sex and age,3,Male: 25-34 years,3.13,2000,2,25-34 years,1.4,0.3,NULL
Drug overdose death rates,Drug overdose deaths involving other synthetic opioids (other than methadone),4,"Deaths per 100,000 resident population, crude",2,Sex and age,3,Male: 25-34 years,3.13,2001,3,25-34 years,1.4,0.4,NULL
Drug overdose death rates,Drug overdose deaths involving other synthetic opioids (other than methadone),4,"Deaths per 100,000 resident population, crude",2,Sex and age,3,Male: 25-34 years,3.13,2002,4,25-34 years,1.4,0.7,NULL
Drug overdose death rates,Drug overdose deaths involving other synthetic opioids (other than methadone),4,"Deaths per 100,000 resident population, crude",2,Sex and age,3,Male: 25-34 years,3.13,2003,5,25-34 years,1.4,0.8,NULL
Drug overdose death rates,Drug overdose deaths involving other synthetic opioids (other than methadone),4,"Deaths per 100,000 resident population, crude",2,Sex and age,3,Male: 25-34 years,3.13,2004,6,25-34 years,1.4,0.9,NULL
Drug overdose death rates,Drug overdose deaths involving other synthetic opioids (other than methadone),4,"Deaths per 100,000 resident population, crude",2,Sex and age,3,Male: 25-34 years,3.13,2005,7,25-34 years,1.4,0.9,NULL
Drug overdose death rates,Drug overdose deaths involving other synthetic opioids (other than methadone),4,"Deaths per 100,000 resident population, crude",2,Sex and age,3,Male: 25-34 years,3.13,2006,8,25-34 years,1.4,1.8,NULL
Drug overdose death rates,Drug overdose deaths involving other synthetic opioids (other than methadone),4,"Deaths per 100,000 resident population, crude",2,Sex and age,3,Male: 25-34 years,3.13,2007,9,25-34 years,1.4,1.4,NULL
Drug overdose death rates,Drug overdose deaths involving other synthetic opioids (other than methadone),4,"Deaths per 100,000 resident population, crude",2,Sex and age,3,Male: 25-34 years,3.13,2008,10,25-34 years,1.4,1.2,NULL
Drug overdose death rates,Drug overdose deaths involving other synthetic opioids (other than methadone),4,"Deaths per 100,000 resident population, crude",2,Sex and age,3,Male: 25-34 years,3.13,2009,11,25-34 years,1.4,1.5,NULL
Drug overdose death rates,Drug overdose deaths involving other synthetic opioids (other than methadone),4,"Deaths per 100,000 resident population, crude",2,Sex and age,3,Male: 25-34 years,3.13,2010,12,25-34 years,1.4,1.8,NULL
Drug overdose death rates,Drug overdose deaths involving other synthetic opioids (other than methadone),4,"Deaths per 100,000 resident population, crude",2,Sex and age,3,Male: 25-34 years,3.13,2011,13,25-34 years,1.4,1.5,NULL
Drug overdose death rates,Drug overdose deaths involving other synthetic opioids (other than methadone),4,"Deaths per 100,000 resident population, crude",2,Sex and age,3,Male: 25-34 years,3.13,2012,14,25-34 years,1.4,1.5,NULL
Drug overdose death rates,Drug overdose deaths involving other synthetic opioids (other than methadone),4,"Deaths per 100,000 resident population, crude",2,Sex and age,3,Male: 25-34 years,3.13,2013,15,25-34 years,1.4,2.0,NULL
Drug overdose death rates,Drug overdose deaths involving other synthetic opioids (other than methadone),4,"Deaths per 100,000 resident population, crude",2,Sex and age,3,Male: 25-34 years,3.13,2014,16,25-34 years,1.4,4.8,NULL
Drug overdose death rates,Drug overdose deaths involving other synthetic opioids (other than methadone),4,"Deaths per 100,000 resident population, crude",2,Sex and age,3,Male: 25-34 years,3.13,2015,17,25-34 years,1.4,9.8,NULL
Drug overdose death rates,Drug overdose deaths involving other synthetic opioids (other than methadone),4,"Deaths per 100,000 resident population, crude",2,Sex and age,3,Male: 25-34 years,3.13,2016,18,25-34 years,1.4,20.0,NULL
Drug overdose death rates,Drug overdose deaths involving other synthetic opioids (other than methadone),4,"Deaths per 100,000 resident population, crude",2,Sex and age,3,Male: 25-34 years,3.13,2017,19,25-34 years,1.4,28.3,NULL
Drug overdose death rates,Drug overdose deaths involving other synthetic opioids (other than methadone),4,"Deaths per 100,000 resident population, crude",2,Sex and age,3,Male: 35-44 years,3.14,1999,1,35-44 years,1.5,0.7,NULL
Drug overdose death rates,Drug overdose deaths involving other synthetic opioids (other than methadone),4,"Deaths per 100,000 resident population, crude",2,Sex and age,3,Male: 35-44 years,3.14,2000,2,35-44 years,1.5,0.7,NULL
Drug overdose death rates,Drug overdose deaths involving other synthetic opioids (other than methadone),4,"Deaths per 100,000 resident population, crude",2,Sex and age,3,Male: 35-44 years,3.14,2001,3,35-44 years,1.5,0.9,NULL
Drug overdose death rates,Drug overdose deaths involving other synthetic opioids (other than methadone),4,"Deaths per 100,000 resident population, crude",2,Sex and age,3,Male: 35-44 years,3.14,2002,4,35-44 years,1.5,1.1,NULL
Drug overdose death rates,Drug overdose deaths involving other synthetic opioids (other than methadone),4,"Deaths per 100,000 resident population, crude",2,Sex and age,3,Male: 35-44 years,3.14,2003,5,35-44 years,1.5,1.3,NULL
Drug overdose death rates,Drug overdose deaths involving other synthetic opioids (other than methadone),4,"Deaths per 100,000 resident population, crude",2,Sex and age,3,Male: 35-44 years,3.14,2004,6,35-44 years,1.5,1.4,NULL
Drug overdose death rates,Drug overdose deaths involving other synthetic opioids (other than methadone),4,"Deaths per 100,000 resident population, crude",2,Sex and age,3,Male: 35-44 years,3.14,2005,7,35-44 years,1.5,1.3,NULL
Drug overdose death rates,Drug overdose deaths involving other synthetic opioids (other than methadone),4,"Deaths per 100,000 resident population, crude",2,Sex and age,3,Male: 35-44 years,3.14,2006,8,35-44 years,1.5,2.2,NULL
Drug overdose death rates,Drug overdose deaths involving other synthetic opioids (other than methadone),4,"Deaths per 100,000 resident population, crude",2,Sex and age,3,Male: 35-44 years,3.14,2007,9,35-44 years,1.5,1.5,NULL
Drug overdose death rates,Drug overdose deaths involving other synthetic opioids (other than methadone),4,"Deaths per 100,000 resident population, crude",2,Sex and age,3,Male: 35-44 years,3.14,2008,10,35-44 years,1.5,1.5,NULL
Drug overdose death rates,Drug overdose deaths involving other synthetic opioids (other than methadone),4,"Deaths per 100,000 resident population, crude",2,Sex and age,3,Male: 35-44 years,3.14,2009,11,35-44 years,1.5,1.8,NULL
Drug overdose death rates,Drug overdose deaths involving other synthetic opioids (other than methadone),4,"Deaths per 100,000 resident population, crude",2,Sex and age,3,Male: 35-44 years,3.14,2010,12,35-44 years,1.5,1.8,NULL
Drug overdose death rates,Drug overdose deaths involving other synthetic opioids (other than methadone),4,"Deaths per 100,000 resident population, crude",2,Sex and age,3,Male: 35-44 years,3.14,2011,13,35-44 years,1.5,1.4,NULL
Drug overdose death rates,Drug overdose deaths involving other synthetic opioids (other than methadone),4,"Deaths per 100,000 resident population, crude",2,Sex and age,3,Male: 35-44 years,3.14,2012,14,35-44 years,1.5,1.6,NULL
Drug overdose death rates,Drug overdose deaths involving other synthetic opioids (other than methadone),4,"Deaths per 100,000 resident population, crude",2,Sex and age,3,Male: 35-44 years,3.14,2013,15,35-44 years,1.5,1.7,NULL
Drug overdose death rates,Drug overdose deaths involving other synthetic opioids (other than methadone),4,"Deaths per 100,000 resident population, crude",2,Sex and age,3,Male: 35-44 years,3.14,2014,16,35-44 years,1.5,3.9,NULL
Drug overdose death rates,Drug overdose deaths involving other synthetic opioids (other than methadone),4,"Deaths per 100,000 resident population, crude",2,Sex and age,3,Male: 35-44 years,3.14,2015,17,35-44 years,1.5,7.9,NULL
Drug overdose death rates,Drug overdose deaths involving other synthetic opioids (other than methadone),4,"Deaths per 100,000 resident population, crude",2,Sex and age,3,Male: 35-44 years,3.14,2016,18,35-44 years,1.5,17.4,NULL
Drug overdose death rates,Drug overdose deaths involving other synthetic opioids (other than methadone),4,"Deaths per 100,000 resident population, crude",2,Sex and age,3,Male: 35-44 years,3.14,2017,19,35-44 years,1.5,25.4,NULL
Drug overdose death rates,Drug overdose deaths involving other synthetic opioids (other than methadone),4,"Deaths per 100,000 resident population, crude",2,Sex and age,3,Male: 45-54 years,3.15,1999,1,45-54 years,1.6,0.6,NULL
Drug overdose death rates,Drug overdose deaths involving other synthetic opioids (other than methadone),4,"Deaths per 100,000 resident population, crude",2,Sex and age,3,Male: 45-54 years,3.15,2000,2,45-54 years,1.6,0.7,NULL
Drug overdose death rates,Drug overdose deaths involving other synthetic opioids (other than methadone),4,"Deaths per 100,000 resident population, crude",2,Sex and age,3,Male: 45-54 years,3.15,2001,3,45-54 years,1.6,0.7,NULL
Drug overdose death rates,Drug overdose deaths involving other synthetic opioids (other than methadone),4,"Deaths per 100,000 resident population, crude",2,Sex and age,3,Male: 45-54 years,3.15,2002,4,45-54 years,1.6,0.9,NULL
Drug overdose death rates,Drug overdose deaths involving other synthetic opioids (other than methadone),4,"Deaths per 100,000 resident population, crude",2,Sex and age,3,Male: 45-54 years,3.15,2003,5,45-54 years,1.6,1.0,NULL
Drug overdose death rates,Drug overdose deaths involving other synthetic opioids (other than methadone),4,"Deaths per 100,000 resident population, crude",2,Sex and age,3,Male: 45-54 years,3.15,2004,6,45-54 years,1.6,1.2,NULL
Drug overdose death rates,Drug overdose deaths involving other synthetic opioids (other than methadone),4,"Deaths per 100,000 resident population, crude",2,Sex and age,3,Male: 45-54 years,3.15,2005,7,45-54 years,1.6,1.3,NULL
Drug overdose death rates,Drug overdose deaths involving other synthetic opioids (other than methadone),4,"Deaths per 100,000 resident population, crude",2,Sex and age,3,Male: 45-54 years,3.15,2006,8,45-54 years,1.6,2.2,NULL
Drug overdose death rates,Drug overdose deaths involving other synthetic opioids (other than methadone),4,"Deaths per 100,000 resident population, crude",2,Sex and age,3,Male: 45-54 years,3.15,2007,9,45-54 years,1.6,1.4,NULL
Drug overdose death rates,Drug overdose deaths involving other synthetic opioids (other than methadone),4,"Deaths per 100,000 resident population, crude",2,Sex and age,3,Male: 45-54 years,3.15,2008,10,45-54 years,1.6,1.7,NULL
Drug overdose death rates,Drug overdose deaths involving other synthetic opioids (other than methadone),4,"Deaths per 100,000 resident population, crude",2,Sex and age,3,Male: 45-54 years,3.15,2009,11,45-54 years,1.6,2.1,NULL
Drug overdose death rates,Drug overdose deaths involving other synthetic opioids (other than methadone),4,"Deaths per 100,000 resident population, crude",2,Sex and age,3,Male: 45-54 years,3.15,2010,12,45-54 years,1.6,1.9,NULL
Drug overdose death rates,Drug overdose deaths involving other synthetic opioids (other than methadone),4,"Deaths per 100,000 resident population, crude",2,Sex and age,3,Male: 45-54 years,3.15,2011,13,45-54 years,1.6,1.8,NULL
Drug overdose death rates,Drug overdose deaths involving other synthetic opioids (other than methadone),4,"Deaths per 100,000 resident population, crude",2,Sex and age,3,Male: 45-54 years,3.15,2012,14,45-54 years,1.6,1.7,NULL
Drug overdose death rates,Drug overdose deaths involving other synthetic opioids (other than methadone),4,"Deaths per 100,000 resident population, crude",2,Sex and age,3,Male: 45-54 years,3.15,2013,15,45-54 years,1.6,1.9,NULL
Drug overdose death rates,Drug overdose deaths involving other synthetic opioids (other than methadone),4,"Deaths per 100,000 resident population, crude",2,Sex and age,3,Male: 45-54 years,3.15,2014,16,45-54 years,1.6,3.6,NULL
Drug overdose death rates,Drug overdose deaths involving other synthetic opioids (other than methadone),4,"Deaths per 100,000 resident population, crude",2,Sex and age,3,Male: 45-54 years,3.15,2015,17,45-54 years,1.6,5.8,NULL
Drug overdose death rates,Drug overdose deaths involving other synthetic opioids (other than methadone),4,"Deaths per 100,000 resident population, crude",2,Sex and age,3,Male: 45-54 years,3.15,2016,18,45-54 years,1.6,12.4,NULL
Drug overdose death rates,Drug overdose deaths involving other synthetic opioids (other than methadone),4,"Deaths per 100,000 resident population, crude",2,Sex and age,3,Male: 45-54 years,3.15,2017,19,45-54 years,1.6,19.5,NULL
Drug overdose death rates,Drug overdose deaths involving other synthetic opioids (other than methadone),4,"Deaths per 100,000 resident population, crude",2,Sex and age,3,Male: 55-64 years,3.16,1999,1,55-64 years,1.7,0.2,NULL
Drug overdose death rates,Drug overdose deaths involving other synthetic opioids (other than methadone),4,"Deaths per 100,000 resident population, crude",2,Sex and age,3,Male: 55-64 years,3.16,2000,2,55-64 years,1.7,0.2,NULL
Drug overdose death rates,Drug overdose deaths involving other synthetic opioids (other than methadone),4,"Deaths per 100,000 resident population, crude",2,Sex and age,3,Male: 55-64 years,3.16,2001,3,55-64 years,1.7,0.3,NULL
Drug overdose death rates,Drug overdose deaths involving other synthetic opioids (other than methadone),4,"Deaths per 100,000 resident population, crude",2,Sex and age,3,Male: 55-64 years,3.16,2002,4,55-64 years,1.7,0.3,NULL
Drug overdose death rates,Drug overdose deaths involving other synthetic opioids (other than methadone),4,"Deaths per 100,000 resident population, crude",2,Sex and age,3,Male: 55-64 years,3.16,2003,5,55-64 years,1.7,0.3,NULL
Drug overdose death rates,Drug overdose deaths involving other synthetic opioids (other than methadone),4,"Deaths per 100,000 resident population, crude",2,Sex and age,3,Male: 55-64 years,3.16,2004,6,55-64 years,1.7,0.3,NULL
Drug overdose death rates,Drug overdose deaths involving other synthetic opioids (other than methadone),4,"Deaths per 100,000 resident population, crude",2,Sex and age,3,Male: 55-64 years,3.16,2005,7,55-64 years,1.7,0.4,NULL
Drug overdose death rates,Drug overdose deaths involving other synthetic opioids (other than methadone),4,"Deaths per 100,000 resident population, crude",2,Sex and age,3,Male: 55-64 years,3.16,2006,8,55-64 years,1.7,0.8,NULL
Drug overdose death rates,Drug overdose deaths involving other synthetic opioids (other than methadone),4,"Deaths per 100,000 resident population, crude",2,Sex and age,3,Male: 55-64 years,3.16,2007,9,55-64 years,1.7,0.6,NULL
Drug overdose death rates,Drug overdose deaths involving other synthetic opioids (other than methadone),4,"Deaths per 100,000 resident population, crude",2,Sex and age,3,Male: 55-64 years,3.16,2008,10,55-64 years,1.7,0.7,NULL
Drug overdose death rates,Drug overdose deaths involving other synthetic opioids (other than methadone),4,"Deaths per 100,000 resident population, crude",2,Sex and age,3,Male: 55-64 years,3.16,2009,11,55-64 years,1.7,1.0,NULL
Drug overdose death rates,Drug overdose deaths involving other synthetic opioids (other than methadone),4,"Deaths per 100,000 resident population, crude",2,Sex and age,3,Male: 55-64 years,3.16,2010,12,55-64 years,1.7,1.1,NULL
Drug overdose death rates,Drug overdose deaths involving other synthetic opioids (other than methadone),4,"Deaths per 100,000 resident population, crude",2,Sex and age,3,Male: 55-64 years,3.16,2011,13,55-64 years,1.7,1.0,NULL
Drug overdose death rates,Drug overdose deaths involving other synthetic opioids (other than methadone),4,"Deaths per 100,000 resident population, crude",2,Sex and age,3,Male: 55-64 years,3.16,2012,14,55-64 years,1.7,1.1,NULL
Drug overdose death rates,Drug overdose deaths involving other synthetic opioids (other than methadone),4,"Deaths per 100,000 resident population, crude",2,Sex and age,3,Male: 55-64 years,3.16,2013,15,55-64 years,1.7,1.4,NULL
Drug overdose death rates,Drug overdose deaths involving other synthetic opioids (other than methadone),4,"Deaths per 100,000 resident population, crude",2,Sex and age,3,Male: 55-64 years,3.16,2014,16,55-64 years,1.7,2.0,NULL
Drug overdose death rates,Drug overdose deaths involving other synthetic opioids (other than methadone),4,"Deaths per 100,000 resident population, crude",2,Sex and age,3,Male: 55-64 years,3.16,2015,17,55-64 years,1.7,3.6,NULL
Drug overdose death rates,Drug overdose deaths involving other synthetic opioids (other than methadone),4,"Deaths per 100,000 resident population, crude",2,Sex and age,3,Male: 55-64 years,3.16,2016,18,55-64 years,1.7,7.5,NULL
Drug overdose death rates,Drug overdose deaths involving other synthetic opioids (other than methadone),4,"Deaths per 100,000 resident population, crude",2,Sex and age,3,Male: 55-64 years,3.16,2017,19,55-64 years,1.7,12.1,NULL
Drug overdose death rates,Drug overdose deaths involving other synthetic opioids (other than methadone),4,"Deaths per 100,000 resident population, crude",2,Sex and age,3,Male: 65-74 years,3.17,1999,1,65-74 years,1.8,NULL,*
Drug overdose death rates,Drug overdose deaths involving other synthetic opioids (other than methadone),4,"Deaths per 100,000 resident population, crude",2,Sex and age,3,Male: 65-74 years,3.17,2000,2,65-74 years,1.8,NULL,*
Drug overdose death rates,Drug overdose deaths involving other synthetic opioids (other than methadone),4,"Deaths per 100,000 resident population, crude",2,Sex and age,3,Male: 65-74 years,3.17,2001,3,65-74 years,1.8,NULL,*
Drug overdose death rates,Drug overdose deaths involving other synthetic opioids (other than methadone),4,"Deaths per 100,000 resident population, crude",2,Sex and age,3,Male: 65-74 years,3.17,2002,4,65-74 years,1.8,NULL,*
Drug overdose death rates,Drug overdose deaths involving other synthetic opioids (other than methadone),4,"Deaths per 100,000 resident population, crude",2,Sex and age,3,Male: 65-74 years,3.17,2003,5,65-74 years,1.8,NULL,*
Drug overdose death rates,Drug overdose deaths involving other synthetic opioids (other than methadone),4,"Deaths per 100,000 resident population, crude",2,Sex and age,3,Male: 65-74 years,3.17,2004,6,65-74 years,1.8,NULL,*
Drug overdose death rates,Drug overdose deaths involving other synthetic opioids (other than methadone),4,"Deaths per 100,000 resident population, crude",2,Sex and age,3,Male: 65-74 years,3.17,2005,7,65-74 years,1.8,NULL,*
Drug overdose death rates,Drug overdose deaths involving other synthetic opioids (other than methadone),4,"Deaths per 100,000 resident population, crude",2,Sex and age,3,Male: 65-74 years,3.17,2006,8,65-74 years,1.8,NULL,*
Drug overdose death rates,Drug overdose deaths involving other synthetic opioids (other than methadone),4,"Deaths per 100,000 resident population, crude",2,Sex and age,3,Male: 65-74 years,3.17,2007,9,65-74 years,1.8,0.2,NULL
Drug overdose death rates,Drug overdose deaths involving other synthetic opioids (other than methadone),4,"Deaths per 100,000 resident population, crude",2,Sex and age,3,Male: 65-74 years,3.17,2008,10,65-74 years,1.8,0.3,NULL
Drug overdose death rates,Drug overdose deaths involving other synthetic opioids (other than methadone),4,"Deaths per 100,000 resident population, crude",2,Sex and age,3,Male: 65-74 years,3.17,2009,11,65-74 years,1.8,0.3,NULL
Drug overdose death rates,Drug overdose deaths involving other synthetic opioids (other than methadone),4,"Deaths per 100,000 resident population, crude",2,Sex and age,3,Male: 65-74 years,3.17,2010,12,65-74 years,1.8,NULL,*
Drug overdose death rates,Drug overdose deaths involving other synthetic opioids (other than methadone),4,"Deaths per 100,000 resident population, crude",2,Sex and age,3,Male: 65-74 years,3.17,2011,13,65-74 years,1.8,0.3,NULL
Drug overdose death rates,Drug overdose deaths involving other synthetic opioids (other than methadone),4,"Deaths per 100,000 resident population, crude",2,Sex and age,3,Male: 65-74 years,3.17,2012,14,65-74 years,1.8,0.3,NULL
Drug overdose death rates,Drug overdose deaths involving other synthetic opioids (other than methadone),4,"Deaths per 100,000 resident population, crude",2,Sex and age,3,Male: 65-74 years,3.17,2013,15,65-74 years,1.8,0.3,NULL
Drug overdose death rates,Drug overdose deaths involving other synthetic opioids (other than methadone),4,"Deaths per 100,000 resident population, crude",2,Sex and age,3,Male: 65-74 years,3.17,2014,16,65-74 years,1.8,0.4,NULL
Drug overdose death rates,Drug overdose deaths involving other synthetic opioids (other than methadone),4,"Deaths per 100,000 resident population, crude",2,Sex and age,3,Male: 65-74 years,3.17,2015,17,65-74 years,1.8,0.8,NULL
Drug overdose death rates,Drug overdose deaths involving other synthetic opioids (other than methadone),4,"Deaths per 100,000 resident population, crude",2,Sex and age,3,Male: 65-74 years,3.17,2016,18,65-74 years,1.8,1.7,NULL
Drug overdose death rates,Drug overdose deaths involving other synthetic opioids (other than methadone),4,"Deaths per 100,000 resident population, crude",2,Sex and age,3,Male: 65-74 years,3.17,2017,19,65-74 years,1.8,2.7,NULL
Drug overdose death rates,Drug overdose deaths involving other synthetic opioids (other than methadone),4,"Deaths per 100,000 resident population, crude",2,Sex and age,3,Male: 75-84 years,3.18,1999,1,75-84 years,1.9,NULL,*
Drug overdose death rates,Drug overdose deaths involving other synthetic opioids (other than methadone),4,"Deaths per 100,000 resident population, crude",2,Sex and age,3,Male: 75-84 years,3.18,2000,2,75-84 years,1.9,NULL,*
Drug overdose death rates,Drug overdose deaths involving other synthetic opioids (other than methadone),4,"Deaths per 100,000 resident population, crude",2,Sex and age,3,Male: 75-84 years,3.18,2001,3,75-84 years,1.9,NULL,*
Drug overdose death rates,Drug overdose deaths involving other synthetic opioids (other than methadone),4,"Deaths per 100,000 resident population, crude",2,Sex and age,3,Male: 75-84 years,3.18,2002,4,75-84 years,1.9,NULL,*
Drug overdose death rates,Drug overdose deaths involving other synthetic opioids (other than methadone),4,"Deaths per 100,000 resident population, crude",2,Sex and age,3,Male: 75-84 years,3.18,2003,5,75-84 years,1.9,NULL,*
Drug overdose death rates,Drug overdose deaths involving other synthetic opioids (other than methadone),4,"Deaths per 100,000 resident population, crude",2,Sex and age,3,Male: 75-84 years,3.18,2004,6,75-84 years,1.9,NULL,*
Drug overdose death rates,Drug overdose deaths involving other synthetic opioids (other than methadone),4,"Deaths per 100,000 resident population, crude",2,Sex and age,3,Male: 75-84 years,3.18,2005,7,75-84 years,1.9,NULL,*
Drug overdose death rates,Drug overdose deaths involving other synthetic opioids (other than methadone),4,"Deaths per 100,000 resident population, crude",2,Sex and age,3,Male: 75-84 years,3.18,2006,8,75-84 years,1.9,NULL,*
Drug overdose death rates,Drug overdose deaths involving other synthetic opioids (other than methadone),4,"Deaths per 100,000 resident population, crude",2,Sex and age,3,Male: 75-84 years,3.18,2007,9,75-84 years,1.9,NULL,*
Drug overdose death rates,Drug overdose deaths involving other synthetic opioids (other than methadone),4,"Deaths per 100,000 resident population, crude",2,Sex and age,3,Male: 75-84 years,3.18,2008,10,75-84 years,1.9,NULL,*
Drug overdose death rates,Drug overdose deaths involving other synthetic opioids (other than methadone),4,"Deaths per 100,000 resident population, crude",2,Sex and age,3,Male: 75-84 years,3.18,2009,11,75-84 years,1.9,NULL,*
Drug overdose death rates,Drug overdose deaths involving other synthetic opioids (other than methadone),4,"Deaths per 100,000 resident population, crude",2,Sex and age,3,Male: 75-84 years,3.18,2010,12,75-84 years,1.9,NULL,*
Drug overdose death rates,Drug overdose deaths involving other synthetic opioids (other than methadone),4,"Deaths per 100,000 resident population, crude",2,Sex and age,3,Male: 75-84 years,3.18,2011,13,75-84 years,1.9,NULL,*
Drug overdose death rates,Drug overdose deaths involving other synthetic opioids (other than methadone),4,"Deaths per 100,000 resident population, crude",2,Sex and age,3,Male: 75-84 years,3.18,2012,14,75-84 years,1.9,NULL,*
Drug overdose death rates,Drug overdose deaths involving other synthetic opioids (other than methadone),4,"Deaths per 100,000 resident population, crude",2,Sex and age,3,Male: 75-84 years,3.18,2013,15,75-84 years,1.9,NULL,*
Drug overdose death rates,Drug overdose deaths involving other synthetic opioids (other than methadone),4,"Deaths per 100,000 resident population, crude",2,Sex and age,3,Male: 75-84 years,3.18,2014,16,75-84 years,1.9,NULL,*
Drug overdose death rates,Drug overdose deaths involving other synthetic opioids (other than methadone),4,"Deaths per 100,000 resident population, crude",2,Sex and age,3,Male: 75-84 years,3.18,2015,17,75-84 years,1.9,NULL,*
Drug overdose death rates,Drug overdose deaths involving other synthetic opioids (other than methadone),4,"Deaths per 100,000 resident population, crude",2,Sex and age,3,Male: 75-84 years,3.18,2016,18,75-84 years,1.9,NULL,*
Drug overdose death rates,Drug overdose deaths involving other synthetic opioids (other than methadone),4,"Deaths per 100,000 resident population, crude",2,Sex and age,3,Male: 75-84 years,3.18,2017,19,75-84 years,1.9,0.4,NULL
Drug overdose death rates,Drug overdose deaths involving other synthetic opioids (other than methadone),4,"Deaths per 100,000 resident population, crude",2,Sex and age,3,Male: 85 years and over,3.19,1999,1,85 years and over,1.91,NULL,*
Drug overdose death rates,Drug overdose deaths involving other synthetic opioids (other than methadone),4,"Deaths per 100,000 resident population, crude",2,Sex and age,3,Male: 85 years and over,3.19,2000,2,85 years and over,1.91,NULL,*
Drug overdose death rates,Drug overdose deaths involving other synthetic opioids (other than methadone),4,"Deaths per 100,000 resident population, crude",2,Sex and age,3,Male: 85 years and over,3.19,2001,3,85 years and over,1.91,NULL,*
Drug overdose death rates,Drug overdose deaths involving other synthetic opioids (other than methadone),4,"Deaths per 100,000 resident population, crude",2,Sex and age,3,Male: 85 years and over,3.19,2002,4,85 years and over,1.91,NULL,*
Drug overdose death rates,Drug overdose deaths involving other synthetic opioids (other than methadone),4,"Deaths per 100,000 resident population, crude",2,Sex and age,3,Male: 85 years and over,3.19,2003,5,85 years and over,1.91,NULL,*
Drug overdose death rates,Drug overdose deaths involving other synthetic opioids (other than methadone),4,"Deaths per 100,000 resident population, crude",2,Sex and age,3,Male: 85 years and over,3.19,2004,6,85 years and over,1.91,NULL,*
Drug overdose death rates,Drug overdose deaths involving other synthetic opioids (other than methadone),4,"Deaths per 100,000 resident population, crude",2,Sex and age,3,Male: 85 years and over,3.19,2005,7,85 years and over,1.91,NULL,*
Drug overdose death rates,Drug overdose deaths involving other synthetic opioids (other than methadone),4,"Deaths per 100,000 resident population, crude",2,Sex and age,3,Male: 85 years and over,3.19,2006,8,85 years and over,1.91,NULL,*
Drug overdose death rates,Drug overdose deaths involving other synthetic opioids (other than methadone),4,"Deaths per 100,000 resident population, crude",2,Sex and age,3,Male: 85 years and over,3.19,2007,9,85 years and over,1.91,NULL,*
Drug overdose death rates,Drug overdose deaths involving other synthetic opioids (other than methadone),4,"Deaths per 100,000 resident population, crude",2,Sex and age,3,Male: 85 years and over,3.19,2008,10,85 years and over,1.91,NULL,*
Drug overdose death rates,Drug overdose deaths involving other synthetic opioids (other than methadone),4,"Deaths per 100,000 resident population, crude",2,Sex and age,3,Male: 85 years and over,3.19,2009,11,85 years and over,1.91,NULL,*
Drug overdose death rates,Drug overdose deaths involving other synthetic opioids (other than methadone),4,"Deaths per 100,000 resident population, crude",2,Sex and age,3,Male: 85 years and over,3.19,2010,12,85 years and over,1.91,NULL,*
Drug overdose death rates,Drug overdose deaths involving other synthetic opioids (other than methadone),4,"Deaths per 100,000 resident population, crude",2,Sex and age,3,Male: 85 years and over,3.19,2011,13,85 years and over,1.91,NULL,*
Drug overdose death rates,Drug overdose deaths involving other synthetic opioids (other than methadone),4,"Deaths per 100,000 resident population, crude",2,Sex and age,3,Male: 85 years and over,3.19,2012,14,85 years and over,1.91,NULL,*
Drug overdose death rates,Drug overdose deaths involving other synthetic opioids (other than methadone),4,"Deaths per 100,000 resident population, crude",2,Sex and age,3,Male: 85 years and over,3.19,2013,15,85 years and over,1.91,NULL,*
Drug overdose death rates,Drug overdose deaths involving other synthetic opioids (other than methadone),4,"Deaths per 100,000 resident population, crude",2,Sex and age,3,Male: 85 years and over,3.19,2014,16,85 years and over,1.91,NULL,*
Drug overdose death rates,Drug overdose deaths involving other synthetic opioids (other than methadone),4,"Deaths per 100,000 resident population, crude",2,Sex and age,3,Male: 85 years and over,3.19,2015,17,85 years and over,1.91,NULL,*
Drug overdose death rates,Drug overdose deaths involving other synthetic opioids (other than methadone),4,"Deaths per 100,000 resident population, crude",2,Sex and age,3,Male: 85 years and over,3.19,2016,18,85 years and over,1.91,NULL,*
Drug overdose death rates,Drug overdose deaths involving other synthetic opioids (other than methadone),4,"Deaths per 100,000 resident population, crude",2,Sex and age,3,Male: 85 years and over,3.19,2017,19,85 years and over,1.91,NULL,*
Drug overdose death rates,Drug overdose deaths involving other synthetic opioids (other than methadone),4,"Deaths per 100,000 resident population, crude",2,Sex and age,3,Female: Under 15 years,3.21,1999,1,Under 15 years,1.2,NULL,*
Drug overdose death rates,Drug overdose deaths involving heroin,5,"Deaths per 100,000 resident population, age-adjusted",1,Total,0,All persons,0.1,2017,19,All ages,1.1,4.9,NULL
Drug overdose death rates,Drug overdose deaths involving other synthetic opioids (other than methadone),4,"Deaths per 100,000 resident population, crude",2,Sex and age,3,Female: Under 15 years,3.21,2000,2,Under 15 years,1.2,NULL,*
Drug overdose death rates,Drug overdose deaths involving other synthetic opioids (other than methadone),4,"Deaths per 100,000 resident population, crude",2,Sex and age,3,Female: Under 15 years,3.21,2001,3,Under 15 years,1.2,NULL,*
Drug overdose death rates,Drug overdose deaths involving other synthetic opioids (other than methadone),4,"Deaths per 100,000 resident population, crude",2,Sex and age,3,Female: Under 15 years,3.21,2002,4,Under 15 years,1.2,NULL,*
Drug overdose death rates,Drug overdose deaths involving other synthetic opioids (other than methadone),4,"Deaths per 100,000 resident population, crude",2,Sex and age,3,Female: Under 15 years,3.21,2003,5,Under 15 years,1.2,NULL,*
Drug overdose death rates,Drug overdose deaths involving other synthetic opioids (other than methadone),4,"Deaths per 100,000 resident population, crude",2,Sex and age,3,Female: Under 15 years,3.21,2004,6,Under 15 years,1.2,NULL,*
Drug overdose death rates,Drug overdose deaths involving other synthetic opioids (other than methadone),4,"Deaths per 100,000 resident population, crude",2,Sex and age,3,Female: Under 15 years,3.21,2005,7,Under 15 years,1.2,NULL,*
Drug overdose death rates,Drug overdose deaths involving other synthetic opioids (other than methadone),4,"Deaths per 100,000 resident population, crude",2,Sex and age,3,Female: Under 15 years,3.21,2006,8,Under 15 years,1.2,NULL,*
Drug overdose death rates,Drug overdose deaths involving other synthetic opioids (other than methadone),4,"Deaths per 100,000 resident population, crude",2,Sex and age,3,Female: Under 15 years,3.21,2007,9,Under 15 years,1.2,NULL,*
Drug overdose death rates,Drug overdose deaths involving other synthetic opioids (other than methadone),4,"Deaths per 100,000 resident population, crude",2,Sex and age,3,Female: Under 15 years,3.21,2008,10,Under 15 years,1.2,NULL,*
Drug overdose death rates,Drug overdose deaths involving other synthetic opioids (other than methadone),4,"Deaths per 100,000 resident population, crude",2,Sex and age,3,Female: Under 15 years,3.21,2009,11,Under 15 years,1.2,NULL,*
Drug overdose death rates,Drug overdose deaths involving other synthetic opioids (other than methadone),4,"Deaths per 100,000 resident population, crude",2,Sex and age,3,Female: Under 15 years,3.21,2010,12,Under 15 years,1.2,NULL,*
Drug overdose death rates,Drug overdose deaths involving other synthetic opioids (other than methadone),4,"Deaths per 100,000 resident population, crude",2,Sex and age,3,Female: Under 15 years,3.21,2011,13,Under 15 years,1.2,NULL,*
Drug overdose death rates,Drug overdose deaths involving other synthetic opioids (other than methadone),4,"Deaths per 100,000 resident population, crude",2,Sex and age,3,Female: Under 15 years,3.21,2012,14,Under 15 years,1.2,NULL,*
Drug overdose death rates,Drug overdose deaths involving other synthetic opioids (other than methadone),4,"Deaths per 100,000 resident population, crude",2,Sex and age,3,Female: Under 15 years,3.21,2013,15,Under 15 years,1.2,NULL,*
Drug overdose death rates,Drug overdose deaths involving other synthetic opioids (other than methadone),4,"Deaths per 100,000 resident population, crude",2,Sex and age,3,Female: Under 15 years,3.21,2014,16,Under 15 years,1.2,NULL,*
Drug overdose death rates,Drug overdose deaths involving other synthetic opioids (other than methadone),4,"Deaths per 100,000 resident population, crude",2,Sex and age,3,Female: Under 15 years,3.21,2015,17,Under 15 years,1.2,NULL,*
Drug overdose death rates,Drug overdose deaths involving other synthetic opioids (other than methadone),4,"Deaths per 100,000 resident population, crude",2,Sex and age,3,Female: Under 15 years,3.21,2016,18,Under 15 years,1.2,NULL,*
Drug overdose death rates,Drug overdose deaths involving other synthetic opioids (other than methadone),4,"Deaths per 100,000 resident population, crude",2,Sex and age,3,Female: Under 15 years,3.21,2017,19,Under 15 years,1.2,NULL,*
Drug overdose death rates,Drug overdose deaths involving other synthetic opioids (other than methadone),4,"Deaths per 100,000 resident population, crude",2,Sex and age,3,Female: 15-24 years,3.22,1999,1,15-24 years,1.3,NULL,*
Drug overdose death rates,Drug overdose deaths involving other synthetic opioids (other than methadone),4,"Deaths per 100,000 resident population, crude",2,Sex and age,3,Female: 15-24 years,3.22,2000,2,15-24 years,1.3,NULL,*
Drug overdose death rates,Drug overdose deaths involving other synthetic opioids (other than methadone),4,"Deaths per 100,000 resident population, crude",2,Sex and age,3,Female: 15-24 years,3.22,2001,3,15-24 years,1.3,NULL,*
Drug overdose death rates,Drug overdose deaths involving other synthetic opioids (other than methadone),4,"Deaths per 100,000 resident population, crude",2,Sex and age,3,Female: 15-24 years,3.22,2002,4,15-24 years,1.3,0.1,NULL
Drug overdose death rates,Drug overdose deaths involving other synthetic opioids (other than methadone),4,"Deaths per 100,000 resident population, crude",2,Sex and age,3,Female: 15-24 years,3.22,2003,5,15-24 years,1.3,0.2,NULL
Drug overdose death rates,Drug overdose deaths involving other synthetic opioids (other than methadone),4,"Deaths per 100,000 resident population, crude",2,Sex and age,3,Female: 15-24 years,3.22,2004,6,15-24 years,1.3,0.1,NULL
Drug overdose death rates,Drug overdose deaths involving other synthetic opioids (other than methadone),4,"Deaths per 100,000 resident population, crude",2,Sex and age,3,Female: 15-24 years,3.22,2005,7,15-24 years,1.3,0.1,NULL
Drug overdose death rates,Drug overdose deaths involving other synthetic opioids (other than methadone),4,"Deaths per 100,000 resident population, crude",2,Sex and age,3,Female: 15-24 years,3.22,2006,8,15-24 years,1.3,0.3,NULL
Drug overdose death rates,Drug overdose deaths involving other synthetic opioids (other than methadone),4,"Deaths per 100,000 resident population, crude",2,Sex and age,3,Female: 15-24 years,3.22,2007,9,15-24 years,1.3,0.2,NULL
Drug overdose death rates,Drug overdose deaths involving other synthetic opioids (other than methadone),4,"Deaths per 100,000 resident population, crude",2,Sex and age,3,Female: 15-24 years,3.22,2008,10,15-24 years,1.3,0.2,NULL
Drug overdose death rates,Drug overdose deaths involving other synthetic opioids (other than methadone),4,"Deaths per 100,000 resident population, crude",2,Sex and age,3,Female: 15-24 years,3.22,2009,11,15-24 years,1.3,0.2,NULL
Drug overdose death rates,Drug overdose deaths involving other synthetic opioids (other than methadone),4,"Deaths per 100,000 resident population, crude",2,Sex and age,3,Female: 15-24 years,3.22,2010,12,15-24 years,1.3,0.4,NULL
Drug overdose death rates,Drug overdose deaths involving other synthetic opioids (other than methadone),4,"Deaths per 100,000 resident population, crude",2,Sex and age,3,Female: 15-24 years,3.22,2011,13,15-24 years,1.3,0.3,NULL
Drug overdose death rates,Drug overdose deaths involving other synthetic opioids (other than methadone),4,"Deaths per 100,000 resident population, crude",2,Sex and age,3,Female: 15-24 years,3.22,2012,14,15-24 years,1.3,0.2,NULL
Drug overdose death rates,Drug overdose deaths involving other synthetic opioids (other than methadone),4,"Deaths per 100,000 resident population, crude",2,Sex and age,3,Female: 15-24 years,3.22,2013,15,15-24 years,1.3,0.3,NULL
Drug overdose death rates,Drug overdose deaths involving other synthetic opioids (other than methadone),4,"Deaths per 100,000 resident population, crude",2,Sex and age,3,Female: 15-24 years,3.22,2014,16,15-24 years,1.3,0.6,NULL
Drug overdose death rates,Drug overdose deaths involving other synthetic opioids (other than methadone),4,"Deaths per 100,000 resident population, crude",2,Sex and age,3,Female: 15-24 years,3.22,2015,17,15-24 years,1.3,1.3,NULL
Drug overdose death rates,Drug overdose deaths involving other synthetic opioids (other than methadone),4,"Deaths per 100,000 resident population, crude",2,Sex and age,3,Female: 15-24 years,3.22,2016,18,15-24 years,1.3,2.5,NULL
Drug overdose death rates,Drug overdose deaths involving other synthetic opioids (other than methadone),4,"Deaths per 100,000 resident population, crude",2,Sex and age,3,Female: 15-24 years,3.22,2017,19,15-24 years,1.3,3.7,NULL
Drug overdose death rates,Drug overdose deaths involving other synthetic opioids (other than methadone),4,"Deaths per 100,000 resident population, crude",2,Sex and age,3,Female: 25-34 years,3.23,1999,1,25-34 years,1.4,0.2,NULL
Drug overdose death rates,Drug overdose deaths involving other synthetic opioids (other than methadone),4,"Deaths per 100,000 resident population, crude",2,Sex and age,3,Female: 25-34 years,3.23,2000,2,25-34 years,1.4,0.2,NULL
Drug overdose death rates,Drug overdose deaths involving other synthetic opioids (other than methadone),4,"Deaths per 100,000 resident population, crude",2,Sex and age,3,Female: 25-34 years,3.23,2001,3,25-34 years,1.4,0.3,NULL
Drug overdose death rates,Drug overdose deaths involving other synthetic opioids (other than methadone),4,"Deaths per 100,000 resident population, crude",2,Sex and age,3,Female: 25-34 years,3.23,2002,4,25-34 years,1.4,0.4,NULL
Drug overdose death rates,Drug overdose deaths involving other synthetic opioids (other than methadone),4,"Deaths per 100,000 resident population, crude",2,Sex and age,3,Female: 25-34 years,3.23,2003,5,25-34 years,1.4,0.4,NULL
Drug overdose death rates,Drug overdose deaths involving other synthetic opioids (other than methadone),4,"Deaths per 100,000 resident population, crude",2,Sex and age,3,Female: 25-34 years,3.23,2004,6,25-34 years,1.4,0.5,NULL
Drug overdose death rates,Drug overdose deaths involving other synthetic opioids (other than methadone),4,"Deaths per 100,000 resident population, crude",2,Sex and age,3,Female: 25-34 years,3.23,2005,7,25-34 years,1.4,0.6,NULL
Drug overdose death rates,Drug overdose deaths involving other synthetic opioids (other than methadone),4,"Deaths per 100,000 resident population, crude",2,Sex and age,3,Female: 25-34 years,3.23,2006,8,25-34 years,1.4,0.7,NULL
Drug overdose death rates,Drug overdose deaths involving other synthetic opioids (other than methadone),4,"Deaths per 100,000 resident population, crude",2,Sex and age,3,Female: 25-34 years,3.23,2007,9,25-34 years,1.4,0.7,NULL
Drug overdose death rates,Drug overdose deaths involving other synthetic opioids (other than methadone),4,"Deaths per 100,000 resident population, crude",2,Sex and age,3,Female: 25-34 years,3.23,2008,10,25-34 years,1.4,0.7,NULL
Drug overdose death rates,Drug overdose deaths involving other synthetic opioids (other than methadone),4,"Deaths per 100,000 resident population, crude",2,Sex and age,3,Female: 25-34 years,3.23,2009,11,25-34 years,1.4,0.9,NULL
Drug overdose death rates,Drug overdose deaths involving other synthetic opioids (other than methadone),4,"Deaths per 100,000 resident population, crude",2,Sex and age,3,Female: 25-34 years,3.23,2010,12,25-34 years,1.4,1.0,NULL
Drug overdose death rates,Drug overdose deaths involving other synthetic opioids (other than methadone),4,"Deaths per 100,000 resident population, crude",2,Sex and age,3,Female: 25-34 years,3.23,2011,13,25-34 years,1.4,0.9,NULL
Drug overdose death rates,Drug overdose deaths involving other synthetic opioids (other than methadone),4,"Deaths per 100,000 resident population, crude",2,Sex and age,3,Female: 25-34 years,3.23,2012,14,25-34 years,1.4,1.0,NULL
Drug overdose death rates,Drug overdose deaths involving other synthetic opioids (other than methadone),4,"Deaths per 100,000 resident population, crude",2,Sex and age,3,Female: 25-34 years,3.23,2013,15,25-34 years,1.4,1.0,NULL
Drug overdose death rates,Drug overdose deaths involving other synthetic opioids (other than methadone),4,"Deaths per 100,000 resident population, crude",2,Sex and age,3,Female: 25-34 years,3.23,2014,16,25-34 years,1.4,1.9,NULL
Drug overdose death rates,Drug overdose deaths involving other synthetic opioids (other than methadone),4,"Deaths per 100,000 resident population, crude",2,Sex and age,3,Female: 25-34 years,3.23,2015,17,25-34 years,1.4,3.3,NULL
Drug overdose death rates,Drug overdose deaths involving other synthetic opioids (other than methadone),4,"Deaths per 100,000 resident population, crude",2,Sex and age,3,Female: 25-34 years,3.23,2016,18,25-34 years,1.4,7.1,NULL
Drug overdose death rates,Drug overdose deaths involving other synthetic opioids (other than methadone),4,"Deaths per 100,000 resident population, crude",2,Sex and age,3,Female: 25-34 years,3.23,2017,19,25-34 years,1.4,10.3,NULL
Drug overdose death rates,Drug overdose deaths involving other synthetic opioids (other than methadone),4,"Deaths per 100,000 resident population, crude",2,Sex and age,3,Female: 35-44 years,3.24,1999,1,35-44 years,1.5,0.5,NULL
Drug overdose death rates,Drug overdose deaths involving other synthetic opioids (other than methadone),4,"Deaths per 100,000 resident population, crude",2,Sex and age,3,Female: 35-44 years,3.24,2000,2,35-44 years,1.5,0.6,NULL
Drug overdose death rates,Drug overdose deaths involving other synthetic opioids (other than methadone),4,"Deaths per 100,000 resident population, crude",2,Sex and age,3,Female: 35-44 years,3.24,2001,3,35-44 years,1.5,0.7,NULL
Drug overdose death rates,Drug overdose deaths involving other synthetic opioids (other than methadone),4,"Deaths per 100,000 resident population, crude",2,Sex and age,3,Female: 35-44 years,3.24,2002,4,35-44 years,1.5,0.9,NULL
Drug overdose death rates,Drug overdose deaths involving other synthetic opioids (other than methadone),4,"Deaths per 100,000 resident population, crude",2,Sex and age,3,Female: 35-44 years,3.24,2003,5,35-44 years,1.5,1.0,NULL
Drug overdose death rates,Drug overdose deaths involving other synthetic opioids (other than methadone),4,"Deaths per 100,000 resident population, crude",2,Sex and age,3,Female: 35-44 years,3.24,2004,6,35-44 years,1.5,1.1,NULL
Drug overdose death rates,Drug overdose deaths involving other synthetic opioids (other than methadone),4,"Deaths per 100,000 resident population, crude",2,Sex and age,3,Female: 35-44 years,3.24,2005,7,35-44 years,1.5,1.1,NULL
Drug overdose death rates,Drug overdose deaths involving other synthetic opioids (other than methadone),4,"Deaths per 100,000 resident population, crude",2,Sex and age,3,Female: 35-44 years,3.24,2006,8,35-44 years,1.5,1.3,NULL
Drug overdose death rates,Drug overdose deaths involving other synthetic opioids (other than methadone),4,"Deaths per 100,000 resident population, crude",2,Sex and age,3,Female: 35-44 years,3.24,2007,9,35-44 years,1.5,1.2,NULL
Drug overdose death rates,Drug overdose deaths involving other synthetic opioids (other than methadone),4,"Deaths per 100,000 resident population, crude",2,Sex and age,3,Female: 35-44 years,3.24,2008,10,35-44 years,1.5,1.3,NULL
Drug overdose death rates,Drug overdose deaths involving other synthetic opioids (other than methadone),4,"Deaths per 100,000 resident population, crude",2,Sex and age,3,Female: 35-44 years,3.24,2009,11,35-44 years,1.5,1.5,NULL
Drug overdose death rates,Drug overdose deaths involving other synthetic opioids (other than methadone),4,"Deaths per 100,000 resident population, crude",2,Sex and age,3,Female: 35-44 years,3.24,2010,12,35-44 years,1.5,1.5,NULL
Drug overdose death rates,Drug overdose deaths involving other synthetic opioids (other than methadone),4,"Deaths per 100,000 resident population, crude",2,Sex and age,3,Female: 35-44 years,3.24,2011,13,35-44 years,1.5,1.4,NULL
Drug overdose death rates,Drug overdose deaths involving other synthetic opioids (other than methadone),4,"Deaths per 100,000 resident population, crude",2,Sex and age,3,Female: 35-44 years,3.24,2012,14,35-44 years,1.5,1.1,NULL
Drug overdose death rates,Drug overdose deaths involving other synthetic opioids (other than methadone),4,"Deaths per 100,000 resident population, crude",2,Sex and age,3,Female: 35-44 years,3.24,2013,15,35-44 years,1.5,1.4,NULL
Drug overdose death rates,Drug overdose deaths involving other synthetic opioids (other than methadone),4,"Deaths per 100,000 resident population, crude",2,Sex and age,3,Female: 35-44 years,3.24,2014,16,35-44 years,1.5,2.3,NULL
Drug overdose death rates,Drug overdose deaths involving other synthetic opioids (other than methadone),4,"Deaths per 100,000 resident population, crude",2,Sex and age,3,Female: 35-44 years,3.24,2015,17,35-44 years,1.5,3.4,NULL
Drug overdose death rates,Drug overdose deaths involving other synthetic opioids (other than methadone),4,"Deaths per 100,000 resident population, crude",2,Sex and age,3,Female: 35-44 years,3.24,2016,18,35-44 years,1.5,6.5,NULL
Drug overdose death rates,Drug overdose deaths involving other synthetic opioids (other than methadone),4,"Deaths per 100,000 resident population, crude",2,Sex and age,3,Female: 35-44 years,3.24,2017,19,35-44 years,1.5,9.3,NULL
Drug overdose death rates,Drug overdose deaths involving other synthetic opioids (other than methadone),4,"Deaths per 100,000 resident population, crude",2,Sex and age,3,Female: 45-54 years,3.25,1999,1,45-54 years,1.6,0.5,NULL
Drug overdose death rates,Drug overdose deaths involving other synthetic opioids (other than methadone),4,"Deaths per 100,000 resident population, crude",2,Sex and age,3,Female: 45-54 years,3.25,2000,2,45-54 years,1.6,0.6,NULL
Drug overdose death rates,Drug overdose deaths involving other synthetic opioids (other than methadone),4,"Deaths per 100,000 resident population, crude",2,Sex and age,3,Female: 45-54 years,3.25,2001,3,45-54 years,1.6,0.7,NULL
Drug overdose death rates,Drug overdose deaths involving other synthetic opioids (other than methadone),4,"Deaths per 100,000 resident population, crude",2,Sex and age,3,Female: 45-54 years,3.25,2002,4,45-54 years,1.6,0.9,NULL
Drug overdose death rates,Drug overdose deaths involving other synthetic opioids (other than methadone),4,"Deaths per 100,000 resident population, crude",2,Sex and age,3,Female: 45-54 years,3.25,2003,5,45-54 years,1.6,1.0,NULL
Drug overdose death rates,Drug overdose deaths involving other synthetic opioids (other than methadone),4,"Deaths per 100,000 resident population, crude",2,Sex and age,3,Female: 45-54 years,3.25,2004,6,45-54 years,1.6,1.4,NULL
Drug overdose death rates,Drug overdose deaths involving other synthetic opioids (other than methadone),4,"Deaths per 100,000 resident population, crude",2,Sex and age,3,Female: 45-54 years,3.25,2005,7,45-54 years,1.6,1.3,NULL
Drug overdose death rates,Drug overdose deaths involving other synthetic opioids (other than methadone),4,"Deaths per 100,000 resident population, crude",2,Sex and age,3,Female: 45-54 years,3.25,2006,8,45-54 years,1.6,1.7,NULL
Drug overdose death rates,Drug overdose deaths involving other synthetic opioids (other than methadone),4,"Deaths per 100,000 resident population, crude",2,Sex and age,3,Female: 45-54 years,3.25,2007,9,45-54 years,1.6,1.8,NULL
Drug overdose death rates,Drug overdose deaths involving other synthetic opioids (other than methadone),4,"Deaths per 100,000 resident population, crude",2,Sex and age,3,Female: 45-54 years,3.25,2008,10,45-54 years,1.6,1.7,NULL
Drug overdose death rates,Drug overdose deaths involving other synthetic opioids (other than methadone),4,"Deaths per 100,000 resident population, crude",2,Sex and age,3,Female: 45-54 years,3.25,2009,11,45-54 years,1.6,2.3,NULL
Drug overdose death rates,Drug overdose deaths involving other synthetic opioids (other than methadone),4,"Deaths per 100,000 resident population, crude",2,Sex and age,3,Female: 45-54 years,3.25,2010,12,45-54 years,1.6,2.2,NULL
Drug overdose death rates,Drug overdose deaths involving other synthetic opioids (other than methadone),4,"Deaths per 100,000 resident population, crude",2,Sex and age,3,Female: 45-54 years,3.25,2011,13,45-54 years,1.6,1.9,NULL
Drug overdose death rates,Drug overdose deaths involving other synthetic opioids (other than methadone),4,"Deaths per 100,000 resident population, crude",2,Sex and age,3,Female: 45-54 years,3.25,2012,14,45-54 years,1.6,1.9,NULL
Drug overdose death rates,Drug overdose deaths involving other synthetic opioids (other than methadone),4,"Deaths per 100,000 resident population, crude",2,Sex and age,3,Female: 45-54 years,3.25,2013,15,45-54 years,1.6,2.2,NULL
Drug overdose death rates,Drug overdose deaths involving other synthetic opioids (other than methadone),4,"Deaths per 100,000 resident population, crude",2,Sex and age,3,Female: 45-54 years,3.25,2014,16,45-54 years,1.6,2.6,NULL
Drug overdose death rates,Drug overdose deaths involving other synthetic opioids (other than methadone),4,"Deaths per 100,000 resident population, crude",2,Sex and age,3,Female: 45-54 years,3.25,2015,17,45-54 years,1.6,3.4,NULL
Drug overdose death rates,Drug overdose deaths involving other synthetic opioids (other than methadone),4,"Deaths per 100,000 resident population, crude",2,Sex and age,3,Female: 45-54 years,3.25,2016,18,45-54 years,1.6,5.8,NULL
Drug overdose death rates,Drug overdose deaths involving other synthetic opioids (other than methadone),4,"Deaths per 100,000 resident population, crude",2,Sex and age,3,Female: 45-54 years,3.25,2017,19,45-54 years,1.6,7.8,NULL
Drug overdose death rates,Drug overdose deaths involving other synthetic opioids (other than methadone),4,"Deaths per 100,000 resident population, crude",2,Sex and age,3,Female: 55-64 years,3.26,1999,1,55-64 years,1.7,0.3,NULL
Drug overdose death rates,Drug overdose deaths involving other synthetic opioids (other than methadone),4,"Deaths per 100,000 resident population, crude",2,Sex and age,3,Female: 55-64 years,3.26,2000,2,55-64 years,1.7,0.4,NULL
Drug overdose death rates,Drug overdose deaths involving other synthetic opioids (other than methadone),4,"Deaths per 100,000 resident population, crude",2,Sex and age,3,Female: 55-64 years,3.26,2001,3,55-64 years,1.7,0.4,NULL
Drug overdose death rates,Drug overdose deaths involving other synthetic opioids (other than methadone),4,"Deaths per 100,000 resident population, crude",2,Sex and age,3,Female: 55-64 years,3.26,2002,4,55-64 years,1.7,0.5,NULL
Drug overdose death rates,Drug overdose deaths involving other synthetic opioids (other than methadone),4,"Deaths per 100,000 resident population, crude",2,Sex and age,3,Female: 55-64 years,3.26,2003,5,55-64 years,1.7,0.4,NULL
Drug overdose death rates,Drug overdose deaths involving other synthetic opioids (other than methadone),4,"Deaths per 100,000 resident population, crude",2,Sex and age,3,Female: 55-64 years,3.26,2004,6,55-64 years,1.7,0.6,NULL
Drug overdose death rates,Drug overdose deaths involving other synthetic opioids (other than methadone),4,"Deaths per 100,000 resident population, crude",2,Sex and age,3,Female: 55-64 years,3.26,2005,7,55-64 years,1.7,0.6,NULL
Drug overdose death rates,Drug overdose deaths involving other synthetic opioids (other than methadone),4,"Deaths per 100,000 resident population, crude",2,Sex and age,3,Female: 55-64 years,3.26,2006,8,55-64 years,1.7,0.8,NULL
Drug overdose death rates,Drug overdose deaths involving other synthetic opioids (other than methadone),4,"Deaths per 100,000 resident population, crude",2,Sex and age,3,Female: 55-64 years,3.26,2007,9,55-64 years,1.7,0.9,NULL
Drug overdose death rates,Drug overdose deaths involving other synthetic opioids (other than methadone),4,"Deaths per 100,000 resident population, crude",2,Sex and age,3,Female: 55-64 years,3.26,2008,10,55-64 years,1.7,1.0,NULL
Drug overdose death rates,Drug overdose deaths involving other synthetic opioids (other than methadone),4,"Deaths per 100,000 resident population, crude",2,Sex and age,3,Female: 55-64 years,3.26,2009,11,55-64 years,1.7,1.4,NULL
Drug overdose death rates,Drug overdose deaths involving other synthetic opioids (other than methadone),4,"Deaths per 100,000 resident population, crude",2,Sex and age,3,Female: 55-64 years,3.26,2010,12,55-64 years,1.7,1.3,NULL
Drug overdose death rates,Drug overdose deaths involving other synthetic opioids (other than methadone),4,"Deaths per 100,000 resident population, crude",2,Sex and age,3,Female: 55-64 years,3.26,2011,13,55-64 years,1.7,1.1,NULL
Drug overdose death rates,Drug overdose deaths involving other synthetic opioids (other than methadone),4,"Deaths per 100,000 resident population, crude",2,Sex and age,3,Female: 55-64 years,3.26,2012,14,55-64 years,1.7,1.1,NULL
Drug overdose death rates,Drug overdose deaths involving other synthetic opioids (other than methadone),4,"Deaths per 100,000 resident population, crude",2,Sex and age,3,Female: 55-64 years,3.26,2013,15,55-64 years,1.7,1.5,NULL
Drug overdose death rates,Drug overdose deaths involving other synthetic opioids (other than methadone),4,"Deaths per 100,000 resident population, crude",2,Sex and age,3,Female: 55-64 years,3.26,2014,16,55-64 years,1.7,1.7,NULL
Drug overdose death rates,Drug overdose deaths involving other synthetic opioids (other than methadone),4,"Deaths per 100,000 resident population, crude",2,Sex and age,3,Female: 55-64 years,3.26,2015,17,55-64 years,1.7,2.1,NULL
Drug overdose death rates,Drug overdose deaths involving other synthetic opioids (other than methadone),4,"Deaths per 100,000 resident population, crude",2,Sex and age,3,Female: 55-64 years,3.26,2016,18,55-64 years,1.7,3.5,NULL
Drug overdose death rates,Drug overdose deaths involving other synthetic opioids (other than methadone),4,"Deaths per 100,000 resident population, crude",2,Sex and age,3,Female: 55-64 years,3.26,2017,19,55-64 years,1.7,4.8,NULL
Drug overdose death rates,Drug overdose deaths involving other synthetic opioids (other than methadone),4,"Deaths per 100,000 resident population, crude",2,Sex and age,3,Female: 65-74 years,3.27,1999,1,65-74 years,1.8,NULL,*
Drug overdose death rates,Drug overdose deaths involving other synthetic opioids (other than methadone),4,"Deaths per 100,000 resident population, crude",2,Sex and age,3,Female: 65-74 years,3.27,2000,2,65-74 years,1.8,NULL,*
Drug overdose death rates,Drug overdose deaths involving other synthetic opioids (other than methadone),4,"Deaths per 100,000 resident population, crude",2,Sex and age,3,Female: 65-74 years,3.27,2001,3,65-74 years,1.8,NULL,*
Drug overdose death rates,Drug overdose deaths involving other synthetic opioids (other than methadone),4,"Deaths per 100,000 resident population, crude",2,Sex and age,3,Female: 65-74 years,3.27,2002,4,65-74 years,1.8,0.3,NULL
Drug overdose death rates,Drug overdose deaths involving other synthetic opioids (other than methadone),4,"Deaths per 100,000 resident population, crude",2,Sex and age,3,Female: 65-74 years,3.27,2003,5,65-74 years,1.8,0.2,NULL
Drug overdose death rates,Drug overdose deaths involving other synthetic opioids (other than methadone),4,"Deaths per 100,000 resident population, crude",2,Sex and age,3,Female: 65-74 years,3.27,2004,6,65-74 years,1.8,0.3,NULL
Drug overdose death rates,Drug overdose deaths involving other synthetic opioids (other than methadone),4,"Deaths per 100,000 resident population, crude",2,Sex and age,3,Female: 65-74 years,3.27,2005,7,65-74 years,1.8,0.3,NULL
Drug overdose death rates,Drug overdose deaths involving other synthetic opioids (other than methadone),4,"Deaths per 100,000 resident population, crude",2,Sex and age,3,Female: 65-74 years,3.27,2006,8,65-74 years,1.8,0.2,NULL
Drug overdose death rates,Drug overdose deaths involving other synthetic opioids (other than methadone),4,"Deaths per 100,000 resident population, crude",2,Sex and age,3,Female: 65-74 years,3.27,2007,9,65-74 years,1.8,0.4,NULL
Drug overdose death rates,Drug overdose deaths involving other synthetic opioids (other than methadone),4,"Deaths per 100,000 resident population, crude",2,Sex and age,3,Female: 65-74 years,3.27,2008,10,65-74 years,1.8,0.4,NULL
Drug overdose death rates,Drug overdose deaths involving other synthetic opioids (other than methadone),4,"Deaths per 100,000 resident population, crude",2,Sex and age,3,Female: 65-74 years,3.27,2009,11,65-74 years,1.8,0.7,NULL
Drug overdose death rates,Drug overdose deaths involving other synthetic opioids (other than methadone),4,"Deaths per 100,000 resident population, crude",2,Sex and age,3,Female: 65-74 years,3.27,2010,12,65-74 years,1.8,0.5,NULL
Drug overdose death rates,Drug overdose deaths involving other synthetic opioids (other than methadone),4,"Deaths per 100,000 resident population, crude",2,Sex and age,3,Female: 65-74 years,3.27,2011,13,65-74 years,1.8,0.3,NULL
Drug overdose death rates,Drug overdose deaths involving other synthetic opioids (other than methadone),4,"Deaths per 100,000 resident population, crude",2,Sex and age,3,Female: 65-74 years,3.27,2012,14,65-74 years,1.8,0.4,NULL
Drug overdose death rates,Drug overdose deaths involving other synthetic opioids (other than methadone),4,"Deaths per 100,000 resident population, crude",2,Sex and age,3,Female: 65-74 years,3.27,2013,15,65-74 years,1.8,0.5,NULL
Drug overdose death rates,Drug overdose deaths involving other synthetic opioids (other than methadone),4,"Deaths per 100,000 resident population, crude",2,Sex and age,3,Female: 65-74 years,3.27,2014,16,65-74 years,1.8,0.6,NULL
Drug overdose death rates,Drug overdose deaths involving other synthetic opioids (other than methadone),4,"Deaths per 100,000 resident population, crude",2,Sex and age,3,Female: 65-74 years,3.27,2015,17,65-74 years,1.8,0.6,NULL
Drug overdose death rates,Drug overdose deaths involving other synthetic opioids (other than methadone),4,"Deaths per 100,000 resident population, crude",2,Sex and age,3,Female: 65-74 years,3.27,2016,18,65-74 years,1.8,0.9,NULL
Drug overdose death rates,Drug overdose deaths involving other synthetic opioids (other than methadone),4,"Deaths per 100,000 resident population, crude",2,Sex and age,3,Female: 65-74 years,3.27,2017,19,65-74 years,1.8,1.2,NULL
Drug overdose death rates,Drug overdose deaths involving other synthetic opioids (other than methadone),4,"Deaths per 100,000 resident population, crude",2,Sex and age,3,Female: 75-84 years,3.28,1999,1,75-84 years,1.9,NULL,*
Drug overdose death rates,Drug overdose deaths involving other synthetic opioids (other than methadone),4,"Deaths per 100,000 resident population, crude",2,Sex and age,3,Female: 75-84 years,3.28,2000,2,75-84 years,1.9,NULL,*
Drug overdose death rates,Drug overdose deaths involving other synthetic opioids (other than methadone),4,"Deaths per 100,000 resident population, crude",2,Sex and age,3,Female: 75-84 years,3.28,2001,3,75-84 years,1.9,NULL,*
Drug overdose death rates,Drug overdose deaths involving other synthetic opioids (other than methadone),4,"Deaths per 100,000 resident population, crude",2,Sex and age,3,Female: 75-84 years,3.28,2002,4,75-84 years,1.9,NULL,*
Drug overdose death rates,Drug overdose deaths involving other synthetic opioids (other than methadone),4,"Deaths per 100,000 resident population, crude",2,Sex and age,3,Female: 75-84 years,3.28,2003,5,75-84 years,1.9,NULL,*
Drug overdose death rates,Drug overdose deaths involving other synthetic opioids (other than methadone),4,"Deaths per 100,000 resident population, crude",2,Sex and age,3,Female: 75-84 years,3.28,2004,6,75-84 years,1.9,NULL,*
Drug overdose death rates,Drug overdose deaths involving other synthetic opioids (other than methadone),4,"Deaths per 100,000 resident population, crude",2,Sex and age,3,Female: 75-84 years,3.28,2005,7,75-84 years,1.9,NULL,*
Drug overdose death rates,Drug overdose deaths involving other synthetic opioids (other than methadone),4,"Deaths per 100,000 resident population, crude",2,Sex and age,3,Female: 75-84 years,3.28,2006,8,75-84 years,1.9,NULL,*
Drug overdose death rates,Drug overdose deaths involving other synthetic opioids (other than methadone),4,"Deaths per 100,000 resident population, crude",2,Sex and age,3,Female: 75-84 years,3.28,2007,9,75-84 years,1.9,NULL,*
Drug overdose death rates,Drug overdose deaths involving other synthetic opioids (other than methadone),4,"Deaths per 100,000 resident population, crude",2,Sex and age,3,Female: 75-84 years,3.28,2008,10,75-84 years,1.9,NULL,*
Drug overdose death rates,Drug overdose deaths involving other synthetic opioids (other than methadone),4,"Deaths per 100,000 resident population, crude",2,Sex and age,3,Female: 75-84 years,3.28,2009,11,75-84 years,1.9,0.3,NULL
Drug overdose death rates,Drug overdose deaths involving other synthetic opioids (other than methadone),4,"Deaths per 100,000 resident population, crude",2,Sex and age,3,Female: 75-84 years,3.28,2010,12,75-84 years,1.9,NULL,*
Drug overdose death rates,Drug overdose deaths involving other synthetic opioids (other than methadone),4,"Deaths per 100,000 resident population, crude",2,Sex and age,3,Female: 75-84 years,3.28,2011,13,75-84 years,1.9,NULL,*
Drug overdose death rates,Drug overdose deaths involving other synthetic opioids (other than methadone),4,"Deaths per 100,000 resident population, crude",2,Sex and age,3,Female: 75-84 years,3.28,2012,14,75-84 years,1.9,0.3,NULL
Drug overdose death rates,Drug overdose deaths involving other synthetic opioids (other than methadone),4,"Deaths per 100,000 resident population, crude",2,Sex and age,3,Female: 75-84 years,3.28,2013,15,75-84 years,1.9,NULL,*
Drug overdose death rates,Drug overdose deaths involving other synthetic opioids (other than methadone),4,"Deaths per 100,000 resident population, crude",2,Sex and age,3,Female: 75-84 years,3.28,2014,16,75-84 years,1.9,NULL,*
Drug overdose death rates,Drug overdose deaths involving other synthetic opioids (other than methadone),4,"Deaths per 100,000 resident population, crude",2,Sex and age,3,Female: 75-84 years,3.28,2015,17,75-84 years,1.9,NULL,*
Drug overdose death rates,Drug overdose deaths involving other synthetic opioids (other than methadone),4,"Deaths per 100,000 resident population, crude",2,Sex and age,3,Female: 75-84 years,3.28,2016,18,75-84 years,1.9,NULL,*
Drug overdose death rates,Drug overdose deaths involving other synthetic opioids (other than methadone),4,"Deaths per 100,000 resident population, crude",2,Sex and age,3,Female: 75-84 years,3.28,2017,19,75-84 years,1.9,0.3,NULL
Drug overdose death rates,Drug overdose deaths involving other synthetic opioids (other than methadone),4,"Deaths per 100,000 resident population, crude",2,Sex and age,3,Female: 85 years and over,3.29,1999,1,85 years and over,1.91,NULL,*
Drug overdose death rates,Drug overdose deaths involving other synthetic opioids (other than methadone),4,"Deaths per 100,000 resident population, crude",2,Sex and age,3,Female: 85 years and over,3.29,2000,2,85 years and over,1.91,NULL,*
Drug overdose death rates,Drug overdose deaths involving other synthetic opioids (other than methadone),4,"Deaths per 100,000 resident population, crude",2,Sex and age,3,Female: 85 years and over,3.29,2001,3,85 years and over,1.91,NULL,*
Drug overdose death rates,Drug overdose deaths involving other synthetic opioids (other than methadone),4,"Deaths per 100,000 resident population, crude",2,Sex and age,3,Female: 85 years and over,3.29,2002,4,85 years and over,1.91,NULL,*
Drug overdose death rates,Drug overdose deaths involving other synthetic opioids (other than methadone),4,"Deaths per 100,000 resident population, crude",2,Sex and age,3,Female: 85 years and over,3.29,2003,5,85 years and over,1.91,NULL,*
Drug overdose death rates,Drug overdose deaths involving other synthetic opioids (other than methadone),4,"Deaths per 100,000 resident population, crude",2,Sex and age,3,Female: 85 years and over,3.29,2004,6,85 years and over,1.91,NULL,*
Drug overdose death rates,Drug overdose deaths involving other synthetic opioids (other than methadone),4,"Deaths per 100,000 resident population, crude",2,Sex and age,3,Female: 85 years and over,3.29,2005,7,85 years and over,1.91,NULL,*
Drug overdose death rates,Drug overdose deaths involving other synthetic opioids (other than methadone),4,"Deaths per 100,000 resident population, crude",2,Sex and age,3,Female: 85 years and over,3.29,2006,8,85 years and over,1.91,NULL,*
Drug overdose death rates,Drug overdose deaths involving other synthetic opioids (other than methadone),4,"Deaths per 100,000 resident population, crude",2,Sex and age,3,Female: 85 years and over,3.29,2007,9,85 years and over,1.91,NULL,*
Drug overdose death rates,Drug overdose deaths involving other synthetic opioids (other than methadone),4,"Deaths per 100,000 resident population, crude",2,Sex and age,3,Female: 85 years and over,3.29,2008,10,85 years and over,1.91,NULL,*
Drug overdose death rates,Drug overdose deaths involving other synthetic opioids (other than methadone),4,"Deaths per 100,000 resident population, crude",2,Sex and age,3,Female: 85 years and over,3.29,2009,11,85 years and over,1.91,NULL,*
Drug overdose death rates,Drug overdose deaths involving other synthetic opioids (other than methadone),4,"Deaths per 100,000 resident population, crude",2,Sex and age,3,Female: 85 years and over,3.29,2010,12,85 years and over,1.91,NULL,*
Drug overdose death rates,Drug overdose deaths involving other synthetic opioids (other than methadone),4,"Deaths per 100,000 resident population, crude",2,Sex and age,3,Female: 85 years and over,3.29,2011,13,85 years and over,1.91,NULL,*
Drug overdose death rates,Drug overdose deaths involving other synthetic opioids (other than methadone),4,"Deaths per 100,000 resident population, crude",2,Sex and age,3,Female: 85 years and over,3.29,2012,14,85 years and over,1.91,NULL,*
Drug overdose death rates,Drug overdose deaths involving other synthetic opioids (other than methadone),4,"Deaths per 100,000 resident population, crude",2,Sex and age,3,Female: 85 years and over,3.29,2013,15,85 years and over,1.91,NULL,*
Drug overdose death rates,Drug overdose deaths involving other synthetic opioids (other than methadone),4,"Deaths per 100,000 resident population, crude",2,Sex and age,3,Female: 85 years and over,3.29,2014,16,85 years and over,1.91,NULL,*
Drug overdose death rates,Drug overdose deaths involving other synthetic opioids (other than methadone),4,"Deaths per 100,000 resident population, crude",2,Sex and age,3,Female: 85 years and over,3.29,2015,17,85 years and over,1.91,NULL,*
Drug overdose death rates,Drug overdose deaths involving other synthetic opioids (other than methadone),4,"Deaths per 100,000 resident population, crude",2,Sex and age,3,Female: 85 years and over,3.29,2016,18,85 years and over,1.91,NULL,*
Drug overdose death rates,Drug overdose deaths involving other synthetic opioids (other than methadone),4,"Deaths per 100,000 resident population, crude",2,Sex and age,3,Female: 85 years and over,3.29,2017,19,85 years and over,1.91,NULL,*
Drug overdose death rates,Drug overdose deaths involving heroin,5,"Deaths per 100,000 resident population, age-adjusted",1,Total,t0,All persons,0.1,1999,1,All ages,.1,0.7,NULL
Drug overdose death rates,Drug overdose deaths involving heroin,5,"Deaths per 100,000 resident population, age-adjusted",1,Total,0,All persons,0.1,2000,2,All ages,11.,0.7,NULL
Drug overdose death rates,Drug overdose deaths involving heroin,5,"Deaths per 100,000 resident population, age-adjusted",1,Total,0,All persons,0.1,2001,3,All ages,1.1,0.6,NULL
Drug overdose death rates,Drug overdose deaths involving heroin,5,"Deaths per 100,000 resident population, age-adjusted",1,Total,0,All persons,0.1,2002,4,All ages,1.1,0.7,NULL
Drug overdose death rates,Drug overdose deaths involving heroin,5,"Deaths per 100,000 resident population, age-adjusted",1,Total,0,All persons,0.1,2003,5,All ages,.11,0.7,NULL
Drug overdose death rates,Drug overdose deaths involving heroin,5,"Deaths per 100,000 resident population, age-adjusted",1,Total,0,All persons,0.1,2004,6,All ages,1.1,0.6,NULL
Drug overdose death rates,Drug overdose deaths involving heroin,5,"Deaths per 100,000 resident population, age-adjusted",1,Total,,All persons,0.1,2005,7,All ages,11,0.7,NULL
Drug overdose death rates,Drug overdose deaths involving heroin,5,"Deaths per 100,000 resident population, age-adjusted",1,Total,0,All persons,0.1,2006,8,All ages,1d.1,0.7,NULL
Drug overdose death rates,Drug overdose deaths involving heroin,5,"Deaths per 100,000 resident population, age-adjusted",1,Total,0,All persons,0.1,2007,9,All ages,1.1,0.8,NULL
Drug overdose death rates,Drug overdose deaths involving heroin,5,"Deaths per 100,000 resident population, age-adjusted",1,Total,0,All persons,0.1,2008,10,All ages,1.f1,1.0,NULL
Drug overdose death rates,Drug overdose deaths involving heroin,5,"Deaths per 100,000 resident population, age-adjusted",1,Total,0,All persons,0.1,2009,11,All ages,11.,1.1,NULL
Drug overdose death rates,Drug overdose deaths involving heroin,5,"Deaths per 100,000 resident population, age-adjusted",1,Total,0,All persons,0.1,2010,12,All ages,a1.1,1.0,NULL
Drug overdose death rates,Drug overdose deaths involving heroin,5,"Deaths per 100,000 resident population, age-adjusted",1,Total,0,All persons,0.1,2011,13,All ages,1.1,1.4,NULL
Drug overdose death rates,Drug overdose deaths involving heroin,5,"Deaths per 100,000 resident population, age-adjusted",1,Total,0,All persons,0.1,2012,14,All ages,1.1,1.9,NULL
Drug overdose death rates,Drug overdose deaths involving heroin,5,"Deaths per 100,000 resident population, age-adjusted",1,Sex,2,Male,2.1,2000,2,All ages,1.1,1.1,NULL
Drug overdose death rates,Drug overdose deaths involving heroin,5,"Deaths per 100,000 resident population, age-adjusted",1,Sex,2,Male,2.1,2001,3,All ages,1.1,1.0,NULL
Drug overdose death rates,Drug overdose deaths involving heroin,5,"Deaths per 100,000 resident population, age-adjusted",1,Sex,2,Male,2.1,2002,4,All ages,1.1,1.2,NULL
Drug overdose death rates,Drug overdose deaths involving heroin,5,"Deaths per 100,000 resident population, age-adjusted",1,Sex,2,Male,2.1,2003,5,All ages,1.1,1.2,NULL
Drug overdose death rates,Drug overdose deaths involving heroin,5,"Deaths per 100,000 resident population, age-adjusted",1,Sex,2,Male,2.1,2004,6,All ages,1.1,1.1,NULL
Drug overdose death rates,Drug overdose deaths involving heroin,5,"Deaths per 100,000 resident population, age-adjusted",1,Sex,2,Male,2.1,2005,7,All ages,1.1,1.1,NULL
Drug overdose death rates,Drug overdose deaths involving heroin,5,"Deaths per 100,000 resident population, age-adjusted",1,Sex,2,Male,2.1,2006,8,All ages,1.1,1.2,NULL
Drug overdose death rates,Drug overdose deaths involving heroin,5,"Deaths per 100,000 resident population, age-adjusted",1,Sex,2,Male,2.1,2007,9,All ages,1.1,1.3,NULL
Drug overdose death rates,Drug overdose deaths involving heroin,5,"Deaths per 100,000 resident population, age-adjusted",1,Sex,2,Male,2.1,2008,10,All ages,1.1,1.6,NULL
Drug overdose death rates,Drug overdose deaths involving heroin,5,"Deaths per 100,000 resident population, age-adjusted",1,Sex,2,Male,2.1,2009,11,All ages,1.1,1.8,NULL
Drug overdose death rates,Drug overdose deaths involving heroin,5,"Deaths per 100,000 resident population, age-adjusted",1,Sex,2,Male,2.1,2010,12,All ages,1.1,1.6,NULL
Drug overdose death rates,Drug overdose deaths involving heroin,5,"Deaths per 100,000 resident population, age-adjusted",1,Sex,2,Male,2.1,2011,13,All ages,1.1,2.3,NULL
Drug overdose death rates,Drug overdose deaths involving heroin,5,"Deaths per 100,000 resident population, age-adjusted",1,Sex,2,Male,2.1,2012,14,All ages,1.1,3.1,NULL
Drug overdose death rates,Drug overdose deaths involving heroin,5,"Deaths per 100,000 resident population, age-adjusted",1,Sex,2,Male,2.1,2013,15,All ages,1.1,4.2,NULL
Drug overdose death rates,Drug overdose deaths involving heroin,5,"Deaths per 100,000 resident population, age-adjusted",1,Sex,2,Male,2.1,2014,16,All ages,1.1,5.2,NULL
Drug overdose death rates,Drug overdose deaths involving heroin,5,"Deaths per 100,000 resident population, age-adjusted",1,Sex,2,Male,2.1,2015,17,All ages,1.1,6.3,NULL
Drug overdose death rates,Drug overdose deaths involving heroin,5,"Deaths per 100,000 resident population, age-adjusted",1,Sex,2,Male,2.1,2016,18,All ages,1.1,7.5,NULL
Drug overdose death rates,Drug overdose deaths involving heroin,5,"Deaths per 100,000 resident population, age-adjusted",1,Sex,2,Male,2.1,2017,19,All ages,1.1,7.3,NULL
Drug overdose death rates,Drug overdose deaths involving heroin,5,"Deaths per 100,000 resident population, age-adjusted",1,Sex,2,Female,2.2,1999,1,All ages,1.1,0.2,NULL
Drug overdose death rates,Drug overdose deaths involving heroin,5,"Deaths per 100,000 resident population, age-adjusted",1,Sex,2,Female,2.2,2000,2,All ages,1.1,0.2,NULL
Drug overdose death rates,Drug overdose deaths involving heroin,5,"Deaths per 100,000 resident population, age-adjusted",1,Sex,2,Female,2.2,2001,3,All ages,1.1,0.2,NULL
Drug overdose death rates,Drug overdose deaths involving heroin,5,"Deaths per 100,000 resident population, age-adjusted",1,Sex,2,Female,2.2,2002,4,All ages,1.1,0.2,NULL
Drug overdose death rates,Drug overdose deaths involving heroin,5,"Deaths per 100,000 resident population, age-adjusted",1,Sex,2,Female,2.2,2003,5,All ages,1.1,0.2,NULL
Drug overdose death rates,Drug overdose deaths involving heroin,5,"Deaths per 100,000 resident population, age-adjusted",1,Sex,2,Female,2.2,2004,6,All ages,1.1,0.2,NULL
Drug overdose death rates,Drug overdose deaths involving heroin,5,"Deaths per 100,000 resident population, age-adjusted",1,Sex,2,Female,2.2,2005,7,All ages,1.1,0.3,NULL
Drug overdose death rates,Drug overdose deaths involving heroin,5,"Deaths per 100,000 resident population, age-adjusted",1,Sex,2,Female,2.2,2006,8,All ages,1.1,0.2,NULL
Drug overdose death rates,Drug overdose deaths involving heroin,5,"Deaths per 100,000 resident population, age-adjusted",1,Sex,2,Female,2.2,2007,9,All ages,1.1,0.3,NULL
Drug overdose death rates,Drug overdose deaths involving heroin,5,"Deaths per 100,000 resident population, age-adjusted",1,Sex,2,Female,2.2,2008,10,All ages,1.1,0.4,NULL
Drug overdose death rates,Drug overdose deaths involving heroin,5,"Deaths per 100,000 resident population, age-adjusted",1,Sex,2,Female,2.2,2009,11,All ages,1.1,0.4,NULL
Drug overdose death rates,Drug overdose deaths involving heroin,5,"Deaths per 100,000 resident population, age-adjusted",1,Sex,2,Female,2.2,2010,12,All ages,1.1,0.4,NULL
Drug overdose death rates,Drug overdose deaths involving heroin,5,"Deaths per 100,000 resident population, age-adjusted",1,Sex,2,Female,2.2,2011,13,All ages,1.1,0.6,NULL
Drug overdose death rates,Drug overdose deaths involving heroin,5,"Deaths per 100,000 resident population, age-adjusted",1,Sex,2,Female,2.2,2012,14,All ages,1.1,0.8,NULL
Drug overdose death rates,Drug overdose deaths involving heroin,5,"Deaths per 100,000 resident population, age-adjusted",1,Sex,2,Female,2.2,2013,15,All ages,1.1,1.2,NULL
Drug overdose death rates,Drug overdose deaths involving heroin,5,"Deaths per 100,000 resident population, age-adjusted",1,Sex,2,Female,2.2,2014,16,All ages,1.1,1.6,NULL
Drug overdose death rates,Drug overdose deaths involving heroin,5,"Deaths per 100,000 resident population, age-adjusted",1,Sex,2,Female,2.2,2015,17,All ages,1.1,2.0,NULL
Drug overdose death rates,Drug overdose deaths involving heroin,5,"Deaths per 100,000 resident population, age-adjusted",1,Sex,2,Female,2.2,2016,18,All ages,1.1,2.4,NULL
Drug overdose death rates,Drug overdose deaths involving heroin,5,"Deaths per 100,000 resident population, age-adjusted",1,Sex,2,Female,2.2,2017,19,All ages,1.1,2.5,NULL
Drug overdose death rates,Drug overdose deaths involving heroin,5,"Deaths per 100,000 resident population, age-adjusted",1,Sex and race,4,Male: White,4.1,1999,1,All ages,1.1,1.2,NULL
Drug overdose death rates,Drug overdose deaths involving heroin,5,"Deaths per 100,000 resident population, age-adjusted",1,Sex and race,4,Male: White,4.1,2000,2,All ages,1.1,1.1,NULL
Drug overdose death rates,Drug overdose deaths involving heroin,5,"Deaths per 100,000 resident population, age-adjusted",1,Sex and race,4,Male: White,4.1,2001,3,All ages,1.1,1.1,NULL
Drug overdose death rates,Drug overdose deaths involving heroin,5,"Deaths per 100,000 resident population, age-adjusted",1,Sex and race,4,Male: White,4.1,2002,4,All ages,1.1,1.2,NULL
Drug overdose death rates,Drug overdose deaths involving heroin,5,"Deaths per 100,000 resident population, age-adjusted",1,Sex and race,4,Male: White,4.1,2003,5,All ages,1.1,1.3,NULL
Drug overdose death rates,Drug overdose deaths involving heroin,5,"Deaths per 100,000 resident population, age-adjusted",1,Sex and race,4,Male: White,4.1,2004,6,All ages,1.1,1.1,NULL
Drug overdose death rates,Drug overdose deaths involving heroin,5,"Deaths per 100,000 resident population, age-adjusted",1,Sex and race,4,Male: White,4.1,2005,7,All ages,1.1,1.1,NULL
Drug overdose death rates,Drug overdose deaths involving heroin,5,"Deaths per 100,000 resident population, age-adjusted",1,Sex and race,4,Male: White,4.1,2006,8,All ages,1.1,1.2,NULL
Drug overdose death rates,Drug overdose deaths involving heroin,5,"Deaths per 100,000 resident population, age-adjusted",1,Sex and race,4,Male: White,4.1,2007,9,All ages,1.1,1.5,NULL
Drug overdose death rates,Drug overdose deaths involving heroin,5,"Deaths per 100,000 resident population, age-adjusted",1,Sex and race,4,Male: White,4.1,2008,10,All ages,1.1,1.9,NULL
Drug overdose death rates,Drug overdose deaths involving heroin,5,"Deaths per 100,000 resident population, age-adjusted",1,Sex and race,4,Male: White,4.1,2009,11,All ages,1.1,2.0,NULL
Drug overdose death rates,Drug overdose deaths involving heroin,5,"Deaths per 100,000 resident population, age-adjusted",1,Sex and race,4,Male: White,4.1,2010,12,All ages,1.1,1.8,NULL
Drug overdose death rates,Drug overdose deaths involving heroin,5,"Deaths per 100,000 resident population, age-adjusted",1,Sex and race,4,Male: White,4.1,2011,13,All ages,1.1,2.6,NULL
Drug overdose death rates,Drug overdose deaths involving heroin,5,"Deaths per 100,000 resident population, age-adjusted",1,Sex and race,4,Male: White,4.1,2012,14,All ages,1.1,3.5,NULL
Drug overdose death rates,Drug overdose deaths involving heroin,5,"Deaths per 100,000 resident population, age-adjusted",1,Sex and race,4,Male: White,4.1,2013,15,All ages,1.1,4.7,NULL
Drug overdose death rates,Drug overdose deaths involving heroin,5,"Deaths per 100,000 resident population, age-adjusted",1,Sex and race,4,Male: White,4.1,2014,16,All ages,1.1,6.0,NULL
Drug overdose death rates,Drug overdose deaths involving heroin,5,"Deaths per 100,000 resident population, age-adjusted",1,Sex and race,4,Male: White,4.1,2015,17,All ages,1.1,7.2,NULL
Drug overdose death rates,Drug overdose deaths involving heroin,5,"Deaths per 100,000 resident population, age-adjusted",1,Sex and race,4,Male: White,4.1,2016,18,All ages,1.1,8.3,NULL
Drug overdose death rates,Drug overdose deaths involving heroin,5,"Deaths per 100,000 resident population, age-adjusted",1,Sex and race,4,Male: White,4.1,2017,19,All ages,1.1,8.0,NULL
Drug overdose death rates,Drug overdose deaths involving heroin,5,"Deaths per 100,000 resident population, age-adjusted",1,Sex and race,4,Male: White,4.1,2018,20,All ages,1.1,7.8,NULL
Drug overdose death rates,Drug overdose deaths involving heroin,5,"Deaths per 100,000 resident population, age-adjusted",1,Sex and race,4,Male: Black or African American,4.2,1999,1,All ages,1.1,1.4,NULL
Drug overdose death rates,Drug overdose deaths involving heroin,5,"Deaths per 100,000 resident population, age-adjusted",1,Sex and race,4,Male: Black or African American,4.2,2000,2,All ages,1.1,1.6,NULL
Drug overdose death rates,Drug overdose deaths involving heroin,5,"Deaths per 100,000 resident population, age-adjusted",1,Sex and race,4,Male: Black or African American,4.2,2001,3,All ages,1.1,1.3,NULL
Drug overdose death rates,Drug overdose deaths involving heroin,5,"Deaths per 100,000 resident population, age-adjusted",1,Sex and race,4,Male: Black or African American,4.2,2002,4,All ages,1.1,1.6,NULL
Drug overdose death rates,Drug overdose deaths involving heroin,5,"Deaths per 100,000 resident population, age-adjusted",1,Sex and race,4,Male: Black or African American,4.2,2003,5,All ages,1.1,1.3,NULL
Drug overdose death rates,Drug overdose deaths involving heroin,5,"Deaths per 100,000 resident population, age-adjusted",1,Sex and race,4,Male: Black or African American,4.2,2004,6,All ages,1.1,1.1,NULL
Drug overdose death rates,Drug overdose deaths involving heroin,5,"Deaths per 100,000 resident population, age-adjusted",1,Sex and race,4,Male: Black or African American,4.2,2005,7,All ages,1.1,1.3,NULL
Drug overdose death rates,Drug overdose deaths involving heroin,5,"Deaths per 100,000 resident population, age-adjusted",1,Sex and race,4,Male: Black or African American,4.2,2006,8,All ages,1.1,1.2,NULL
Drug overdose death rates,Drug overdose deaths involving heroin,5,"Deaths per 100,000 resident population, age-adjusted",1,Sex and race,4,Male: Black or African American,4.2,2007,9,All ages,1.1,1.3,NULL
Drug overdose death rates,Drug overdose deaths involving heroin,5,"Deaths per 100,000 resident population, age-adjusted",1,Sex and race,4,Male: Black or African American,4.2,2008,10,All ages,1.1,1.3,NULL
Drug overdose death rates,Drug overdose deaths involving heroin,5,"Deaths per 100,000 resident population, age-adjusted",1,Sex and race,4,Male: Black or African American,4.2,2009,11,All ages,1.1,1.5,NULL
Drug overdose death rates,Drug overdose deaths involving heroin,5,"Deaths per 100,000 resident population, age-adjusted",1,Sex and race,4,Male: Black or African American,4.2,2010,12,All ages,1.1,1.2,NULL
Drug overdose death rates,Drug overdose deaths involving heroin,5,"Deaths per 100,000 resident population, age-adjusted",1,Sex and race,4,Male: Black or African American,4.2,2011,13,All ages,1.1,1.6,NULL
Drug overdose death rates,Drug overdose deaths involving heroin,5,"Deaths per 100,000 resident population, age-adjusted",1,Sex and race,4,Male: Black or African American,4.2,2012,14,All ages,1.1,2.1,NULL
Drug overdose death rates,Drug overdose deaths involving heroin,5,"Deaths per 100,000 resident population, age-adjusted",1,Sex and race,4,Male: Black or African American,4.2,2013,15,All ages,1.1,3.4,NULL
Drug overdose death rates,Drug overdose deaths involving heroin,5,"Deaths per 100,000 resident population, age-adjusted",1,Sex and race,4,Male: Black or African American,4.2,2014,16,All ages,1.1,4.1,NULL
Drug overdose death rates,Drug overdose deaths involving heroin,5,"Deaths per 100,000 resident population, age-adjusted",1,Sex and race,4,Male: Black or African American,4.2,2015,17,All ages,1.1,5.0,NULL
Drug overdose death rates,Drug overdose deaths involving heroin,5,"Deaths per 100,000 resident population, age-adjusted",1,Sex and race,4,Male: Black or African American,4.2,2016,18,All ages,1.1,7.1,NULL
Drug overdose death rates,Drug overdose deaths involving heroin,5,"Deaths per 100,000 resident population, age-adjusted",1,Sex and race,4,Male: Black or African American,4.2,2017,19,All ages,1.1,7.8,NULL
Drug overdose death rates,Drug overdose deaths involving heroin,5,"Deaths per 100,000 resident population, age-adjusted",1,Sex and race,4,Male: Black or African American,4.2,2018,20,All ages,1.1,7.6,NULL
Drug overdose death rates,Drug overdose deaths involving heroin,5,"Deaths per 100,000 resident population, age-adjusted",1,Sex and race,4,Male: American Indian or Alaska Native,4.3,1999,1,All ages,1.1,NULL,*
Drug overdose death rates,Drug overdose deaths involving heroin,5,"Deaths per 100,000 resident population, age-adjusted",1,Sex and race,4,Male: American Indian or Alaska Native,4.3,2000,2,All ages,1.1,NULL,*
Drug overdose death rates,Drug overdose deaths involving heroin,5,"Deaths per 100,000 resident population, age-adjusted",1,Sex and race,4,Male: American Indian or Alaska Native,4.3,2001,3,All ages,1.1,NULL,*
Drug overdose death rates,Drug overdose deaths involving heroin,5,"Deaths per 100,000 resident population, age-adjusted",1,Sex and race,4,Male: American Indian or Alaska Native,4.3,2002,4,All ages,1.1,NULL,*
Drug overdose death rates,Drug overdose deaths involving heroin,5,"Deaths per 100,000 resident population, age-adjusted",1,Sex and race,4,Male: American Indian or Alaska Native,4.3,2003,5,All ages,1.1,NULL,*
Drug overdose death rates,Drug overdose deaths involving heroin,5,"Deaths per 100,000 resident population, age-adjusted",1,Sex and race,4,Male: American Indian or Alaska Native,4.3,2004,6,All ages,1.1,NULL,*
Drug overdose death rates,Drug overdose deaths involving heroin,5,"Deaths per 100,000 resident population, age-adjusted",1,Sex and race,4,Male: American Indian or Alaska Native,4.3,2005,7,All ages,1.1,NULL,*
Drug overdose death rates,Drug overdose deaths involving heroin,5,"Deaths per 100,000 resident population, age-adjusted",1,Sex and race,4,Male: American Indian or Alaska Native,4.3,2006,8,All ages,1.1,NULL,*
Drug overdose death rates,Drug overdose deaths involving heroin,5,"Deaths per 100,000 resident population, age-adjusted",1,Sex and race,4,Male: American Indian or Alaska Native,4.3,2007,9,All ages,1.1,NULL,*
Drug overdose death rates,Drug overdose deaths involving heroin,5,"Deaths per 100,000 resident population, age-adjusted",1,Sex and race,4,Male: American Indian or Alaska Native,4.3,2008,10,All ages,1.1,1.1,NULL
Drug overdose death rates,Drug overdose deaths involving heroin,5,"Deaths per 100,000 resident population, age-adjusted",1,Sex and race,4,Male: American Indian or Alaska Native,4.3,2009,11,All ages,1.1,1.7,NULL
Drug overdose death rates,Drug overdose deaths involving heroin,5,"Deaths per 100,000 resident population, age-adjusted",1,Sex and race,4,Male: American Indian or Alaska Native,4.3,2010,12,All ages,1.1,NULL,*
Drug overdose death rates,Drug overdose deaths involving heroin,5,"Deaths per 100,000 resident population, age-adjusted",1,Sex and race,4,Male: American Indian or Alaska Native,4.3,2011,13,All ages,1.1,1.3,NULL
Drug overdose death rates,Drug overdose deaths involving heroin,5,"Deaths per 100,000 resident population, age-adjusted",1,Sex and race,4,Male: American Indian or Alaska Native,4.3,2012,14,All ages,1.1,1.7,NULL
Drug overdose death rates,Drug overdose deaths involving heroin,5,"Deaths per 100,000 resident population, age-adjusted",1,Sex and race,4,Male: American Indian or Alaska Native,4.3,2013,15,All ages,1.1,2.6,NULL
Drug overdose death rates,Drug overdose deaths involving heroin,5,"Deaths per 100,000 resident population, age-adjusted",1,Sex and race,4,Male: American Indian or Alaska Native,4.3,2014,16,All ages,1.1,3.5,NULL
Drug overdose death rates,Drug overdose deaths involving heroin,5,"Deaths per 100,000 resident population, age-adjusted",1,Sex and race,4,Male: American Indian or Alaska Native,4.3,2015,17,All ages,1.1,4.0,NULL
Drug overdose death rates,Drug overdose deaths involving heroin,5,"Deaths per 100,000 resident population, age-adjusted",1,Sex and race,4,Male: American Indian or Alaska Native,4.3,2016,18,All ages,1.1,4.3,NULL
Drug overdose death rates,Drug overdose deaths involving heroin,5,"Deaths per 100,000 resident population, age-adjusted",1,Sex and race,4,Male: American Indian or Alaska Native,4.3,2017,19,All ages,1.1,4.2,NULL
Drug overdose death rates,Drug overdose deaths involving heroin,5,"Deaths per 100,000 resident population, age-adjusted",1,Sex and race,4,Male: American Indian or Alaska Native,4.3,2018,20,All ages,1.1,4.7,NULL
Drug overdose death rates,Drug overdose deaths involving heroin,5,"Deaths per 100,000 resident population, age-adjusted",1,Sex and race,4,Male: Asian or Pacific Islander,4.4,1999,1,All ages,1.1,NULL,*
Drug overdose death rates,Drug overdose deaths involving heroin,5,"Deaths per 100,000 resident population, age-adjusted",1,Sex and race,4,Male: Asian or Pacific Islander,4.4,2000,2,All ages,1.1,NULL,*
Drug overdose death rates,Drug overdose deaths involving heroin,5,"Deaths per 100,000 resident population, age-adjusted",1,Sex and race,4,Male: Asian or Pacific Islander,4.4,2001,3,All ages,1.1,NULL,*
Drug overdose death rates,Drug overdose deaths involving heroin,5,"Deaths per 100,000 resident population, age-adjusted",1,Sex and race,4,Male: Asian or Pacific Islander,4.4,2002,4,All ages,1.1,NULL,*
Drug overdose death rates,Drug overdose deaths involving heroin,5,"Deaths per 100,000 resident population, age-adjusted",1,Sex and race,4,Male: Asian or Pacific Islander,4.4,2003,5,All ages,1.1,NULL,*
Drug overdose death rates,Drug overdose deaths involving heroin,5,"Deaths per 100,000 resident population, age-adjusted",1,Sex and race,4,Male: Asian or Pacific Islander,4.4,2004,6,All ages,1.1,NULL,*
Drug overdose death rates,Drug overdose deaths involving heroin,5,"Deaths per 100,000 resident population, age-adjusted",1,Sex and race,4,Male: Asian or Pacific Islander,4.4,2005,7,All ages,1.1,NULL,*
Drug overdose death rates,Drug overdose deaths involving heroin,5,"Deaths per 100,000 resident population, age-adjusted",1,Sex and race,4,Male: Asian or Pacific Islander,4.4,2006,8,All ages,1.1,NULL,*
Drug overdose death rates,Drug overdose deaths involving heroin,5,"Deaths per 100,000 resident population, age-adjusted",1,Sex and race,4,Male: Asian or Pacific Islander,4.4,2007,9,All ages,1.1,NULL,*
Drug overdose death rates,Drug overdose deaths involving heroin,5,"Deaths per 100,000 resident population, age-adjusted",1,Sex and race,4,Male: Asian or Pacific Islander,4.4,2008,10,All ages,1.1,NULL,*
Drug overdose death rates,Drug overdose deaths involving heroin,5,"Deaths per 100,000 resident population, age-adjusted",1,Sex and race,4,Male: Asian or Pacific Islander,4.4,2009,11,All ages,1.1,NULL,*
Drug overdose death rates,Drug overdose deaths involving heroin,5,"Deaths per 100,000 resident population, age-adjusted",1,Sex and race,4,Male: Asian or Pacific Islander,4.4,2010,12,All ages,1.1,NULL,*
Drug overdose death rates,Drug overdose deaths involving heroin,5,"Deaths per 100,000 resident population, age-adjusted",1,Sex and race,4,Male: Asian or Pacific Islander,4.4,2011,13,All ages,1.1,0.3,NULL
Drug overdose death rates,Drug overdose deaths involving heroin,5,"Deaths per 100,000 resident population, age-adjusted",1,Sex and race,4,Male: Asian or Pacific Islander,4.4,2012,14,All ages,1.1,0.3,NULL
Drug overdose death rates,Drug overdose deaths involving heroin,5,"Deaths per 100,000 resident population, age-adjusted",1,Sex and race,4,Male: Asian or Pacific Islander,4.4,2013,15,All ages,1.1,0.5,NULL
Drug overdose death rates,Drug overdose deaths involving heroin,5,"Deaths per 100,000 resident population, age-adjusted",1,Sex and race,4,Male: Asian or Pacific Islander,4.4,2014,16,All ages,1.1,0.6,NULL
Drug overdose death rates,Drug overdose deaths involving heroin,5,"Deaths per 100,000 resident population, age-adjusted",1,Sex and race,4,Male: Asian or Pacific Islander,4.4,2015,17,All ages,1.1,0.8,NULL
Drug overdose death rates,Drug overdose deaths involving heroin,5,"Deaths per 100,000 resident population, age-adjusted",1,Sex and race,4,Male: Asian or Pacific Islander,4.4,2016,18,All ages,1.1,0.8,NULL
Drug overdose death rates,Drug overdose deaths involving heroin,5,"Deaths per 100,000 resident population, age-adjusted",1,Sex and race,4,Male: Asian or Pacific Islander,4.4,2017,19,All ages,1.1,0.9,NULL
Drug overdose death rates,Drug overdose deaths involving heroin,5,"Deaths per 100,000 resident population, age-adjusted",1,Sex and race,4,Male: Asian or Pacific Islander,4.4,2018,20,All ages,1.1,0.6,NULL
Drug overdose death rates,Drug overdose deaths involving heroin,5,"Deaths per 100,000 resident population, age-adjusted",1,Sex and race,4,Female: White,4.5,1999,1,All ages,1.1,0.2,NULL
Drug overdose death rates,Drug overdose deaths involving heroin,5,"Deaths per 100,000 resident population, age-adjusted",1,Sex and race,4,Female: White,4.5,2000,2,All ages,1.1,0.2,NULL
Drug overdose death rates,Drug overdose deaths involving heroin,5,"Deaths per 100,000 resident population, age-adjusted",1,Sex and race,4,Female: White,4.5,2001,3,All ages,1.1,0.2,NULL
Drug overdose death rates,Drug overdose deaths involving heroin,5,"Deaths per 100,000 resident population, age-adjusted",1,Sex and race,4,Female: White,4.5,2002,4,All ages,1.1,0.2,NULL
Drug overdose death rates,Drug overdose deaths involving heroin,5,"Deaths per 100,000 resident population, age-adjusted",1,Sex and race,4,Female: White,4.5,2003,5,All ages,1.1,0.3,NULL
Drug overdose death rates,Drug overdose deaths involving heroin,5,"Deaths per 100,000 resident population, age-adjusted",1,Sex and race,4,Female: White,4.5,2004,6,All ages,1.1,0.2,NULL
Drug overdose death rates,Drug overdose deaths involving heroin,5,"Deaths per 100,000 resident population, age-adjusted",1,Sex and race,4,Female: White,4.5,2005,7,All ages,1.1,0.3,NULL
Drug overdose death rates,Drug overdose deaths involving heroin,5,"Deaths per 100,000 resident population, age-adjusted",1,Sex and race,4,Female: White,4.5,2006,8,All ages,1.1,0.2,NULL
Drug overdose death rates,Drug overdose deaths involving heroin,5,"Deaths per 100,000 resident population, age-adjusted",1,Sex and race,4,Female: White,4.5,2007,9,All ages,1.1,0.3,NULL
Drug overdose death rates,Drug overdose deaths involving heroin,5,"Deaths per 100,000 resident population, age-adjusted",1,Sex and race,4,Female: White,4.5,2008,10,All ages,1.1,0.4,NULL
Drug overdose death rates,Drug overdose deaths involving heroin,5,"Deaths per 100,000 resident population, age-adjusted",1,Sex and race,4,Female: White,4.5,2009,11,All ages,1.1,0.4,NULL
Drug overdose death rates,Drug overdose deaths involving heroin,5,"Deaths per 100,000 resident population, age-adjusted",1,Sex and race,4,Female: White,4.5,2010,12,All ages,1.1,0.4,NULL
Drug overdose death rates,Drug overdose deaths involving heroin,5,"Deaths per 100,000 resident population, age-adjusted",1,Sex and race,4,Female: White,4.5,2011,13,All ages,1.1,0.6,NULL
Drug overdose death rates,Drug overdose deaths involving heroin,5,"Deaths per 100,000 resident population, age-adjusted",1,Sex and race,4,Female: White,4.5,2012,14,All ages,1.1,0.9,NULL
Drug overdose death rates,Drug overdose deaths involving heroin,5,"Deaths per 100,000 resident population, age-adjusted",1,Sex and race,4,Female: White,4.5,2013,15,All ages,1.1,1.3,NULL
Drug overdose death rates,Drug overdose deaths involving heroin,5,"Deaths per 100,000 resident population, age-adjusted",1,Sex and race,4,Female: White,4.5,2014,16,All ages,1.1,1.8,NULL
Drug overdose death rates,Drug overdose deaths involving heroin,5,"Deaths per 100,000 resident population, age-adjusted",1,Sex and race,4,Female: White,4.5,2015,17,All ages,1.1,2.3,NULL
Drug overdose death rates,Drug overdose deaths involving heroin,5,"Deaths per 100,000 resident population, age-adjusted",1,Sex and race,4,Female: White,4.5,2016,18,All ages,1.1,2.7,NULL
Drug overdose death rates,Drug overdose deaths involving heroin,5,"Deaths per 100,000 resident population, age-adjusted",1,Sex and race,4,Female: White,4.5,2017,19,All ages,1.1,2.8,NULL
Drug overdose death rates,Drug overdose deaths involving heroin,5,"Deaths per 100,000 resident population, age-adjusted",1,Sex and race,4,Female: White,4.5,2018,20,All ages,1.1,2.6,NULL
Drug overdose death rates,Drug overdose deaths involving heroin,5,"Deaths per 100,000 resident population, age-adjusted",1,Sex and race,4,Female: Black or African American,4.6,1999,1,All ages,1.1,0.3,NULL
Drug overdose death rates,Drug overdose deaths involving heroin,5,"Deaths per 100,000 resident population, age-adjusted",1,Sex and race,4,Female: Black or African American,4.6,2000,2,All ages,1.1,0.3,NULL
Drug overdose death rates,Drug overdose deaths involving heroin,5,"Deaths per 100,000 resident population, age-adjusted",1,Sex and race,4,Female: Black or African American,4.6,2001,3,All ages,1.1,0.3,NULL
Drug overdose death rates,Drug overdose deaths involving heroin,5,"Deaths per 100,000 resident population, age-adjusted",1,Sex and race,4,Female: Black or African American,4.6,2002,4,All ages,1.1,0.3,NULL
Drug overdose death rates,Drug overdose deaths involving heroin,5,"Deaths per 100,000 resident population, age-adjusted",1,Sex and race,4,Female: Black or African American,4.6,2003,5,All ages,1.1,0.3,NULL
Drug overdose death rates,Drug overdose deaths involving heroin,5,"Deaths per 100,000 resident population, age-adjusted",1,Sex and race,4,Female: Black or African American,4.6,2004,6,All ages,1.1,0.3,NULL
Drug overdose death rates,Drug overdose deaths involving heroin,5,"Deaths per 100,000 resident population, age-adjusted",1,Sex and race,4,Female: Black or African American,4.6,2005,7,All ages,1.1,0.3,NULL
Drug overdose death rates,Drug overdose deaths involving heroin,5,"Deaths per 100,000 resident population, age-adjusted",1,Sex and race,4,Female: Black or African American,4.6,2006,8,All ages,1.1,0.3,NULL
Drug overdose death rates,Drug overdose deaths involving heroin,5,"Deaths per 100,000 resident population, age-adjusted",1,Sex and race,4,Female: Black or African American,4.6,2007,9,All ages,1.1,0.3,NULL
Drug overdose death rates,Drug overdose deaths involving heroin,5,"Deaths per 100,000 resident population, age-adjusted",1,Sex and race,4,Female: Black or African American,4.6,2008,10,All ages,1.1,0.3,NULL
Drug overdose death rates,Drug overdose deaths involving heroin,5,"Deaths per 100,000 resident population, age-adjusted",1,Sex and race,4,Female: Black or African American,4.6,2009,11,All ages,1.1,0.3,NULL
Drug overdose death rates,Drug overdose deaths involving heroin,5,"Deaths per 100,000 resident population, age-adjusted",1,Sex and race,4,Female: Black or African American,4.6,2010,12,All ages,1.1,0.3,NULL
Drug overdose death rates,Drug overdose deaths involving heroin,5,"Deaths per 100,000 resident population, age-adjusted",1,Sex and race,4,Female: Black or African American,4.6,2011,13,All ages,1.1,0.4,NULL
Drug overdose death rates,Drug overdose deaths involving heroin,5,"Deaths per 100,000 resident population, age-adjusted",1,Sex and race,4,Female: Black or African American,4.6,2012,14,All ages,1.1,0.5,NULL
Drug overdose death rates,Drug overdose deaths involving heroin,5,"Deaths per 100,000 resident population, age-adjusted",1,Sex and race,4,Female: Black or African American,4.6,2013,15,All ages,1.1,0.7,NULL
Drug overdose death rates,Drug overdose deaths involving heroin,5,"Deaths per 100,000 resident population, age-adjusted",1,Sex and race,4,Female: Black or African American,4.6,2014,16,All ages,1.1,1.1,NULL
Drug overdose death rates,Drug overdose deaths involving heroin,5,"Deaths per 100,000 resident population, age-adjusted",1,Sex and race,4,Female: Black or African American,4.6,2015,17,All ages,1.1,1.3,NULL
Drug overdose death rates,Drug overdose deaths involving heroin,5,"Deaths per 100,000 resident population, age-adjusted",1,Sex and race,4,Female: Black or African American,4.6,2016,18,All ages,1.1,2.0,NULL
Drug overdose death rates,Drug overdose deaths involving heroin,5,"Deaths per 100,000 resident population, age-adjusted",1,Sex and race,4,Female: Black or African American,4.6,2017,19,All ages,1.1,2.2,NULL
Drug overdose death rates,Drug overdose deaths involving heroin,5,"Deaths per 100,000 resident population, age-adjusted",1,Sex and race,4,Female: Black or African American,4.6,2018,20,All ages,1.1,2.3,NULL
Drug overdose death rates,Drug overdose deaths involving heroin,5,"Deaths per 100,000 resident population, age-adjusted",1,Sex and race,4,Female: American Indian or Alaska Native,4.7,1999,1,All ages,1.1,NULL,*
Drug overdose death rates,Drug overdose deaths involving heroin,5,"Deaths per 100,000 resident population, age-adjusted",1,Sex and race,4,Female: American Indian or Alaska Native,4.7,2000,2,All ages,1.1,NULL,*
Drug overdose death rates,Drug overdose deaths involving heroin,5,"Deaths per 100,000 resident population, age-adjusted",1,Sex and race,4,Female: American Indian or Alaska Native,4.7,2001,3,All ages,1.1,NULL,*
Drug overdose death rates,Drug overdose deaths involving heroin,5,"Deaths per 100,000 resident population, age-adjusted",1,Sex and race,4,Female: American Indian or Alaska Native,4.7,2002,4,All ages,1.1,NULL,*
Drug overdose death rates,Drug overdose deaths involving heroin,5,"Deaths per 100,000 resident population, age-adjusted",1,Sex and race,4,Female: American Indian or Alaska Native,4.7,2003,5,All ages,1.1,NULL,*
Drug overdose death rates,Drug overdose deaths involving heroin,5,"Deaths per 100,000 resident population, age-adjusted",1,Sex and race,4,Female: American Indian or Alaska Native,4.7,2004,6,All ages,1.1,NULL,*
Drug overdose death rates,Drug overdose deaths involving heroin,5,"Deaths per 100,000 resident population, age-adjusted",1,Sex and race,4,Female: American Indian or Alaska Native,4.7,2005,7,All ages,1.1,NULL,*
Drug overdose death rates,Drug overdose deaths involving heroin,5,"Deaths per 100,000 resident population, age-adjusted",1,Sex and race,4,Female: American Indian or Alaska Native,4.7,2006,8,All ages,1.1,NULL,*
Drug overdose death rates,Drug overdose deaths involving heroin,5,"Deaths per 100,000 resident population, age-adjusted",1,Sex and race,4,Female: American Indian or Alaska Native,4.7,2007,9,All ages,1.1,NULL,*
Drug overdose death rates,Drug overdose deaths involving heroin,5,"Deaths per 100,000 resident population, age-adjusted",1,Sex and race,4,Female: American Indian or Alaska Native,4.7,2008,10,All ages,1.1,NULL,*
Drug overdose death rates,Drug overdose deaths involving heroin,5,"Deaths per 100,000 resident population, age-adjusted",1,Sex and race,4,Female: American Indian or Alaska Native,4.7,2009,11,All ages,1.1,NULL,*
Drug overdose death rates,Drug overdose deaths involving heroin,5,"Deaths per 100,000 resident population, age-adjusted",1,Sex and race,4,Female: American Indian or Alaska Native,4.7,2010,12,All ages,1.1,NULL,*
Drug overdose death rates,Drug overdose deaths involving heroin,5,"Deaths per 100,000 resident population, age-adjusted",1,Sex and race,4,Female: American Indian or Alaska Native,4.7,2011,13,All ages,1.1,1.0,NULL
Drug overdose death rates,Drug overdose deaths involving heroin,5,"Deaths per 100,000 resident population, age-adjusted",1,Sex and race,4,Female: American Indian or Alaska Native,4.7,2012,14,All ages,1.1,NULL,*
Drug overdose death rates,Drug overdose deaths involving heroin,5,"Deaths per 100,000 resident population, age-adjusted",1,Sex and race,4,Female: American Indian or Alaska Native,4.7,2013,15,All ages,1.1,1.0,NULL
Drug overdose death rates,Drug overdose deaths involving heroin,5,"Deaths per 100,000 resident population, age-adjusted",1,Sex and race,4,Female: American Indian or Alaska Native,4.7,2014,16,All ages,1.1,1.2,NULL
Drug overdose death rates,Drug overdose deaths involving heroin,5,"Deaths per 100,000 resident population, age-adjusted",1,Sex and race,4,Female: American Indian or Alaska Native,4.7,2015,17,All ages,1.1,1.8,NULL
Drug overdose death rates,Drug overdose deaths involving heroin,5,"Deaths per 100,000 resident population, crude",2,Total,g0,All persons,0.1,1999,1,All ages,1.1,0.7,NULL
Drug overdose death rates,Drug overdose deaths involving heroin,5,"Deaths per 100,000 resident population, age-adjusted",1,Sex and race,4,Female: American Indian or Alaska Native,4.7,2016,18,All ages,1.1,2.2,NULL
Drug overdose death rates,Drug overdose deaths involving heroin,5,"Deaths per 100,000 resident population, age-adjusted",1,Sex and race,4,Female: American Indian or Alaska Native,4.7,2017,19,All ages,1.1,2.3,NULL
Drug overdose death rates,Drug overdose deaths involving heroin,5,"Deaths per 100,000 resident population, age-adjusted",1,Sex and race,4,Female: American Indian or Alaska Native,4.7,2018,20,All ages,1.1,1.8,NULL
Drug overdose death rates,Drug overdose deaths involving heroin,5,"Deaths per 100,000 resident population, age-adjusted",1,Sex and race,4,Female: Asian or Pacific Islander,4.8,1999,1,All ages,1.1,NULL,*
Drug overdose death rates,Drug overdose deaths involving heroin,5,"Deaths per 100,000 resident population, age-adjusted",1,Sex and race,4,Female: Asian or Pacific Islander,4.8,2000,2,All ages,1.1,NULL,*
Drug overdose death rates,Drug overdose deaths involving heroin,5,"Deaths per 100,000 resident population, age-adjusted",1,Sex and race,4,Female: Asian or Pacific Islander,4.8,2001,3,All ages,1.1,NULL,*
Drug overdose death rates,Drug overdose deaths involving heroin,5,"Deaths per 100,000 resident population, age-adjusted",1,Sex and race,4,Female: Asian or Pacific Islander,4.8,2002,4,All ages,1.1,NULL,*
Drug overdose death rates,Drug overdose deaths involving heroin,5,"Deaths per 100,000 resident population, age-adjusted",1,Sex and race,4,Female: Asian or Pacific Islander,4.8,2003,5,All ages,1.1,NULL,*
Drug overdose death rates,Drug overdose deaths involving heroin,5,"Deaths per 100,000 resident population, age-adjusted",1,Sex and race,4,Female: Asian or Pacific Islander,4.8,2004,6,All ages,1.1,NULL,*
Drug overdose death rates,Drug overdose deaths involving heroin,5,"Deaths per 100,000 resident population, age-adjusted",1,Sex and race,4,Female: Asian or Pacific Islander,4.8,2005,7,All ages,1.1,NULL,*
Drug overdose death rates,Drug overdose deaths involving heroin,5,"Deaths per 100,000 resident population, age-adjusted",1,Sex and race,4,Female: Asian or Pacific Islander,4.8,2006,8,All ages,1.1,NULL,*
Drug overdose death rates,Drug overdose deaths involving heroin,5,"Deaths per 100,000 resident population, age-adjusted",1,Sex and race,4,Female: Asian or Pacific Islander,4.8,2007,9,All ages,1.1,NULL,*
Drug overdose death rates,Drug overdose deaths involving heroin,5,"Deaths per 100,000 resident population, age-adjusted",1,Sex and race,4,Female: Asian or Pacific Islander,4.8,2008,10,All ages,1.1,NULL,*
Drug overdose death rates,Drug overdose deaths involving heroin,5,"Deaths per 100,000 resident population, age-adjusted",1,Sex and race,4,Female: Asian or Pacific Islander,4.8,2009,11,All ages,1.1,NULL,*
Drug overdose death rates,Drug overdose deaths involving heroin,5,"Deaths per 100,000 resident population, age-adjusted",1,Sex and race,4,Female: Asian or Pacific Islander,4.8,2010,12,All ages,1.1,NULL,*
Drug overdose death rates,Drug overdose deaths involving heroin,5,"Deaths per 100,000 resident population, age-adjusted",1,Sex and race,4,Female: Asian or Pacific Islander,4.8,2011,13,All ages,1.1,NULL,*
Drug overdose death rates,Drug overdose deaths involving heroin,5,"Deaths per 100,000 resident population, age-adjusted",1,Sex and race,4,Female: Asian or Pacific Islander,4.8,2012,14,All ages,1.1,NULL,*
Drug overdose death rates,Drug overdose deaths involving heroin,5,"Deaths per 100,000 resident population, age-adjusted",1,Sex and race,4,Female: Asian or Pacific Islander,4.8,2013,15,All ages,1.1,NULL,*
Drug overdose death rates,Drug overdose deaths involving heroin,5,"Deaths per 100,000 resident population, age-adjusted",1,Sex and race,4,Female: Asian or Pacific Islander,4.8,2014,16,All ages,1.1,NULL,*
Drug overdose death rates,Drug overdose deaths involving heroin,5,"Deaths per 100,000 resident population, age-adjusted",1,Sex and race,4,Female: Asian or Pacific Islander,4.8,2015,17,All ages,1.1,0.2,NULL
Drug overdose death rates,Drug overdose deaths involving heroin,5,"Deaths per 100,000 resident population, age-adjusted",1,Sex and race,4,Female: Asian or Pacific Islander,4.8,2016,18,All ages,1.1,0.2,NULL
Drug overdose death rates,Drug overdose deaths involving heroin,5,"Deaths per 100,000 resident population, age-adjusted",1,Sex and race,4,Female: Asian or Pacific Islander,4.8,2017,19,All ages,1.1,0.2,NULL
Drug overdose death rates,Drug overdose deaths involving heroin,5,"Deaths per 100,000 resident population, age-adjusted",1,Sex and race,4,Female: Asian or Pacific Islander,4.8,2018,20,All ages,1.1,0.2,NULL
Drug overdose death rates,Drug overdose deaths involving heroin,5,"Deaths per 100,000 resident population, age-adjusted",1,Sex and race and Hispanic origin,5,Male: Hispanic or Latino: All races,5.1,1999,1,All ages,1.1,2.0,NULL
Drug overdose death rates,Drug overdose deaths involving heroin,5,"Deaths per 100,000 resident population, age-adjusted",1,Sex and race and Hispanic origin,5,Male: Hispanic or Latino: All races,5.1,2000,2,All ages,1.1,1.6,NULL
Drug overdose death rates,Drug overdose deaths involving heroin,5,"Deaths per 100,000 resident population, age-adjusted",1,Sex and race and Hispanic origin,5,Male: Hispanic or Latino: All races,5.1,2001,3,All ages,1.1,1.4,NULL
Drug overdose death rates,Drug overdose deaths involving heroin,5,"Deaths per 100,000 resident population, age-adjusted",1,Sex and race and Hispanic origin,5,Male: Hispanic or Latino: All races,5.1,2002,4,All ages,1.1,1.8,NULL
Drug overdose death rates,Drug overdose deaths involving heroin,5,"Deaths per 100,000 resident population, crude",2,Total,0,All persons,0.1,2000,2,All ages,1.1,0.7,NULL
Drug overdose death rates,Drug overdose deaths involving heroin,5,"Deaths per 100,000 resident population, age-adjusted",1,Sex and race and Hispanic origin,5,Male: Hispanic or Latino: All races,5.1,2003,5,All ages,1.1,1.8,NULL
Drug overdose death rates,Drug overdose deaths involving heroin,5,"Deaths per 100,000 resident population, age-adjusted",1,Sex and race and Hispanic origin,5,Male: Hispanic or Latino: All races,5.1,2004,6,All ages,1.1,1.3,NULL
Drug overdose death rates,Drug overdose deaths involving heroin,5,"Deaths per 100,000 resident population, age-adjusted",1,Sex and race and Hispanic origin,5,Male: Hispanic or Latino: All races,5.1,2005,7,All ages,1.1,1.4,NULL
Drug overdose death rates,Drug overdose deaths involving heroin,5,"Deaths per 100,000 resident population, age-adjusted",1,Sex and race and Hispanic origin,5,Male: Hispanic or Latino: All races,5.1,2006,8,All ages,1.1,1.4,NULL
Drug overdose death rates,Drug overdose deaths involving heroin,5,"Deaths per 100,000 resident population, age-adjusted",1,Sex and race and Hispanic origin,5,Male: Hispanic or Latino: All races,5.1,2007,9,All ages,1.1,1.4,NULL
Drug overdose death rates,Drug overdose deaths involving heroin,5,"Deaths per 100,000 resident population, age-adjusted",1,Sex and race and Hispanic origin,5,Male: Hispanic or Latino: All races,5.1,2008,10,All ages,1.1,1.7,NULL
Drug overdose death rates,Drug overdose deaths involving heroin,5,"Deaths per 100,000 resident population, age-adjusted",1,Sex and race and Hispanic origin,5,Male: Hispanic or Latino: All races,5.1,2009,11,All ages,1.1,1.7,NULL
Drug overdose death rates,Drug overdose deaths involving heroin,5,"Deaths per 100,000 resident population, age-adjusted",1,Sex and race and Hispanic origin,5,Male: Hispanic or Latino: All races,5.1,2010,12,All ages,1.1,1.5,NULL
Drug overdose death rates,Drug overdose deaths involving heroin,5,"Deaths per 100,000 resident population, age-adjusted",1,Sex and race and Hispanic origin,5,Male: Hispanic or Latino: All races,5.1,2011,13,All ages,1.1,1.7,NULL
Drug overdose death rates,Drug overdose deaths involving heroin,5,"Deaths per 100,000 resident population, age-adjusted",1,Sex and race and Hispanic origin,5,Male: Hispanic or Latino: All races,5.1,2012,14,All ages,1.1,2.2,NULL
Drug overdose death rates,Drug overdose deaths involving heroin,5,"Deaths per 100,000 resident population, age-adjusted",1,Sex and race and Hispanic origin,5,Male: Hispanic or Latino: All races,5.1,2013,15,All ages,1.1,2.6,NULL
Drug overdose death rates,Drug overdose deaths involving heroin,5,"Deaths per 100,000 resident population, age-adjusted",1,Sex and race and Hispanic origin,5,Male: Hispanic or Latino: All races,5.1,2014,16,All ages,1.1,3.2,NULL
Drug overdose death rates,Drug overdose deaths involving heroin,5,"Deaths per 100,000 resident population, age-adjusted",1,Sex and race and Hispanic origin,5,Male: Hispanic or Latino: All races,5.1,2015,17,All ages,1.1,3.8,NULL
Drug overdose death rates,Drug overdose deaths involving heroin,5,"Deaths per 100,000 resident population, age-adjusted",1,Sex and race and Hispanic origin,5,Male: Hispanic or Latino: All races,5.1,2016,18,All ages,1.1,4.4,NULL
Drug overdose death rates,Drug overdose deaths involving heroin,5,"Deaths per 100,000 resident population, age-adjusted",1,Sex and race and Hispanic origin,5,Male: Hispanic or Latino: All races,5.1,2017,19,All ages,1.1,4.7,NULL
Drug overdose death rates,Drug overdose deaths involving heroin,5,"Deaths per 100,000 resident population, age-adjusted",1,Sex and race and Hispanic origin,5,Male: Hispanic or Latino: All races,5.1,2018,20,All ages,1.1,4.9,NULL
Drug overdose death rates,Drug overdose deaths involving heroin,5,"Deaths per 100,000 resident population, age-adjusted",1,Sex and race and Hispanic origin,5,Male: Not Hispanic or Latino: White,5.2,1999,1,All ages,1.1,1.1,NULL
Drug overdose death rates,Drug overdose deaths involving heroin,5,"Deaths per 100,000 resident population, age-adjusted",1,Sex and race and Hispanic origin,5,Male: Not Hispanic or Latino: White,5.2,2000,2,All ages,1.1,1.0,NULL
Drug overdose death rates,Drug overdose deaths involving heroin,5,"Deaths per 100,000 resident population, age-adjusted",1,Sex and race and Hispanic origin,5,Male: Not Hispanic or Latino: White,5.2,2001,3,All ages,1.1,1.0,NULL
Drug overdose death rates,Drug overdose deaths involving heroin,5,"Deaths per 100,000 resident population, age-adjusted",1,Sex and race and Hispanic origin,5,Male: Not Hispanic or Latino: White,5.2,2002,4,All ages,1.1,1.2,NULL
Drug overdose death rates,Drug overdose deaths involving heroin,5,"Deaths per 100,000 resident population, age-adjusted",1,Sex and race and Hispanic origin,5,Male: Not Hispanic or Latino: White,5.2,2003,5,All ages,1.1,1.2,NULL
Drug overdose death rates,Drug overdose deaths involving heroin,5,"Deaths per 100,000 resident population, age-adjusted",1,Sex and race and Hispanic origin,5,Male: Not Hispanic or Latino: White,5.2,2004,6,All ages,1.1,1.1,NULL
Drug overdose death rates,Drug overdose deaths involving heroin,5,"Deaths per 100,000 resident population, age-adjusted",1,Sex and race and Hispanic origin,5,Male: Not Hispanic or Latino: White,5.2,2005,7,All ages,1.1,1.1,NULL
Drug overdose death rates,Drug overdose deaths involving heroin,5,"Deaths per 100,000 resident population, age-adjusted",1,Sex and race and Hispanic origin,5,Male: Not Hispanic or Latino: White,5.2,2006,8,All ages,1.1,1.3,NULL
Drug overdose death rates,Drug overdose deaths involving heroin,5,"Deaths per 100,000 resident population, age-adjusted",1,Sex and race and Hispanic origin,5,Male: Not Hispanic or Latino: White,5.2,2007,9,All ages,1.1,1.5,NULL
Drug overdose death rates,Drug overdose deaths involving heroin,5,"Deaths per 100,000 resident population, crude",2,Total,0,All persons,0.1,2001,3,All ages,1.1,0.6,NULL
Drug overdose death rates,Drug overdose deaths involving heroin,5,"Deaths per 100,000 resident population, age-adjusted",1,Sex and race and Hispanic origin,5,Male: Not Hispanic or Latino: White,5.2,2008,10,All ages,1.1,1.9,NULL
Drug overdose death rates,Drug overdose deaths involving heroin,5,"Deaths per 100,000 resident population, age-adjusted",1,Sex and race and Hispanic origin,5,Male: Not Hispanic or Latino: White,5.2,2009,11,All ages,1.1,2.1,NULL
Drug overdose death rates,Drug overdose deaths involving heroin,5,"Deaths per 100,000 resident population, age-adjusted",1,Sex and race and Hispanic origin,5,Male: Not Hispanic or Latino: White,5.2,2010,12,All ages,1.1,1.9,NULL
Drug overdose death rates,Drug overdose deaths involving heroin,5,"Deaths per 100,000 resident population, age-adjusted",1,Sex and race and Hispanic origin,5,Male: Not Hispanic or Latino: White,5.2,2011,13,All ages,1.1,2.9,NULL
Drug overdose death rates,Drug overdose deaths involving heroin,5,"Deaths per 100,000 resident population, age-adjusted",1,Sex and race and Hispanic origin,5,Male: Not Hispanic or Latino: White,5.2,2012,14,All ages,1.1,3.9,NULL
Drug overdose death rates,Drug overdose deaths involving heroin,5,"Deaths per 100,000 resident population, age-adjusted",1,Sex and race and Hispanic origin,5,Male: Not Hispanic or Latino: White,5.2,2013,15,All ages,1.1,5.3,NULL
Drug overdose death rates,Drug overdose deaths involving heroin,5,"Deaths per 100,000 resident population, age-adjusted",1,Sex and race and Hispanic origin,5,Male: Not Hispanic or Latino: White,5.2,2014,16,All ages,1.1,6.7,NULL
Drug overdose death rates,Drug overdose deaths involving heroin,5,"Deaths per 100,000 resident population, age-adjusted",1,Sex and race and Hispanic origin,5,Male: Not Hispanic or Latino: White,5.2,2015,17,All ages,1.1,8.1,NULL
Drug overdose death rates,Drug overdose deaths involving heroin,5,"Deaths per 100,000 resident population, age-adjusted",1,Sex and race and Hispanic origin,5,Male: Not Hispanic or Latino: White,5.2,2016,18,All ages,1.1,9.4,NULL
Drug overdose death rates,Drug overdose deaths involving heroin,5,"Deaths per 100,000 resident population, age-adjusted",1,Sex and race and Hispanic origin,5,Male: Not Hispanic or Latino: White,5.2,2017,19,All ages,1.1,8.9,NULL
Drug overdose death rates,Drug overdose deaths involving heroin,5,"Deaths per 100,000 resident population, age-adjusted",1,Sex and race and Hispanic origin,5,Male: Not Hispanic or Latino: White,5.2,2018,20,All ages,1.1,8.6,NULL
Drug overdose death rates,Drug overdose deaths involving heroin,5,"Deaths per 100,000 resident population, age-adjusted",1,Sex and race and Hispanic origin,5,Male: Not Hispanic or Latino: Black,5.3,1999,1,All ages,1.1,1.4,NULL
Drug overdose death rates,Drug overdose deaths involving heroin,5,"Deaths per 100,000 resident population, age-adjusted",1,Sex and race and Hispanic origin,5,Male: Not Hispanic or Latino: Black,5.3,2000,2,All ages,1.1,1.7,NULL
Drug overdose death rates,Drug overdose deaths involving heroin,5,"Deaths per 100,000 resident population, age-adjusted",1,Sex and race and Hispanic origin,5,Male: Not Hispanic or Latino: Black,5.3,2001,3,All ages,1.1,1.3,NULL
Drug overdose death rates,Drug overdose deaths involving heroin,5,"Deaths per 100,000 resident population, age-adjusted",1,Sex and race and Hispanic origin,5,Male: Not Hispanic or Latino: Black,5.3,2002,4,All ages,1.1,1.6,NULL
Drug overdose death rates,Drug overdose deaths involving heroin,5,"Deaths per 100,000 resident population, age-adjusted",1,Sex and race and Hispanic origin,5,Male: Not Hispanic or Latino: Black,5.3,2003,5,All ages,1.1,1.3,NULL
Drug overdose death rates,Drug overdose deaths involving heroin,5,"Deaths per 100,000 resident population, age-adjusted",1,Sex and race and Hispanic origin,5,Male: Not Hispanic or Latino: Black,5.3,2004,6,All ages,1.1,1.1,NULL
Drug overdose death rates,Drug overdose deaths involving heroin,5,"Deaths per 100,000 resident population, age-adjusted",1,Sex and race and Hispanic origin,5,Male: Not Hispanic or Latino: Black,5.3,2005,7,All ages,1.1,1.3,NULL
Drug overdose death rates,Drug overdose deaths involving heroin,5,"Deaths per 100,000 resident population, age-adjusted",1,Sex and race and Hispanic origin,5,Male: Not Hispanic or Latino: Black,5.3,2006,8,All ages,1.1,1.3,NULL
Drug overdose death rates,Drug overdose deaths involving heroin,5,"Deaths per 100,000 resident population, age-adjusted",1,Sex and race and Hispanic origin,5,Male: Not Hispanic or Latino: Black,5.3,2007,9,All ages,1.1,1.3,NULL
Drug overdose death rates,Drug overdose deaths involving heroin,5,"Deaths per 100,000 resident population, age-adjusted",1,Sex and race and Hispanic origin,5,Male: Not Hispanic or Latino: Black,5.3,2008,10,All ages,1.1,1.3,NULL
Drug overdose death rates,Drug overdose deaths involving heroin,5,"Deaths per 100,000 resident population, age-adjusted",1,Sex and race and Hispanic origin,5,Male: Not Hispanic or Latino: Black,5.3,2009,11,All ages,1.1,1.6,NULL
Drug overdose death rates,Drug overdose deaths involving heroin,5,"Deaths per 100,000 resident population, age-adjusted",1,Sex and race and Hispanic origin,5,Male: Not Hispanic or Latino: Black,5.3,2010,12,All ages,1.1,1.3,NULL
Drug overdose death rates,Drug overdose deaths involving heroin,5,"Deaths per 100,000 resident population, age-adjusted",1,Sex and race and Hispanic origin,5,Male: Not Hispanic or Latino: Black,5.3,2011,13,All ages,1.1,1.6,NULL
Drug overdose death rates,Drug overdose deaths involving heroin,5,"Deaths per 100,000 resident population, age-adjusted",1,Sex and race and Hispanic origin,5,Male: Not Hispanic or Latino: Black,5.3,2012,14,All ages,1.1,2.2,NULL
Drug overdose death rates,Drug overdose deaths involving heroin,5,"Deaths per 100,000 resident population, crude",2,Total,0,All persons,0.1,2002,4,All ages,1.1,0.7,NULL
Drug overdose death rates,Drug overdose deaths involving heroin,5,"Deaths per 100,000 resident population, age-adjusted",1,Sex and race and Hispanic origin,5,Male: Not Hispanic or Latino: Black,5.3,2013,15,All ages,1.1,3.5,NULL
Drug overdose death rates,Drug overdose deaths involving heroin,5,"Deaths per 100,000 resident population, age-adjusted",1,Sex and race and Hispanic origin,5,Male: Not Hispanic or Latino: Black,5.3,2014,16,All ages,1.1,4.2,NULL
Drug overdose death rates,Drug overdose deaths involving heroin,5,"Deaths per 100,000 resident population, age-adjusted",1,Sex and race and Hispanic origin,5,Male: Not Hispanic or Latino: Black,5.3,2015,17,All ages,1.1,5.1,NULL
Drug overdose death rates,Drug overdose deaths involving heroin,5,"Deaths per 100,000 resident population, age-adjusted",1,Sex and race and Hispanic origin,5,Male: Not Hispanic or Latino: Black,5.3,2016,18,All ages,1.1,7.3,NULL
Drug overdose death rates,Drug overdose deaths involving heroin,5,"Deaths per 100,000 resident population, age-adjusted",1,Sex and race and Hispanic origin,5,Male: Not Hispanic or Latino: Black,5.3,2017,19,All ages,1.1,8.0,NULL
Drug overdose death rates,Drug overdose deaths involving heroin,5,"Deaths per 100,000 resident population, age-adjusted",1,Sex and race and Hispanic origin,5,Male: Not Hispanic or Latino: Black,5.3,2018,20,All ages,1.1,7.8,NULL
Drug overdose death rates,Drug overdose deaths involving heroin,5,"Deaths per 100,000 resident population, age-adjusted",1,Sex and race and Hispanic origin,5,Male: Not Hispanic or Latino: American Indian or Alaska Native,5.4,1999,1,All ages,1.1,NULL,*
Drug overdose death rates,Drug overdose deaths involving heroin,5,"Deaths per 100,000 resident population, age-adjusted",1,Sex and race and Hispanic origin,5,Male: Not Hispanic or Latino: American Indian or Alaska Native,5.4,2000,2,All ages,1.1,NULL,*
Drug overdose death rates,Drug overdose deaths involving heroin,5,"Deaths per 100,000 resident population, age-adjusted",1,Sex and race and Hispanic origin,5,Male: Not Hispanic or Latino: American Indian or Alaska Native,5.4,2001,3,All ages,1.1,NULL,*
Drug overdose death rates,Drug overdose deaths involving heroin,5,"Deaths per 100,000 resident population, age-adjusted",1,Sex and race and Hispanic origin,5,Male: Not Hispanic or Latino: American Indian or Alaska Native,5.4,2002,4,All ages,1.1,NULL,*
Drug overdose death rates,Drug overdose deaths involving heroin,5,"Deaths per 100,000 resident population, age-adjusted",1,Sex and race and Hispanic origin,5,Male: Not Hispanic or Latino: American Indian or Alaska Native,5.4,2003,5,All ages,1.1,NULL,*
Drug overdose death rates,Drug overdose deaths involving heroin,5,"Deaths per 100,000 resident population, age-adjusted",1,Sex and race and Hispanic origin,5,Male: Not Hispanic or Latino: American Indian or Alaska Native,5.4,2004,6,All ages,1.1,NULL,*
Drug overdose death rates,Drug overdose deaths involving heroin,5,"Deaths per 100,000 resident population, age-adjusted",1,Sex and race and Hispanic origin,5,Male: Not Hispanic or Latino: American Indian or Alaska Native,5.4,2005,7,All ages,1.1,NULL,*
Drug overdose death rates,Drug overdose deaths involving heroin,5,"Deaths per 100,000 resident population, age-adjusted",1,Sex and race and Hispanic origin,5,Male: Not Hispanic or Latino: American Indian or Alaska Native,5.4,2006,8,All ages,1.1,NULL,*
Drug overdose death rates,Drug overdose deaths involving heroin,5,"Deaths per 100,000 resident population, age-adjusted",1,Sex and race and Hispanic origin,5,Male: Not Hispanic or Latino: American Indian or Alaska Native,5.4,2007,9,All ages,1.1,NULL,*
Drug overdose death rates,Drug overdose deaths involving heroin,5,"Deaths per 100,000 resident population, age-adjusted",1,Sex and race and Hispanic origin,5,Male: Not Hispanic or Latino: American Indian or Alaska Native,5.4,2008,10,All ages,1.1,NULL,*
Drug overdose death rates,Drug overdose deaths involving heroin,5,"Deaths per 100,000 resident population, age-adjusted",1,Sex and race and Hispanic origin,5,Male: Not Hispanic or Latino: American Indian or Alaska Native,5.4,2009,11,All ages,1.1,2.3,NULL
Drug overdose death rates,Drug overdose deaths involving heroin,5,"Deaths per 100,000 resident population, age-adjusted",1,Sex and race and Hispanic origin,5,Male: Not Hispanic or Latino: American Indian or Alaska Native,5.4,2010,12,All ages,1.1,NULL,*
Drug overdose death rates,Drug overdose deaths involving heroin,5,"Deaths per 100,000 resident population, age-adjusted",1,Sex and race and Hispanic origin,5,Male: Not Hispanic or Latino: American Indian or Alaska Native,5.4,2011,13,All ages,1.1,2.1,NULL
Drug overdose death rates,Drug overdose deaths involving heroin,5,"Deaths per 100,000 resident population, age-adjusted",1,Sex and race and Hispanic origin,5,Male: Not Hispanic or Latino: American Indian or Alaska Native,5.4,2012,14,All ages,1.1,2.8,NULL
Drug overdose death rates,Drug overdose deaths involving heroin,5,"Deaths per 100,000 resident population, age-adjusted",1,Sex and race and Hispanic origin,5,Male: Not Hispanic or Latino: American Indian or Alaska Native,5.4,2013,15,All ages,1.1,3.9,NULL
Drug overdose death rates,Drug overdose deaths involving heroin,5,"Deaths per 100,000 resident population, age-adjusted",1,Sex and race and Hispanic origin,5,Male: Not Hispanic or Latino: American Indian or Alaska Native,5.4,2014,16,All ages,1.1,5.6,NULL
Drug overdose death rates,Drug overdose deaths involving heroin,5,"Deaths per 100,000 resident population, age-adjusted",1,Sex and race and Hispanic origin,5,Male: Not Hispanic or Latino: American Indian or Alaska Native,5.4,2015,17,All ages,1.1,6.4,NULL
Drug overdose death rates,Drug overdose deaths involving heroin,5,"Deaths per 100,000 resident population, age-adjusted",1,Sex and race and Hispanic origin,5,Male: Not Hispanic or Latino: American Indian or Alaska Native,5.4,2016,18,All ages,1.1,6.8,NULL
Drug overdose death rates,Drug overdose deaths involving heroin,5,"Deaths per 100,000 resident population, age-adjusted",1,Sex and race and Hispanic origin,5,Male: Not Hispanic or Latino: American Indian or Alaska Native,5.4,2017,19,All ages,1.1,6.9,NULL
Drug overdose death rates,Drug overdose deaths involving heroin,5,"Deaths per 100,000 resident population, age-adjusted",1,Sex and race and Hispanic origin,5,Male: Not Hispanic or Latino: American Indian or Alaska Native,5.4,2018,20,All ages,1.1,7.7,NULL
Drug overdose death rates,Drug overdose deaths involving heroin,5,"Deaths per 100,000 resident population, age-adjusted",1,Sex and race and Hispanic origin,5,Male: Not Hispanic or Latino: Asian or Pacific Islander,5.5,1999,1,All ages,1.1,NULL,*
Drug overdose death rates,Drug overdose deaths involving heroin,5,"Deaths per 100,000 resident population, age-adjusted",1,Sex and race and Hispanic origin,5,Male: Not Hispanic or Latino: Asian or Pacific Islander,5.5,2000,2,All ages,1.1,NULL,*
Drug overdose death rates,Drug overdose deaths involving heroin,5,"Deaths per 100,000 resident population, age-adjusted",1,Sex and race and Hispanic origin,5,Male: Not Hispanic or Latino: Asian or Pacific Islander,5.5,2001,3,All ages,1.1,NULL,*
Drug overdose death rates,Drug overdose deaths involving heroin,5,"Deaths per 100,000 resident population, age-adjusted",1,Sex and race and Hispanic origin,5,Male: Not Hispanic or Latino: Asian or Pacific Islander,5.5,2002,4,All ages,1.1,NULL,*
Drug overdose death rates,Drug overdose deaths involving heroin,5,"Deaths per 100,000 resident population, age-adjusted",1,Sex and race and Hispanic origin,5,Male: Not Hispanic or Latino: Asian or Pacific Islander,5.5,2003,5,All ages,1.1,NULL,*
Drug overdose death rates,Drug overdose deaths involving heroin,5,"Deaths per 100,000 resident population, age-adjusted",1,Sex and race and Hispanic origin,5,Male: Not Hispanic or Latino: Asian or Pacific Islander,5.5,2004,6,All ages,1.1,NULL,*
Drug overdose death rates,Drug overdose deaths involving heroin,5,"Deaths per 100,000 resident population, age-adjusted",1,Sex and race and Hispanic origin,5,Male: Not Hispanic or Latino: Asian or Pacific Islander,5.5,2005,7,All ages,1.1,NULL,*
Drug overdose death rates,Drug overdose deaths involving heroin,5,"Deaths per 100,000 resident population, age-adjusted",1,Sex and race and Hispanic origin,5,Male: Not Hispanic or Latino: Asian or Pacific Islander,5.5,2006,8,All ages,1.1,NULL,*
Drug overdose death rates,Drug overdose deaths involving heroin,5,"Deaths per 100,000 resident population, age-adjusted",1,Sex and race and Hispanic origin,5,Male: Not Hispanic or Latino: Asian or Pacific Islander,5.5,2007,9,All ages,1.1,NULL,*
Drug overdose death rates,Drug overdose deaths involving heroin,5,"Deaths per 100,000 resident population, age-adjusted",1,Sex and race and Hispanic origin,5,Male: Not Hispanic or Latino: Asian or Pacific Islander,5.5,2008,10,All ages,1.1,NULL,*
Drug overdose death rates,Drug overdose deaths involving heroin,5,"Deaths per 100,000 resident population, age-adjusted",1,Sex and race and Hispanic origin,5,Male: Not Hispanic or Latino: Asian or Pacific Islander,5.5,2009,11,All ages,1.1,NULL,*
Drug overdose death rates,Drug overdose deaths involving heroin,5,"Deaths per 100,000 resident population, age-adjusted",1,Sex and race and Hispanic origin,5,Male: Not Hispanic or Latino: Asian or Pacific Islander,5.5,2010,12,All ages,1.1,NULL,*
Drug overdose death rates,Drug overdose deaths involving heroin,5,"Deaths per 100,000 resident population, age-adjusted",1,Sex and race and Hispanic origin,5,Male: Not Hispanic or Latino: Asian or Pacific Islander,5.5,2011,13,All ages,1.1,0.3,NULL
Drug overdose death rates,Drug overdose deaths involving heroin,5,"Deaths per 100,000 resident population, age-adjusted",1,Sex and race and Hispanic origin,5,Male: Not Hispanic or Latino: Asian or Pacific Islander,5.5,2012,14,All ages,1.1,0.4,NULL
Drug overdose death rates,Drug overdose deaths involving heroin,5,"Deaths per 100,000 resident population, age-adjusted",1,Sex and race and Hispanic origin,5,Male: Not Hispanic or Latino: Asian or Pacific Islander,5.5,2013,15,All ages,1.1,0.5,NULL
Drug overdose death rates,Drug overdose deaths involving heroin,5,"Deaths per 100,000 resident population, age-adjusted",1,Sex and race and Hispanic origin,5,Male: Not Hispanic or Latino: Asian or Pacific Islander,5.5,2014,16,All ages,1.1,0.5,NULL
Drug overdose death rates,Drug overdose deaths involving heroin,5,"Deaths per 100,000 resident population, age-adjusted",1,Sex and race and Hispanic origin,5,Male: Not Hispanic or Latino: Asian or Pacific Islander,5.5,2015,17,All ages,1.1,0.8,NULL
Drug overdose death rates,Drug overdose deaths involving heroin,5,"Deaths per 100,000 resident population, age-adjusted",1,Sex and race and Hispanic origin,5,Male: Not Hispanic or Latino: Asian or Pacific Islander,5.5,2016,18,All ages,1.1,0.8,NULL
Drug overdose death rates,Drug overdose deaths involving heroin,5,"Deaths per 100,000 resident population, age-adjusted",1,Sex and race and Hispanic origin,5,Male: Not Hispanic or Latino: Asian or Pacific Islander,5.5,2017,19,All ages,1.1,0.9,NULL
Drug overdose death rates,Drug overdose deaths involving heroin,5,"Deaths per 100,000 resident population, age-adjusted",1,Sex and race and Hispanic origin,5,Male: Not Hispanic or Latino: Asian or Pacific Islander,5.5,2018,20,All ages,1.1,0.6,NULL
Drug overdose death rates,Drug overdose deaths involving heroin,5,"Deaths per 100,000 resident population, age-adjusted",1,Sex and race and Hispanic origin,5,Female: Hispanic or Latino: All races,5.6,1999,1,All ages,1.1,0.2,NULL
Drug overdose death rates,Drug overdose deaths involving heroin,5,"Deaths per 100,000 resident population, age-adjusted",1,Sex and race and Hispanic origin,5,Female: Hispanic or Latino: All races,5.6,2000,2,All ages,1.1,0.1,NULL
Drug overdose death rates,Drug overdose deaths involving heroin,5,"Deaths per 100,000 resident population, crude",2,Total,0,All persons,0.1,2003,5,All ages,i1.1,0.7,NULL
Drug overdose death rates,Drug overdose deaths involving heroin,5,"Deaths per 100,000 resident population, age-adjusted",1,Sex and race and Hispanic origin,5,Female: Hispanic or Latino: All races,5.6,2001,3,All ages,1.1,0.2,NULL
Drug overdose death rates,Drug overdose deaths involving heroin,5,"Deaths per 100,000 resident population, age-adjusted",1,Sex and race and Hispanic origin,5,Female: Hispanic or Latino: All races,5.6,2002,4,All ages,1.1,0.3,NULL
Drug overdose death rates,Drug overdose deaths involving heroin,5,"Deaths per 100,000 resident population, age-adjusted",1,Sex and race and Hispanic origin,5,Female: Hispanic or Latino: All races,5.6,2003,5,All ages,1.1,0.2,NULL
Drug overdose death rates,Drug overdose deaths involving heroin,5,"Deaths per 100,000 resident population, age-adjusted",1,Sex and race and Hispanic origin,5,Female: Hispanic or Latino: All races,5.6,2004,6,All ages,1.1,0.2,NULL
Drug overdose death rates,Drug overdose deaths involving heroin,5,"Deaths per 100,000 resident population, age-adjusted",1,Sex and race and Hispanic origin,5,Female: Hispanic or Latino: All races,5.6,2005,7,All ages,1.1,0.2,NULL
Drug overdose death rates,Drug overdose deaths involving heroin,5,"Deaths per 100,000 resident population, age-adjusted",1,Sex and race and Hispanic origin,5,Female: Hispanic or Latino: All races,5.6,2006,8,All ages,1.1,0.2,NULL
Drug overdose death rates,Drug overdose deaths involving heroin,5,"Deaths per 100,000 resident population, age-adjusted",1,Sex and race and Hispanic origin,5,Female: Hispanic or Latino: All races,5.6,2007,9,All ages,1.1,0.2,NULL
Drug overdose death rates,Drug overdose deaths involving heroin,5,"Deaths per 100,000 resident population, age-adjusted",1,Sex and race and Hispanic origin,5,Female: Hispanic or Latino: All races,5.6,2008,10,All ages,1.1,0.3,NULL
Drug overdose death rates,Drug overdose deaths involving heroin,5,"Deaths per 100,000 resident population, age-adjusted",1,Sex and race and Hispanic origin,5,Female: Hispanic or Latino: All races,5.6,2009,11,All ages,1.1,0.2,NULL
Drug overdose death rates,Drug overdose deaths involving heroin,5,"Deaths per 100,000 resident population, age-adjusted",1,Sex and race and Hispanic origin,5,Female: Hispanic or Latino: All races,5.6,2010,12,All ages,1.1,0.2,NULL
Drug overdose death rates,Drug overdose deaths involving heroin,5,"Deaths per 100,000 resident population, age-adjusted",1,Sex and race and Hispanic origin,5,Female: Hispanic or Latino: All races,5.6,2011,13,All ages,1.1,0.3,NULL
Drug overdose death rates,Drug overdose deaths involving heroin,5,"Deaths per 100,000 resident population, age-adjusted",1,Sex and race and Hispanic origin,5,Female: Hispanic or Latino: All races,5.6,2012,14,All ages,1.1,0.4,NULL
Drug overdose death rates,Drug overdose deaths involving heroin,5,"Deaths per 100,000 resident population, age-adjusted",1,Sex and race and Hispanic origin,5,Female: Hispanic or Latino: All races,5.6,2013,15,All ages,1.1,0.5,NULL
Drug overdose death rates,Drug overdose deaths involving heroin,5,"Deaths per 100,000 resident population, age-adjusted",1,Sex and race and Hispanic origin,5,Female: Hispanic or Latino: All races,5.6,2014,16,All ages,1.1,0.7,NULL
Drug overdose death rates,Drug overdose deaths involving heroin,5,"Deaths per 100,000 resident population, age-adjusted",1,Sex and race and Hispanic origin,5,Female: Hispanic or Latino: All races,5.6,2015,17,All ages,1.1,0.8,NULL
Drug overdose death rates,Drug overdose deaths involving heroin,5,"Deaths per 100,000 resident population, age-adjusted",1,Sex and race and Hispanic origin,5,Female: Hispanic or Latino: All races,5.6,2016,18,All ages,1.1,1.1,NULL
Drug overdose death rates,Drug overdose deaths involving heroin,5,"Deaths per 100,000 resident population, age-adjusted",1,Sex and race and Hispanic origin,5,Female: Hispanic or Latino: All races,5.6,2017,19,All ages,1.1,1.1,NULL
Drug overdose death rates,Drug overdose deaths involving heroin,5,"Deaths per 100,000 resident population, age-adjusted",1,Sex and race and Hispanic origin,5,Female: Hispanic or Latino: All races,5.6,2018,20,All ages,1.1,1.1,NULL
Drug overdose death rates,Drug overdose deaths involving heroin,5,"Deaths per 100,000 resident population, age-adjusted",1,Sex and race and Hispanic origin,5,Female: Not Hispanic or Latino: White,5.7,1999,1,All ages,1.1,0.2,NULL
Drug overdose death rates,Drug overdose deaths involving heroin,5,"Deaths per 100,000 resident population, age-adjusted",1,Sex and race and Hispanic origin,5,Female: Not Hispanic or Latino: White,5.7,2000,2,All ages,1.1,0.2,NULL
Drug overdose death rates,Drug overdose deaths involving heroin,5,"Deaths per 100,000 resident population, age-adjusted",1,Sex and race and Hispanic origin,5,Female: Not Hispanic or Latino: White,5.7,2001,3,All ages,1.1,0.2,NULL
Drug overdose death rates,Drug overdose deaths involving heroin,5,"Deaths per 100,000 resident population, age-adjusted",1,Sex and race and Hispanic origin,5,Female: Not Hispanic or Latino: White,5.7,2002,4,All ages,1.1,0.3,NULL
Drug overdose death rates,Drug overdose deaths involving heroin,5,"Deaths per 100,000 resident population, age-adjusted",1,Sex and race and Hispanic origin,5,Female: Not Hispanic or Latino: White,5.7,2003,5,All ages,1.1,0.3,NULL
Drug overdose death rates,Drug overdose deaths involving heroin,5,"Deaths per 100,000 resident population, age-adjusted",1,Sex and race and Hispanic origin,5,Female: Not Hispanic or Latino: White,5.7,2004,6,All ages,1.1,0.3,NULL
Drug overdose death rates,Drug overdose deaths involving heroin,5,"Deaths per 100,000 resident population, age-adjusted",1,Sex and race and Hispanic origin,5,Female: Not Hispanic or Latino: White,5.7,2005,7,All ages,1.1,0.3,NULL
Drug overdose death rates,Drug overdose deaths involving heroin,5,"Deaths per 100,000 resident population, crude",2,Total,0,All persons,0.1,2004,6,All ages,1.1,0.6,NULL
Drug overdose death rates,Drug overdose deaths involving heroin,5,"Deaths per 100,000 resident population, age-adjusted",1,Sex and race and Hispanic origin,5,Female: Not Hispanic or Latino: White,5.7,2006,8,All ages,1.1,0.2,NULL
Drug overdose death rates,Drug overdose deaths involving heroin,5,"Deaths per 100,000 resident population, age-adjusted",1,Sex and race and Hispanic origin,5,Female: Not Hispanic or Latino: White,5.7,2007,9,All ages,1.1,0.3,NULL
Drug overdose death rates,Drug overdose deaths involving heroin,5,"Deaths per 100,000 resident population, age-adjusted",1,Sex and race and Hispanic origin,5,Female: Not Hispanic or Latino: White,5.7,2008,10,All ages,1.1,0.4,NULL
Drug overdose death rates,Drug overdose deaths involving heroin,5,"Deaths per 100,000 resident population, age-adjusted",1,Sex and race and Hispanic origin,5,Female: Not Hispanic or Latino: White,5.7,2009,11,All ages,1.1,0.5,NULL
Drug overdose death rates,Drug overdose deaths involving heroin,5,"Deaths per 100,000 resident population, age-adjusted",1,Sex and race and Hispanic origin,5,Female: Not Hispanic or Latino: White,5.7,2010,12,All ages,1.1,0.5,NULL
Drug overdose death rates,Drug overdose deaths involving heroin,5,"Deaths per 100,000 resident population, age-adjusted",1,Sex and race and Hispanic origin,5,Female: Not Hispanic or Latino: White,5.7,2011,13,All ages,1.1,0.7,NULL
Drug overdose death rates,Drug overdose deaths involving heroin,5,"Deaths per 100,000 resident population, age-adjusted",1,Sex and race and Hispanic origin,5,Female: Not Hispanic or Latino: White,5.7,2012,14,All ages,1.1,1.1,NULL
Drug overdose death rates,Drug overdose deaths involving heroin,5,"Deaths per 100,000 resident population, age-adjusted",1,Sex and race and Hispanic origin,5,Female: Not Hispanic or Latino: White,5.7,2013,15,All ages,1.1,1.5,NULL
Drug overdose death rates,Drug overdose deaths involving heroin,5,"Deaths per 100,000 resident population, age-adjusted",1,Sex and race and Hispanic origin,5,Female: Not Hispanic or Latino: White,5.7,2014,16,All ages,1.1,2.1,NULL
Drug overdose death rates,Drug overdose deaths involving heroin,5,"Deaths per 100,000 resident population, age-adjusted",1,Sex and race and Hispanic origin,5,Female: Not Hispanic or Latino: White,5.7,2015,17,All ages,1.1,2.7,NULL
Drug overdose death rates,Drug overdose deaths involving heroin,5,"Deaths per 100,000 resident population, age-adjusted",1,Sex and race and Hispanic origin,5,Female: Not Hispanic or Latino: White,5.7,2016,18,All ages,1.1,3.1,NULL
Drug overdose death rates,Drug overdose deaths involving heroin,5,"Deaths per 100,000 resident population, age-adjusted",1,Sex and race and Hispanic origin,5,Female: Not Hispanic or Latino: White,5.7,2017,19,All ages,1.1,3.2,NULL
Drug overdose death rates,Drug overdose deaths involving heroin,5,"Deaths per 100,000 resident population, age-adjusted",1,Sex and race and Hispanic origin,5,Female: Not Hispanic or Latino: White,5.7,2018,20,All ages,1.1,3.0,NULL
Drug overdose death rates,Drug overdose deaths involving heroin,5,"Deaths per 100,000 resident population, age-adjusted",1,Sex and race and Hispanic origin,5,Female: Not Hispanic or Latino: Black,5.8,1999,1,All ages,1.1,0.3,NULL
Drug overdose death rates,Drug overdose deaths involving heroin,5,"Deaths per 100,000 resident population, age-adjusted",1,Sex and race and Hispanic origin,5,Female: Not Hispanic or Latino: Black,5.8,2000,2,All ages,1.1,0.3,NULL
Drug overdose death rates,Drug overdose deaths involving heroin,5,"Deaths per 100,000 resident population, age-adjusted",1,Sex and race and Hispanic origin,5,Female: Not Hispanic or Latino: Black,5.8,2001,3,All ages,1.1,0.3,NULL
Drug overdose death rates,Drug overdose deaths involving heroin,5,"Deaths per 100,000 resident population, age-adjusted",1,Sex and race and Hispanic origin,5,Female: Not Hispanic or Latino: Black,5.8,2002,4,All ages,1.1,0.3,NULL
Drug overdose death rates,Drug overdose deaths involving heroin,5,"Deaths per 100,000 resident population, age-adjusted",1,Sex and race and Hispanic origin,5,Female: Not Hispanic or Latino: Black,5.8,2003,5,All ages,1.1,0.3,NULL
Drug overdose death rates,Drug overdose deaths involving heroin,5,"Deaths per 100,000 resident population, age-adjusted",1,Sex and race and Hispanic origin,5,Female: Not Hispanic or Latino: Black,5.8,2004,6,All ages,1.1,0.3,NULL
Drug overdose death rates,Drug overdose deaths involving heroin,5,"Deaths per 100,000 resident population, age-adjusted",1,Sex and race and Hispanic origin,5,Female: Not Hispanic or Latino: Black,5.8,2005,7,All ages,1.1,0.3,NULL
Drug overdose death rates,Drug overdose deaths involving heroin,5,"Deaths per 100,000 resident population, age-adjusted",1,Sex and race and Hispanic origin,5,Female: Not Hispanic or Latino: Black,5.8,2006,8,All ages,1.1,0.3,NULL
Drug overdose death rates,Drug overdose deaths involving heroin,5,"Deaths per 100,000 resident population, age-adjusted",1,Sex and race and Hispanic origin,5,Female: Not Hispanic or Latino: Black,5.8,2007,9,All ages,1.1,0.3,NULL
Drug overdose death rates,Drug overdose deaths involving heroin,5,"Deaths per 100,000 resident population, age-adjusted",1,Sex and race and Hispanic origin,5,Female: Not Hispanic or Latino: Black,5.8,2008,10,All ages,1.1,0.3,NULL
Drug overdose death rates,Drug overdose deaths involving heroin,5,"Deaths per 100,000 resident population, age-adjusted",1,Sex and race and Hispanic origin,5,Female: Not Hispanic or Latino: Black,5.8,2009,11,All ages,1.1,0.3,NULL
Drug overdose death rates,Drug overdose deaths involving heroin,5,"Deaths per 100,000 resident population, age-adjusted",1,Sex and race and Hispanic origin,5,Female: Not Hispanic or Latino: Black,5.8,2010,12,All ages,1.1,0.3,NULL
Drug overdose death rates,Drug overdose deaths involving heroin,5,"Deaths per 100,000 resident population, crude",2,Total,,All persons,0.1,2005,7,All ages,.1,0.7,NULL
Drug overdose death rates,Drug overdose deaths involving heroin,5,"Deaths per 100,000 resident population, age-adjusted",1,Sex and race and Hispanic origin,5,Female: Not Hispanic or Latino: Black,5.8,2011,13,All ages,1.1,0.4,NULL
Drug overdose death rates,Drug overdose deaths involving heroin,5,"Deaths per 100,000 resident population, age-adjusted",1,Sex and race and Hispanic origin,5,Female: Not Hispanic or Latino: Black,5.8,2012,14,All ages,1.1,0.5,NULL
Drug overdose death rates,Drug overdose deaths involving heroin,5,"Deaths per 100,000 resident population, age-adjusted",1,Sex and race and Hispanic origin,5,Female: Not Hispanic or Latino: Black,5.8,2013,15,All ages,1.1,0.7,NULL
Drug overdose death rates,Drug overdose deaths involving heroin,5,"Deaths per 100,000 resident population, age-adjusted",1,Sex and race and Hispanic origin,5,Female: Not Hispanic or Latino: Black,5.8,2014,16,All ages,1.1,1.1,NULL
Drug overdose death rates,Drug overdose deaths involving heroin,5,"Deaths per 100,000 resident population, age-adjusted",1,Sex and race and Hispanic origin,5,Female: Not Hispanic or Latino: Black,5.8,2015,17,All ages,1.1,1.4,NULL
Drug overdose death rates,Drug overdose deaths involving heroin,5,"Deaths per 100,000 resident population, age-adjusted",1,Sex and race and Hispanic origin,5,Female: Not Hispanic or Latino: Black,5.8,2016,18,All ages,1.1,2.0,NULL
Drug overdose death rates,Drug overdose deaths involving heroin,5,"Deaths per 100,000 resident population, age-adjusted",1,Sex and race and Hispanic origin,5,Female: Not Hispanic or Latino: Black,5.8,2017,19,All ages,1.1,2.3,NULL
Drug overdose death rates,Drug overdose deaths involving heroin,5,"Deaths per 100,000 resident population, age-adjusted",1,Sex and race and Hispanic origin,5,Female: Not Hispanic or Latino: Black,5.8,2018,20,All ages,1.1,2.4,NULL
Drug overdose death rates,Drug overdose deaths involving heroin,5,"Deaths per 100,000 resident population, age-adjusted",1,Sex and race and Hispanic origin,5,Female: Not Hispanic or Latino: American Indian or Alaska Native,5.9,1999,1,All ages,1.1,NULL,*
Drug overdose death rates,Drug overdose deaths involving heroin,5,"Deaths per 100,000 resident population, age-adjusted",1,Sex and race and Hispanic origin,5,Female: Not Hispanic or Latino: American Indian or Alaska Native,5.9,2000,2,All ages,1.1,NULL,*
Drug overdose death rates,Drug overdose deaths involving heroin,5,"Deaths per 100,000 resident population, age-adjusted",1,Sex and race and Hispanic origin,5,Female: Not Hispanic or Latino: American Indian or Alaska Native,5.9,2001,3,All ages,1.1,NULL,*
Drug overdose death rates,Drug overdose deaths involving heroin,5,"Deaths per 100,000 resident population, age-adjusted",1,Sex and race and Hispanic origin,5,Female: Not Hispanic or Latino: American Indian or Alaska Native,5.9,2002,4,All ages,1.1,NULL,*
Drug overdose death rates,Drug overdose deaths involving heroin,5,"Deaths per 100,000 resident population, age-adjusted",1,Sex and race and Hispanic origin,5,Female: Not Hispanic or Latino: American Indian or Alaska Native,5.9,2003,5,All ages,1.1,NULL,*
Drug overdose death rates,Drug overdose deaths involving heroin,5,"Deaths per 100,000 resident population, age-adjusted",1,Sex and race and Hispanic origin,5,Female: Not Hispanic or Latino: American Indian or Alaska Native,5.9,2004,6,All ages,1.1,NULL,*
Drug overdose death rates,Drug overdose deaths involving heroin,5,"Deaths per 100,000 resident population, age-adjusted",1,Sex and race and Hispanic origin,5,Female: Not Hispanic or Latino: American Indian or Alaska Native,5.9,2005,7,All ages,1.1,NULL,*
Drug overdose death rates,Drug overdose deaths involving heroin,5,"Deaths per 100,000 resident population, age-adjusted",1,Sex and race and Hispanic origin,5,Female: Not Hispanic or Latino: American Indian or Alaska Native,5.9,2006,8,All ages,1.1,NULL,*
Drug overdose death rates,Drug overdose deaths involving heroin,5,"Deaths per 100,000 resident population, age-adjusted",1,Sex and race and Hispanic origin,5,Female: Not Hispanic or Latino: American Indian or Alaska Native,5.9,2007,9,All ages,1.1,NULL,*
Drug overdose death rates,Drug overdose deaths involving heroin,5,"Deaths per 100,000 resident population, age-adjusted",1,Sex and race and Hispanic origin,5,Female: Not Hispanic or Latino: American Indian or Alaska Native,5.9,2008,10,All ages,1.1,NULL,*
Drug overdose death rates,Drug overdose deaths involving heroin,5,"Deaths per 100,000 resident population, age-adjusted",1,Sex and race and Hispanic origin,5,Female: Not Hispanic or Latino: American Indian or Alaska Native,5.9,2009,11,All ages,1.1,NULL,*
Drug overdose death rates,Drug overdose deaths involving heroin,5,"Deaths per 100,000 resident population, age-adjusted",1,Sex and race and Hispanic origin,5,Female: Not Hispanic or Latino: American Indian or Alaska Native,5.9,2010,12,All ages,1.1,NULL,*
Drug overdose death rates,Drug overdose deaths involving heroin,5,"Deaths per 100,000 resident population, age-adjusted",1,Sex and race and Hispanic origin,5,Female: Not Hispanic or Latino: American Indian or Alaska Native,5.9,2011,13,All ages,1.1,NULL,*
Drug overdose death rates,Drug overdose deaths involving heroin,5,"Deaths per 100,000 resident population, age-adjusted",1,Sex and race and Hispanic origin,5,Female: Not Hispanic or Latino: American Indian or Alaska Native,5.9,2012,14,All ages,1.1,NULL,*
Drug overdose death rates,Drug overdose deaths involving heroin,5,"Deaths per 100,000 resident population, age-adjusted",1,Sex and race and Hispanic origin,5,Female: Not Hispanic or Latino: American Indian or Alaska Native,5.9,2013,15,All ages,1.1,1.6,NULL
Drug overdose death rates,Drug overdose deaths involving heroin,5,"Deaths per 100,000 resident population, age-adjusted",1,Sex and race and Hispanic origin,5,Female: Not Hispanic or Latino: American Indian or Alaska Native,5.9,2014,16,All ages,1.1,1.9,NULL
Drug overdose death rates,Drug overdose deaths involving heroin,5,"Deaths per 100,000 resident population, age-adjusted",1,Sex and race and Hispanic origin,5,Female: Not Hispanic or Latino: American Indian or Alaska Native,5.9,2015,17,All ages,1.1,2.5,NULL
Drug overdose death rates,Drug overdose deaths involving heroin,5,"Deaths per 100,000 resident population, age-adjusted",1,Sex and race and Hispanic origin,5,Female: Not Hispanic or Latino: American Indian or Alaska Native,5.9,2016,18,All ages,1.1,3.3,NULL
Drug overdose death rates,Drug overdose deaths involving heroin,5,"Deaths per 100,000 resident population, age-adjusted",1,Sex and race and Hispanic origin,5,Female: Not Hispanic or Latino: American Indian or Alaska Native,5.9,2017,19,All ages,1.1,3.6,NULL
Drug overdose death rates,Drug overdose deaths involving heroin,5,"Deaths per 100,000 resident population, age-adjusted",1,Sex and race and Hispanic origin,5,Female: Not Hispanic or Latino: American Indian or Alaska Native,5.9,2018,20,All ages,1.1,2.6,NULL
Drug overdose death rates,Drug overdose deaths involving heroin,5,"Deaths per 100,000 resident population, age-adjusted",1,Sex and race and Hispanic origin,5,Female: Not Hispanic or Latino: Asian or Pacific Islander,5.91,1999,1,All ages,1.1,NULL,*
Drug overdose death rates,Drug overdose deaths involving heroin,5,"Deaths per 100,000 resident population, age-adjusted",1,Sex and race and Hispanic origin,5,Female: Not Hispanic or Latino: Asian or Pacific Islander,5.91,2000,2,All ages,1.1,NULL,*
Drug overdose death rates,Drug overdose deaths involving heroin,5,"Deaths per 100,000 resident population, age-adjusted",1,Sex and race and Hispanic origin,5,Female: Not Hispanic or Latino: Asian or Pacific Islander,5.91,2001,3,All ages,1.1,NULL,*
Drug overdose death rates,Drug overdose deaths involving heroin,5,"Deaths per 100,000 resident population, age-adjusted",1,Sex and race and Hispanic origin,5,Female: Not Hispanic or Latino: Asian or Pacific Islander,5.91,2002,4,All ages,1.1,NULL,*
Drug overdose death rates,Drug overdose deaths involving heroin,5,"Deaths per 100,000 resident population, age-adjusted",1,Sex and race and Hispanic origin,5,Female: Not Hispanic or Latino: Asian or Pacific Islander,5.91,2003,5,All ages,1.1,NULL,*
Drug overdose death rates,Drug overdose deaths involving heroin,5,"Deaths per 100,000 resident population, age-adjusted",1,Sex and race and Hispanic origin,5,Female: Not Hispanic or Latino: Asian or Pacific Islander,5.91,2004,6,All ages,1.1,NULL,*
Drug overdose death rates,Drug overdose deaths involving heroin,5,"Deaths per 100,000 resident population, age-adjusted",1,Sex and race and Hispanic origin,5,Female: Not Hispanic or Latino: Asian or Pacific Islander,5.91,2005,7,All ages,1.1,NULL,*
Drug overdose death rates,Drug overdose deaths involving heroin,5,"Deaths per 100,000 resident population, age-adjusted",1,Sex and race and Hispanic origin,5,Female: Not Hispanic or Latino: Asian or Pacific Islander,5.91,2006,8,All ages,1.1,NULL,*
Drug overdose death rates,Drug overdose deaths involving heroin,5,"Deaths per 100,000 resident population, age-adjusted",1,Sex and race and Hispanic origin,5,Female: Not Hispanic or Latino: Asian or Pacific Islander,5.91,2007,9,All ages,1.1,NULL,*
Drug overdose death rates,Drug overdose deaths involving heroin,5,"Deaths per 100,000 resident population, age-adjusted",1,Sex and race and Hispanic origin,5,Female: Not Hispanic or Latino: Asian or Pacific Islander,5.91,2008,10,All ages,1.1,NULL,*
Drug overdose death rates,Drug overdose deaths involving heroin,5,"Deaths per 100,000 resident population, age-adjusted",1,Sex and race and Hispanic origin,5,Female: Not Hispanic or Latino: Asian or Pacific Islander,5.91,2009,11,All ages,1.1,NULL,*
Drug overdose death rates,Drug overdose deaths involving heroin,5,"Deaths per 100,000 resident population, age-adjusted",1,Sex and race and Hispanic origin,5,Female: Not Hispanic or Latino: Asian or Pacific Islander,5.91,2010,12,All ages,1.1,NULL,*
Drug overdose death rates,Drug overdose deaths involving heroin,5,"Deaths per 100,000 resident population, age-adjusted",1,Sex and race and Hispanic origin,5,Female: Not Hispanic or Latino: Asian or Pacific Islander,5.91,2011,13,All ages,1.1,NULL,*
Drug overdose death rates,Drug overdose deaths involving heroin,5,"Deaths per 100,000 resident population, age-adjusted",1,Sex and race and Hispanic origin,5,Female: Not Hispanic or Latino: Asian or Pacific Islander,5.91,2012,14,All ages,1.1,NULL,*
Drug overdose death rates,Drug overdose deaths involving heroin,5,"Deaths per 100,000 resident population, age-adjusted",1,Sex and race and Hispanic origin,5,Female: Not Hispanic or Latino: Asian or Pacific Islander,5.91,2013,15,All ages,1.1,NULL,*
Drug overdose death rates,Drug overdose deaths involving heroin,5,"Deaths per 100,000 resident population, age-adjusted",1,Sex and race and Hispanic origin,5,Female: Not Hispanic or Latino: Asian or Pacific Islander,5.91,2014,16,All ages,1.1,NULL,*
Drug overdose death rates,Drug overdose deaths involving heroin,5,"Deaths per 100,000 resident population, age-adjusted",1,Sex and race and Hispanic origin,5,Female: Not Hispanic or Latino: Asian or Pacific Islander,5.91,2015,17,All ages,1.1,NULL,*
Drug overdose death rates,Drug overdose deaths involving heroin,5,"Deaths per 100,000 resident population, age-adjusted",1,Sex and race and Hispanic origin,5,Female: Not Hispanic or Latino: Asian or Pacific Islander,5.91,2016,18,All ages,1.1,NULL,*
Drug overdose death rates,Drug overdose deaths involving heroin,5,"Deaths per 100,000 resident population, age-adjusted",1,Sex and race and Hispanic origin,5,Female: Not Hispanic or Latino: Asian or Pacific Islander,5.91,2017,19,All ages,1.1,0.2,NULL
Drug overdose death rates,Drug overdose deaths involving heroin,5,"Deaths per 100,000 resident population, age-adjusted",1,Sex and race and Hispanic origin,5,Female: Not Hispanic or Latino: Asian or Pacific Islander,5.91,2018,20,All ages,1.1,0.2,NULL
Drug overdose death rates,Drug overdose deaths involving heroin,5,"Deaths per 100,000 resident population, crude",2,Total,0,All persons,0.1,2006,8,All ages,.11,0.7,NULL
Drug overdose death rates,Drug overdose deaths involving heroin,5,"Deaths per 100,000 resident population, crude",2,Total,0,All persons,0.1,2007,9,All ages,.1,0.8,NULL
Drug overdose death rates,Drug overdose deaths involving heroin,5,"Deaths per 100,000 resident population, crude",2,Total,0,All persons,0.1,2008,10,All ages,.11,1.0,NULL
Drug overdose death rates,Drug overdose deaths involving heroin,5,"Deaths per 100,000 resident population, crude",2,Total,0,All persons,0.1,2009,11,All ages,11.,1.1,NULL
Drug overdose death rates,Drug overdose deaths involving heroin,5,"Deaths per 100,000 resident population, crude",2,Total,,All persons,0.1,2010,12,All ages,1.1,1.0,NULL
Drug overdose death rates,Drug overdose deaths involving heroin,5,"Deaths per 100,000 resident population, crude",2,Total,0,All persons,0.1,2011,13,All ages,1.1,1.4,NULL
Drug overdose death rates,Drug overdose deaths involving heroin,5,"Deaths per 100,000 resident population, crude",2,Total,0,All persons,0.1,2012,14,All ages,11.,1.9,NULL
Drug overdose death rates,Drug overdose deaths involving heroin,5,"Deaths per 100,000 resident population, crude",2,Total,0,All persons,0.1,2013,15,All ages,1.1,2.6,NULL
Drug overdose death rates,Drug overdose deaths involving heroin,5,"Deaths per 100,000 resident population, crude",2,Total,0,All persons,0.1,2014,16,All ages,.11,3.3,NULL
Drug overdose death rates,Drug overdose deaths involving heroin,5,"Deaths per 100,000 resident population, crude",2,Total,0,All persons,0.1,2015,17,All ages,1.1,4.0,NULL
Drug overdose death rates,Drug overdose deaths involving heroin,5,"Deaths per 100,000 resident population, crude",2,Total,***,All persons,0.1,2016,18,All ages,1.1,4.8,NULL
Drug overdose death rates,Drug overdose deaths involving heroin,5,"Deaths per 100,000 resident population, crude",2,Total,***,All persons,0.1,2017,19,All ages,n1.1,4.8,NULL
Drug overdose death rates,Drug overdose deaths involving heroin,5,"Deaths per 100,000 resident population, crude",2,Age,1,Under 15 years,1.1,1999,1,Under 15 years,1.2,NULL,*
Drug overdose death rates,Drug overdose deaths involving heroin,5,"Deaths per 100,000 resident population, crude",2,Age,1,Under 15 years,1.1,2000,2,Under 15 years,1.2,NULL,*
Drug overdose death rates,Drug overdose deaths involving heroin,5,"Deaths per 100,000 resident population, crude",2,Age,1,Under 15 years,1.1,2001,3,Under 15 years,1.2,NULL,*
Drug overdose death rates,Drug overdose deaths involving heroin,5,"Deaths per 100,000 resident population, crude",2,Age,1,Under 15 years,1.1,2002,4,Under 15 years,1.2,NULL,*
Drug overdose death rates,Drug overdose deaths involving heroin,5,"Deaths per 100,000 resident population, crude",2,Age,1,Under 15 years,1.1,2003,5,Under 15 years,1.2,NULL,*
Drug overdose death rates,Drug overdose deaths involving heroin,5,"Deaths per 100,000 resident population, crude",2,Age,1,Under 15 years,1.1,2004,6,Under 15 years,1.2,NULL,*
Drug overdose death rates,Drug overdose deaths involving heroin,5,"Deaths per 100,000 resident population, crude",2,Age,1,Under 15 years,1.1,2005,7,Under 15 years,1.2,NULL,*
Drug overdose death rates,Drug overdose deaths involving heroin,5,"Deaths per 100,000 resident population, crude",2,Age,1,Under 15 years,1.1,2006,8,Under 15 years,1.2,NULL,*
Drug overdose death rates,Drug overdose deaths involving heroin,5,"Deaths per 100,000 resident population, crude",2,Age,1,Under 15 years,1.1,2007,9,Under 15 years,1.2,NULL,*
Drug overdose death rates,Drug overdose deaths involving heroin,5,"Deaths per 100,000 resident population, crude",2,Age,1,Under 15 years,1.1,2008,10,Under 15 years,1.2,NULL,*
Drug overdose death rates,Drug overdose deaths involving heroin,5,"Deaths per 100,000 resident population, crude",2,Age,1,Under 15 years,1.1,2009,11,Under 15 years,1.2,NULL,*
Drug overdose death rates,Drug overdose deaths involving heroin,5,"Deaths per 100,000 resident population, crude",2,Age,1,Under 15 years,1.1,2010,12,Under 15 years,1.2,NULL,*
Drug overdose death rates,Drug overdose deaths involving heroin,5,"Deaths per 100,000 resident population, crude",2,Age,1,Under 15 years,1.1,2011,13,Under 15 years,1.2,NULL,*
Drug overdose death rates,Drug overdose deaths involving heroin,5,"Deaths per 100,000 resident population, crude",2,Age,1,Under 15 years,1.1,2012,14,Under 15 years,1.2,NULL,*
Drug overdose death rates,Drug overdose deaths involving heroin,5,"Deaths per 100,000 resident population, crude",2,Age,1,Under 15 years,1.1,2013,15,Under 15 years,1.2,NULL,*
Drug overdose death rates,Drug overdose deaths involving heroin,5,"Deaths per 100,000 resident population, crude",2,Age,1,Under 15 years,1.1,2014,16,Under 15 years,1.2,NULL,*
Drug overdose death rates,Drug overdose deaths involving heroin,5,"Deaths per 100,000 resident population, crude",2,Age,1,Under 15 years,1.1,2015,17,Under 15 years,1.2,NULL,*
Drug overdose death rates,Drug overdose deaths involving heroin,5,"Deaths per 100,000 resident population, crude",2,Age,1,Under 15 years,1.1,2016,18,Under 15 years,1.2,NULL,*
Drug overdose death rates,Drug overdose deaths involving heroin,5,"Deaths per 100,000 resident population, crude",2,Age,1,Under 15 years,1.1,2017,19,Under 15 years,1.2,NULL,*
Drug overdose death rates,Drug overdose deaths involving heroin,5,"Deaths per 100,000 resident population, crude",2,Age,1,15-24 years,1.2,1999,1,15-24 years,1.3,0.5,NULL
Drug overdose death rates,Drug overdose deaths involving heroin,5,"Deaths per 100,000 resident population, crude",2,Age,,15-24 years,1.2,2000,2,15-24 years,1.3,0.6,NULL
Drug overdose death rates,Drug overdose deaths involving heroin,5,"Deaths per 100,000 resident population, crude",2,Age,1,15-24 years,1.2,2001,3,15-24 years,1.3,0.5,NULL
Drug overdose death rates,Drug overdose deaths involving heroin,5,"Deaths per 100,000 resident population, crude",2,Age,1,15-24 years,1.2,2002,4,15-24 yearzs,1.3,0.6,NULL
Drug overdose death rates,Drug overdose deaths involving heroin,5,"Deaths per 100,000 resident population, crude",2,Age,,15-24 years,1.2,2003,5,15-24 years,1.3,0.6,NULL
Drug overdose death rates,Drug overdose deaths involving heroin,5,"Deaths per 100,000 resident population, crude",2,Age,,15-24 years,1.2,2004,6,15-24 years,1.3,0.6,NULL
Drug overdose death rates,Drug overdose deaths involving heroin,5,"Deaths per 100,000 resident population, crude",2,Age,1,15-24 years,1.2,2005,7,15-24 years,1.3,0.7,NULL
Drug overdose death rates,Drug overdose deaths involving heroin,5,"Deaths per 100,000 resident population, crude",2,Age,1,15-24 years,1.2,2006,8,15-24 years,1.3,0.7,NULL
Drug overdose death rates,Drug overdose deaths involving heroin,5,"Deaths per 100,000 resident population, crude",2,Age,1,15-24 years,1.2,2007,9,15-24 years,1.3,0.8,NULL
Drug overdose death rates,Drug overdose deaths involving heroin,5,"Deaths per 100,000 resident population, crude",2,Age,c1,15-24 years,1.2,2008,10,15-24 years,1.3,1.1,NULL
Drug overdose death rates,Drug overdose deaths involving heroin,5,"Deaths per 100,000 resident population, crude",2,Age,1,15-24 years,1.2,2009,11,15-z24 years,1.3,1.2,NULL
Drug overdose death rates,Drug overdose deaths involving heroin,5,"Deaths per 100,000 resident population, crude",2,Age,1,15-24 years,1.2,2010,12,15-24 years,1.3,1.2,NULL
Drug overdose death rates,Drug overdose deaths involving heroin,5,"Deaths per 100,000 resident population, crude",2,Age,1,15-24 years,1.2,2011,13,15-2 4years,1.3,1.8,NULL
Drug overdose death rates,Drug overdose deaths involving heroin,5,"Deaths per 100,000 resident population, crude",2,Age,1,15-24 years,1.2,2012,14,15-24 yezars,1.3,2.2,NULL
Drug overdose death rates,Drug overdose deaths involving heroin,5,"Deaths per 100,000 resident population, crude",2,Age,1,15-24 years,1.2,2013,15,15-24 years,1.3,2.9,NULL
Drug overdose death rates,Drug overdose deaths involving heroin,5,"Deaths per 100,000 resident population, crude",2,Age,1,15-24 years,1.2,2014,16,15-24 years,1.3,3.3,NULL
Drug overdose death rates,Drug overdose deaths involving heroin,5,"Deaths per 100,000 resident population, crude",2,Age,f1,15-24 years,1.2,2015,17,1-524 years,1.3,3.8,NULL
Drug overdose death rates,Drug overdose deaths involving heroin,5,"Deaths per 100,000 resident population, crude",2,Age,1,15-24 years,1.2,2016,18,15-24 years,1.3,4.0,NULL
Drug overdose death rates,Drug overdose deaths involving heroin,5,"Deaths per 100,000 resident population, crude",2,Age,,15-24 years,1.2,2017,19,1-524 years,1.3,3.4,NULL
Drug overdose death rates,Drug overdose deaths involving heroin,5,"Deaths per 100,000 resident population, crude",2,Age,1,25-34 years,1.3,1999,1,25-34 years,1.4,1.0,NULL
Drug overdose death rates,Drug overdose deaths involving heroin,5,"Deaths per 100,000 resident population, crude",2,Age,1,25-34 years,1.3,2000,2,25-34 years,1.4,1.0,NULL
Drug overdose death rates,Drug overdose deaths involving heroin,5,"Deaths per 100,000 resident population, crude",2,Age,1,25-34 years,1.3,2001,3,25-34 years,1.4,1.0,NULL
Drug overdose death rates,Drug overdose deaths involving heroin,5,"Deaths per 100,000 resident population, crude",2,Age,1,25-34 years,1.3,2002,4,25-34 years,1.4,1.1,NULL
Drug overdose death rates,Drug overdose deaths involving heroin,5,"Deaths per 100,000 resident population, crude",2,Age,1,25-34 years,1.3,2003,5,25-34 years,1.4,1.1,NULL
Drug overdose death rates,Drug overdose deaths involving heroin,5,"Deaths per 100,000 resident population, crude",2,Age,1,25-34 years,1.3,2004,6,25-34 years,1.4,1.1,NULL
Drug overdose death rates,Drug overdose deaths involving heroin,5,"Deaths per 100,000 resident population, crude",2,Age,1,25-34 years,1.3,2005,7,25-34 years,1.4,1.2,NULL
Drug overdose death rates,Drug overdose deaths involving heroin,5,"Deaths per 100,000 resident population, crude",2,Age,1,25-34 years,1.3,2006,8,25-34 years,1.4,1.2,NULL
Drug overdose death rates,Drug overdose deaths involving heroin,5,"Deaths per 100,000 resident population, crude",2,Age,1,25-34 years,1.3,2007,9,25-34 years,1.4,1.5,NULL
Drug overdose death rates,Drug overdose deaths involving heroin,5,"Deaths per 100,000 resident population, crude",2,Age,1,25-34 years,1.3,2008,10,25-34 years,1.4,2.0,NULL
Drug overdose death rates,Drug overdose deaths involving heroin,5,"Deaths per 100,000 resident population, crude",2,Age,1,25-34 years,1.3,2009,11,25-34 years,1.4,2.3,NULL
Drug overdose death rates,Drug overdose deaths involving heroin,5,"Deaths per 100,000 resident population, crude",2,Age,1,25-34 years,1.3,2010,12,25-34 years,1.4,2.2,NULL
Drug overdose death rates,Drug overdose deaths involving heroin,5,"Deaths per 100,000 resident population, crude",2,Age,1,25-34 years,1.3,2011,13,25-34 years,1.4,3.4,NULL
Drug overdose death rates,Drug overdose deaths involving heroin,5,"Deaths per 100,000 resident population, crude",2,Age,1,25-34 years,1.3,2012,14,25-34 years,1.4,4.6,NULL
Drug overdose death rates,Drug overdose deaths involving heroin,5,"Deaths per 100,000 resident population, crude",2,Age,1,25-34 years,1.3,2013,15,25-34 years,1.4,6.3,NULL
Drug overdose death rates,Drug overdose deaths involving heroin,5,"Deaths per 100,000 resident population, crude",2,Age,1,25-34 years,1.3,2014,16,25-34 years,1.4,8.0,NULL
Drug overdose death rates,Drug overdose deaths involving heroin,5,"Deaths per 100,000 resident population, crude",2,Age,1,25-34 years,1.3,2015,17,25-34 years,1.4,9.7,NULL
Drug overdose death rates,Drug overdose deaths involving heroin,5,"Deaths per 100,000 resident population, crude",2,Age,1,25-34 years,1.3,2016,18,25-34 years,1.4,11.3,NULL
Drug overdose death rates,Drug overdose deaths involving heroin,5,"Deaths per 100,000 resident population, crude",2,Age,1,25-34 years,1.3,2017,19,25-34 years,1.4,10.8,NULL
Drug overdose death rates,Drug overdose deaths involving heroin,5,"Deaths per 100,000 resident population, crude",2,Age,1,35-44 years,1.4,1999,1,35-44 years,1.5,1.8,NULL
Drug overdose death rates,Drug overdose deaths involving heroin,5,"Deaths per 100,000 resident population, crude",2,Age,1,35-44 years,1.4,2000,2,35-44 years,1.5,1.5,NULL
Drug overdose death rates,Drug overdose deaths involving heroin,5,"Deaths per 100,000 resident population, crude",2,Age,1,35-44 years,1.4,2001,3,35-44 years,1.5,1.5,NULL
Drug overdose death rates,Drug overdose deaths involving heroin,5,"Deaths per 100,000 resident population, crude",2,Age,1,35-44 years,1.4,2002,4,35-44 years,1.5,1.7,NULL
Drug overdose death rates,Drug overdose deaths involving heroin,5,"Deaths per 100,000 resident population, crude",2,Age,1,35-44 years,1.4,2003,5,35-44 years,1.5,1.5,NULL
Drug overdose death rates,Drug overdose deaths involving heroin,5,"Deaths per 100,000 resident population, crude",2,Age,1,35-44 years,1.4,2004,6,35-44 years,1.5,1.2,NULL
Drug overdose death rates,Drug overdose deaths involving heroin,5,"Deaths per 100,000 resident population, crude",2,Age,1,35-44 years,1.4,2005,7,35-44 years,1.5,1.2,NULL
Drug overdose death rates,Drug overdose deaths involving heroin,5,"Deaths per 100,000 resident population, crude",2,Age,1,35-44 years,1.4,2006,8,35-44 years,1.5,1.3,NULL
Drug overdose death rates,Drug overdose deaths involving heroin,5,"Deaths per 100,000 resident population, crude",2,Age,1,35-44 years,1.4,2007,9,35-44 years,1.5,1.4,NULL
Drug overdose death rates,Drug overdose deaths involving heroin,5,"Deaths per 100,000 resident population, crude",2,Age,1,35-44 years,1.4,2008,10,35-44 years,1.5,1.7,NULL
Drug overdose death rates,Drug overdose deaths involving heroin,5,"Deaths per 100,000 resident population, crude",2,Age,1,35-44 years,1.4,2009,11,35-44 years,1.5,1.8,NULL
Drug overdose death rates,Drug overdose deaths involving heroin,5,"Deaths per 100,000 resident population, crude",2,Age,1,35-44 years,1.4,2010,12,35-44 years,1.5,1.6,NULL
Drug overdose death rates,Drug overdose deaths involving heroin,5,"Deaths per 100,000 resident population, crude",2,Age,1,35-44 years,1.4,2011,13,35-44 years,1.5,2.2,NULL
Drug overdose death rates,Drug overdose deaths involving heroin,5,"Deaths per 100,000 resident population, crude",2,Age,1,35-44 years,1.4,2012,14,35-44 years,1.5,3.1,NULL
Drug overdose death rates,Drug overdose deaths involving heroin,5,"Deaths per 100,000 resident population, crude",2,Age,1,35-44 years,1.4,2013,15,35-44 years,1.5,4.4,NULL
Drug overdose death rates,Drug overdose deaths involving heroin,5,"Deaths per 100,000 resident population, crude",2,Age,1,35-44 years,1.4,2014,16,35-44 years,1.5,5.9,NULL
Drug overdose death rates,Drug overdose deaths involving heroin,5,"Deaths per 100,000 resident population, crude",2,Age,1,35-44 years,1.4,2015,17,35-44 years,1.5,7.4,NULL
Drug overdose death rates,Drug overdose deaths involving heroin,5,"Deaths per 100,000 resident population, crude",2,Age,1,35-44 years,1.4,2016,18,35-44 years,1.5,9.0,NULL
Drug overdose death rates,Drug overdose deaths involving heroin,5,"Deaths per 100,000 resident population, crude",2,Age,1,35-44 years,1.4,2017,19,35-44 years,1.5,9.1,NULL
Drug overdose death rates,Drug overdose deaths involving heroin,5,"Deaths per 100,000 resident population, crude",2,Age,1,45-54 years,1.5,1999,1,45-54 years,1.6,1.3,NULL
Drug overdose death rates,Drug overdose deaths involving heroin,5,"Deaths per 100,000 resident population, crude",2,Age,1,45-54 years,1.5,2000,2,45-54 years,1.6,1.2,NULL
Drug overdose death rates,Drug overdose deaths involving heroin,5,"Deaths per 100,000 resident population, crude",2,Age,1,45-54 years,1.5,2001,3,45-54 years,1.6,1.2,NULL
Drug overdose death rates,Drug overdose deaths involving heroin,5,"Deaths per 100,000 resident population, crude",2,Age,1,45-54 years,1.5,2002,4,45-54 years,1.6,1.4,NULL
Drug overdose death rates,Drug overdose deaths involving heroin,5,"Deaths per 100,000 resident population, crude",2,Age,1,45-54 years,1.5,2003,5,45-54 years,1.6,1.5,NULL
Drug overdose death rates,Drug overdose deaths involving heroin,5,"Deaths per 100,000 resident population, crude",2,Age,1,45-54 years,1.5,2004,6,45-54 years,1.6,1.2,NULL
Drug overdose death rates,Drug overdose deaths involving heroin,5,"Deaths per 100,000 resident population, crude",2,Age,1,45-54 years,1.5,2005,7,45-54 years,1.6,1.4,NULL
Drug overdose death rates,Drug overdose deaths involving heroin,5,"Deaths per 100,000 resident population, crude",2,Age,1,45-54 years,1.5,2006,8,45-54 years,1.6,1.4,NULL
Drug overdose death rates,Drug overdose deaths involving heroin,5,"Deaths per 100,000 resident population, crude",2,Age,1,45-54 years,1.5,2007,9,45-54 years,1.6,1.5,NULL
Drug overdose death rates,Drug overdose deaths involving heroin,5,"Deaths per 100,000 resident population, crude",2,Age,1,45-54 years,1.5,2008,10,45-54 years,1.6,1.7,NULL
Drug overdose death rates,Drug overdose deaths involving heroin,5,"Deaths per 100,000 resident population, crude",2,Age,1,45-54 years,1.5,2009,11,45-54 years,1.6,1.8,NULL
Drug overdose death rates,Drug overdose deaths involving heroin,5,"Deaths per 100,000 resident population, crude",2,Age,1,45-54 years,1.5,2010,12,45-54 years,1.6,1.4,NULL
Drug overdose death rates,Drug overdose deaths involving heroin,5,"Deaths per 100,000 resident population, crude",2,Age,1,45-54 years,1.5,2011,13,45-54 years,1.6,2.0,NULL
Drug overdose death rates,Drug overdose deaths involving heroin,5,"Deaths per 100,000 resident population, crude",2,Age,1,45-54 years,1.5,2012,14,45-54 years,1.6,2.8,NULL
Drug overdose death rates,Drug overdose deaths involving heroin,5,"Deaths per 100,000 resident population, crude",2,Age,1,45-54 years,1.5,2013,15,45-54 years,1.6,3.7,NULL
Drug overdose death rates,Drug overdose deaths involving heroin,5,"Deaths per 100,000 resident population, crude",2,Age,1,45-54 years,1.5,2014,16,45-54 years,1.6,4.7,NULL
Drug overdose death rates,Drug overdose deaths involving heroin,5,"Deaths per 100,000 resident population, crude",2,Age,1,45-54 years,1.5,2015,17,45-54 years,1.6,5.6,NULL
Drug overdose death rates,Drug overdose deaths involving heroin,5,"Deaths per 100,000 resident population, crude",2,Age,1,45-54 years,1.5,2016,18,45-54 years,1.6,7.0,NULL
Drug overdose death rates,Drug overdose deaths involving heroin,5,"Deaths per 100,000 resident population, crude",2,Age,1,45-54 years,1.5,2017,19,45-54 years,1.6,7.2,NULL
Drug overdose death rates,Drug overdose deaths involving heroin,5,"Deaths per 100,000 resident population, crude",2,Age,1,55-64 years,1.6,1999,1,55-64 years,1.7,0.3,NULL
Drug overdose death rates,Drug overdose deaths involving heroin,5,"Deaths per 100,000 resident population, crude",2,Age,1,55-64 years,1.6,2000,2,55-64 years,1.7,0.3,NULL
Drug overdose death rates,Drug overdose deaths involving heroin,5,"Deaths per 100,000 resident population, crude",2,Age,1,55-64 years,1.6,2001,3,55-64 years,1.7,0.3,NULL
Drug overdose death rates,Drug overdose deaths involving heroin,5,"Deaths per 100,000 resident population, crude",2,Age,1,55-64 years,1.6,2002,4,55-64 years,1.7,0.3,NULL
Drug overdose death rates,Drug overdose deaths involving heroin,5,"Deaths per 100,000 resident population, crude",2,Age,1,55-64 years,1.6,2003,5,55-64 years,1.7,0.3,NULL
Drug overdose death rates,Drug overdose deaths involving heroin,5,"Deaths per 100,000 resident population, crude",2,Age,1,55-64 years,1.6,2004,6,55-64 years,1.7,0.4,NULL
Drug overdose death rates,Drug overdose deaths involving heroin,5,"Deaths per 100,000 resident population, crude",2,Age,1,55-64 years,1.6,2005,7,55-64 years,1.7,0.4,NULL
Drug overdose death rates,Drug overdose deaths involving heroin,5,"Deaths per 100,000 resident population, crude",2,Age,1,55-64 years,1.6,2006,8,55-64 years,1.7,0.4,NULL
Drug overdose death rates,Drug overdose deaths involving heroin,5,"Deaths per 100,000 resident population, crude",2,Age,1,55-64 years,1.6,2007,9,55-64 years,1.7,0.5,NULL
Drug overdose death rates,Drug overdose deaths involving heroin,5,"Deaths per 100,000 resident population, crude",2,Age,1,55-64 years,1.6,2008,10,55-64 years,1.7,0.7,NULL
Drug overdose death rates,Drug overdose deaths involving heroin,5,"Deaths per 100,000 resident population, crude",2,Age,1,55-64 years,1.6,2009,11,55-64 years,1.7,0.7,NULL
Drug overdose death rates,Drug overdose deaths involving heroin,5,"Deaths per 100,000 resident population, crude",2,Age,1,55-64 years,1.6,2010,12,55-64 years,1.7,0.7,NULL
Drug overdose death rates,Drug overdose deaths involving heroin,5,"Deaths per 100,000 resident population, crude",2,Age,1,55-64 years,1.6,2011,13,55-64 years,1.7,1.0,NULL
Drug overdose death rates,Drug overdose deaths involving heroin,5,"Deaths per 100,000 resident population, crude",2,Age,1,55-64 years,1.6,2012,14,55-64 years,1.7,1.3,NULL
Drug overdose death rates,Drug overdose deaths involving heroin,5,"Deaths per 100,000 resident population, crude",2,Age,1,55-64 years,1.6,2013,15,55-64 years,1.7,2.1,NULL
Drug overdose death rates,Drug overdose deaths involving heroin,5,"Deaths per 100,000 resident population, crude",2,Age,1,55-64 years,1.6,2014,16,55-64 years,1.7,2.7,NULL
Drug overdose death rates,Drug overdose deaths involving heroin,5,"Deaths per 100,000 resident population, crude",2,Age,1,55-64 years,1.6,2015,17,55-64 years,1.7,3.4,NULL
Drug overdose death rates,Drug overdose deaths involving heroin,5,"Deaths per 100,000 resident population, crude",2,Age,1,55-64 years,1.6,2016,18,55-64 years,1.7,4.3,NULL
Drug overdose death rates,Drug overdose deaths involving heroin,5,"Deaths per 100,000 resident population, crude",2,Age,1,55-64 years,1.6,2017,19,55-64 years,1.7,4.8,NULL
Drug overdose death rates,Drug overdose deaths involving heroin,5,"Deaths per 100,000 resident population, crude",2,Age,1,65-74 years,1.7,1999,1,65-74 years,1.8,NULL,*
Drug overdose death rates,Drug overdose deaths involving heroin,5,"Deaths per 100,000 resident population, crude",2,Age,1,65-74 years,1.7,2000,2,65-74 years,1.8,NULL,*
Drug overdose death rates,Drug overdose deaths involving heroin,5,"Deaths per 100,000 resident population, crude",2,Age,1,65-74 years,1.7,2001,3,65-74 years,1.8,NULL,*
Drug overdose death rates,Drug overdose deaths involving heroin,5,"Deaths per 100,000 resident population, crude",2,Age,1,65-74 years,1.7,2002,4,65-74 years,1.8,NULL,*
Drug overdose death rates,Drug overdose deaths involving heroin,5,"Deaths per 100,000 resident population, crude",2,Age,1,65-74 years,1.7,2003,5,65-74 years,1.8,NULL,*
Drug overdose death rates,Drug overdose deaths involving heroin,5,"Deaths per 100,000 resident population, crude",2,Age,1,65-74 years,1.7,2004,6,65-74 years,1.8,NULL,*
Drug overdose death rates,Drug overdose deaths involving heroin,5,"Deaths per 100,000 resident population, crude",2,Age,1,65-74 years,1.7,2005,7,65-74 years,1.8,NULL,*
Drug overdose death rates,Drug overdose deaths involving heroin,5,"Deaths per 100,000 resident population, crude",2,Age,1,65-74 years,1.7,2006,8,65-74 years,1.8,NULL,*
Drug overdose death rates,Drug overdose deaths involving heroin,5,"Deaths per 100,000 resident population, crude",2,Age,1,65-74 years,1.7,2007,9,65-74 years,1.8,NULL,*
Drug overdose death rates,Drug overdose deaths involving heroin,5,"Deaths per 100,000 resident population, crude",2,Age,1,65-74 years,1.7,2008,10,65-74 years,1.8,0.1,NULL
Drug overdose death rates,Drug overdose deaths involving heroin,5,"Deaths per 100,000 resident population, crude",2,Age,1,65-74 years,1.7,2009,11,65-74 years,1.8,0.1,NULL
Drug overdose death rates,Drug overdose deaths involving heroin,5,"Deaths per 100,000 resident population, crude",2,Age,1,65-74 years,1.7,2010,12,65-74 years,1.8,NULL,*
Drug overdose death rates,Drug overdose deaths involving heroin,5,"Deaths per 100,000 resident population, crude",2,Age,1,65-74 years,1.7,2011,13,65-74 years,1.8,0.2,NULL
Drug overdose death rates,Drug overdose deaths involving heroin,5,"Deaths per 100,000 resident population, crude",2,Age,1,65-74 years,1.7,2012,14,65-74 years,1.8,0.1,NULL
Drug overdose death rates,Drug overdose deaths involving heroin,5,"Deaths per 100,000 resident population, crude",2,Age,1,65-74 years,1.7,2013,15,65-74 years,1.8,0.3,NULL
Drug overdose death rates,Drug overdose deaths involving heroin,5,"Deaths per 100,000 resident population, crude",2,Age,1,65-74 years,1.7,2014,16,65-74 years,1.8,0.5,NULL
Drug overdose death rates,Drug overdose deaths involving heroin,5,"Deaths per 100,000 resident population, crude",2,Age,1,65-74 years,1.7,2015,17,65-74 years,1.8,0.6,NULL
Drug overdose death rates,Drug overdose deaths involving heroin,5,"Deaths per 100,000 resident population, crude",2,Age,1,65-74 years,1.7,2016,18,65-74 years,1.8,0.9,NULL
Drug overdose death rates,Drug overdose deaths involving heroin,5,"Deaths per 100,000 resident population, crude",2,Age,1,65-74 years,1.7,2017,19,65-74 years,1.8,1.2,NULL
Drug overdose death rates,Drug overdose deaths involving heroin,5,"Deaths per 100,000 resident population, crude",2,Age,1,75-84 years,1.8,1999,1,75-84 years,1.9,NULL,*
Drug overdose death rates,Drug overdose deaths involving heroin,5,"Deaths per 100,000 resident population, crude",2,Age,1,75-84 years,1.8,2000,2,75-84 years,1.9,NULL,*
Drug overdose death rates,Drug overdose deaths involving heroin,5,"Deaths per 100,000 resident population, crude",2,Age,1,75-84 years,1.8,2001,3,75-84 years,1.9,NULL,*
Drug overdose death rates,Drug overdose deaths involving heroin,5,"Deaths per 100,000 resident population, crude",2,Age,1,75-84 years,1.8,2002,4,75-84 years,1.9,NULL,*
Drug overdose death rates,Drug overdose deaths involving heroin,5,"Deaths per 100,000 resident population, crude",2,Age,1,75-84 years,1.8,2003,5,75-84 years,1.9,NULL,*
Drug overdose death rates,Drug overdose deaths involving heroin,5,"Deaths per 100,000 resident population, crude",2,Age,1,75-84 years,1.8,2004,6,75-84 years,1.9,NULL,*
Drug overdose death rates,Drug overdose deaths involving heroin,5,"Deaths per 100,000 resident population, crude",2,Age,1,75-84 years,1.8,2005,7,75-84 years,1.9,NULL,*
Drug overdose death rates,Drug overdose deaths involving heroin,5,"Deaths per 100,000 resident population, crude",2,Age,1,75-84 years,1.8,2006,8,75-84 years,1.9,NULL,*
Drug overdose death rates,Drug overdose deaths involving heroin,5,"Deaths per 100,000 resident population, crude",2,Age,1,75-84 years,1.8,2007,9,75-84 years,1.9,NULL,*
Drug overdose death rates,Drug overdose deaths involving heroin,5,"Deaths per 100,000 resident population, crude",2,Age,1,75-84 years,1.8,2008,10,75-84 years,1.9,NULL,*
Drug overdose death rates,Drug overdose deaths involving heroin,5,"Deaths per 100,000 resident population, crude",2,Age,1,75-84 years,1.8,2009,11,75-84 years,1.9,NULL,*
Drug overdose death rates,Drug overdose deaths involving heroin,5,"Deaths per 100,000 resident population, crude",2,Age,1,75-84 years,1.8,2010,12,75-84 years,1.9,NULL,*
Drug overdose death rates,Drug overdose deaths involving heroin,5,"Deaths per 100,000 resident population, crude",2,Age,1,75-84 years,1.8,2011,13,75-84 years,1.9,NULL,*
Drug overdose death rates,Drug overdose deaths involving heroin,5,"Deaths per 100,000 resident population, crude",2,Age,1,75-84 years,1.8,2012,14,75-84 years,1.9,NULL,*
Drug overdose death rates,Drug overdose deaths involving heroin,5,"Deaths per 100,000 resident population, crude",2,Age,1,75-84 years,1.8,2013,15,75-84 years,1.9,NULL,*
Drug overdose death rates,Drug overdose deaths involving heroin,5,"Deaths per 100,000 resident population, crude",2,Age,1,75-84 years,1.8,2014,16,75-84 years,1.9,NULL,*
Drug overdose death rates,Drug overdose deaths involving heroin,5,"Deaths per 100,000 resident population, crude",2,Age,1,75-84 years,1.8,2015,17,75-84 years,1.9,NULL,*
Drug overdose death rates,Drug overdose deaths involving heroin,5,"Deaths per 100,000 resident population, crude",2,Age,1,75-84 years,1.8,2016,18,75-84 years,1.9,NULL,*
Drug overdose death rates,Drug overdose deaths involving heroin,5,"Deaths per 100,000 resident population, crude",2,Age,1,75-84 years,1.8,2017,19,75-84 years,1.9,NULL,*
Drug overdose death rates,Drug overdose deaths involving heroin,5,"Deaths per 100,000 resident population, crude",2,Age,1,85 years and over,1.9,1999,1,85 years and over,1.91,NULL,*
Drug overdose death rates,Drug overdose deaths involving heroin,5,"Deaths per 100,000 resident population, crude",2,Age,1,85 years and over,1.9,2000,2,85 years and over,1.91,NULL,*
Drug overdose death rates,Drug overdose deaths involving heroin,5,"Deaths per 100,000 resident population, crude",2,Age,1,85 years and over,1.9,2001,3,85 years and over,1.91,NULL,*
Drug overdose death rates,Drug overdose deaths involving heroin,5,"Deaths per 100,000 resident population, crude",2,Age,1,85 years and over,1.9,2002,4,85 years and over,1.91,NULL,*
Drug overdose death rates,Drug overdose deaths involving heroin,5,"Deaths per 100,000 resident population, crude",2,Age,1,85 years and over,1.9,2003,5,85 years and over,1.91,NULL,*
Drug overdose death rates,Drug overdose deaths involving heroin,5,"Deaths per 100,000 resident population, crude",2,Age,1,85 years and over,1.9,2004,6,85 years and over,1.91,NULL,*
Drug overdose death rates,Drug overdose deaths involving heroin,5,"Deaths per 100,000 resident population, crude",2,Age,1,85 years and over,1.9,2005,7,85 years and over,1.91,NULL,*
Drug overdose death rates,Drug overdose deaths involving heroin,5,"Deaths per 100,000 resident population, crude",2,Age,1,85 years and over,1.9,2006,8,85 years and over,1.91,NULL,*
Drug overdose death rates,Drug overdose deaths involving heroin,5,"Deaths per 100,000 resident population, crude",2,Age,1,85 years and over,1.9,2007,9,85 years and over,1.91,NULL,*
Drug overdose death rates,Drug overdose deaths involving heroin,5,"Deaths per 100,000 resident population, crude",2,Age,1,85 years and over,1.9,2008,10,85 years and over,1.91,NULL,*
Drug overdose death rates,Drug overdose deaths involving heroin,5,"Deaths per 100,000 resident population, crude",2,Age,1,85 years and over,1.9,2009,11,85 years and over,1.91,NULL,*
Drug overdose death rates,Drug overdose deaths involving heroin,5,"Deaths per 100,000 resident population, crude",2,Age,1,85 years and over,1.9,2010,12,85 years and over,1.91,NULL,*
Drug overdose death rates,Drug overdose deaths involving heroin,5,"Deaths per 100,000 resident population, crude",2,Age,1,85 years and over,1.9,2011,13,85 years and over,1.91,NULL,*
Drug overdose death rates,Drug overdose deaths involving heroin,5,"Deaths per 100,000 resident population, crude",2,Age,1,85 years and over,1.9,2012,14,85 years and over,1.91,NULL,*
Drug overdose death rates,Drug overdose deaths involving heroin,5,"Deaths per 100,000 resident population, crude",2,Age,1,85 years and over,1.9,2013,15,85 years and over,1.91,NULL,*
Drug overdose death rates,Drug overdose deaths involving heroin,5,"Deaths per 100,000 resident population, crude",2,Age,1,85 years and over,1.9,2014,16,85 years and over,1.91,NULL,*
Drug overdose death rates,Drug overdose deaths involving heroin,5,"Deaths per 100,000 resident population, crude",2,Age,1,85 years and over,1.9,2015,17,85 years and over,1.91,NULL,*
Drug overdose death rates,Drug overdose deaths involving heroin,5,"Deaths per 100,000 resident population, crude",2,Age,1,85 years and over,1.9,2016,18,85 years and over,1.91,NULL,*
Drug overdose death rates,Drug overdose deaths involving heroin,5,"Deaths per 100,000 resident population, crude",2,Age,1,85 years and over,1.9,2017,19,85 years and over,1.91,NULL,*
Drug overdose death rates,Drug overdose deaths involving heroin,5,"Deaths per 100,000 resident population, crude",2,Sex,2,Male,2.1,1999,1,All ages,1.1,1.2,NULL
Drug overdose death rates,Drug overdose deaths involving heroin,5,"Deaths per 100,000 resident population, crude",2,Sex,2,Male,2.1,2000,2,All ages,1.1,1.1,NULL
Drug overdose death rates,Drug overdose deaths involving heroin,5,"Deaths per 100,000 resident population, crude",2,Sex,2,Male,2.1,2001,3,All ages,1.1,1.0,NULL
Drug overdose death rates,Drug overdose deaths involving heroin,5,"Deaths per 100,000 resident population, crude",2,Sex,2,Male,2.1,2002,4,All ages,1.1,1.2,NULL
Drug overdose death rates,Drug overdose deaths involving heroin,5,"Deaths per 100,000 resident population, crude",2,Sex,2,Male,2.1,2003,5,All ages,1.1,1.2,NULL
Drug overdose death rates,Drug overdose deaths involving heroin,5,"Deaths per 100,000 resident population, crude",2,Sex,2,Male,2.1,2004,6,All ages,1.1,1.1,NULL
Drug overdose death rates,Drug overdose deaths involving heroin,5,"Deaths per 100,000 resident population, crude",2,Sex,2,Male,2.1,2005,7,All ages,1.1,1.1,NULL
Drug overdose death rates,Drug overdose deaths involving heroin,5,"Deaths per 100,000 resident population, crude",2,Sex,2,Male,2.1,2006,8,All ages,1.1,1.2,NULL
Drug overdose death rates,Drug overdose deaths involving heroin,5,"Deaths per 100,000 resident population, crude",2,Sex,2,Male,2.1,2007,9,All ages,1.1,1.4,NULL
Drug overdose death rates,Drug overdose deaths involving heroin,5,"Deaths per 100,000 resident population, crude",2,Sex,2,Male,2.1,2008,10,All ages,1.1,1.7,NULL
Drug overdose death rates,Drug overdose deaths involving heroin,5,"Deaths per 100,000 resident population, crude",2,Sex,2,Male,2.1,2009,11,All ages,1.1,1.8,NULL
Drug overdose death rates,Drug overdose deaths involving heroin,5,"Deaths per 100,000 resident population, crude",2,Sex,2,Male,2.1,2010,12,All ages,1.1,1.6,NULL
Drug overdose death rates,Drug overdose deaths involving heroin,5,"Deaths per 100,000 resident population, crude",2,Sex,2,Male,2.1,2011,13,All ages,1.1,2.3,NULL
Drug overdose death rates,Drug overdose deaths involving heroin,5,"Deaths per 100,000 resident population, crude",2,Sex,2,Male,2.1,2012,14,All ages,1.1,3.0,NULL
Drug overdose death rates,Drug overdose deaths involving heroin,5,"Deaths per 100,000 resident population, crude",2,Sex,2,Male,2.1,2013,15,All ages,1.1,4.2,NULL
Drug overdose death rates,Drug overdose deaths involving heroin,5,"Deaths per 100,000 resident population, crude",2,Sex,2,Male,2.1,2014,16,All ages,1.1,5.2,NULL
Drug overdose death rates,Drug overdose deaths involving heroin,5,"Deaths per 100,000 resident population, crude",2,Sex,2,Male,2.1,2015,17,All ages,1.1,6.2,NULL
Drug overdose death rates,Drug overdose deaths involving heroin,5,"Deaths per 100,000 resident population, crude",2,Sex,2,Male,2.1,2016,18,All ages,1.1,7.4,NULL
Drug overdose death rates,Drug overdose deaths involving heroin,5,"Deaths per 100,000 resident population, crude",2,Sex,2,Male,2.1,2017,19,All ages,1.1,7.2,NULL
Drug overdose death rates,Drug overdose deaths involving heroin,5,"Deaths per 100,000 resident population, crude",2,Sex,2,Female,2.2,1999,1,All ages,1.1,0.2,NULL
Drug overdose death rates,Drug overdose deaths involving heroin,5,"Deaths per 100,000 resident population, crude",2,Sex,2,Female,2.2,2000,2,All ages,1.1,0.2,NULL
Drug overdose death rates,Drug overdose deaths involving heroin,5,"Deaths per 100,000 resident population, crude",2,Sex,2,Female,2.2,2001,3,All ages,1.1,0.2,NULL
Drug overdose death rates,Drug overdose deaths involving heroin,5,"Deaths per 100,000 resident population, crude",2,Sex,2,Female,2.2,2002,4,All ages,1.1,0.2,NULL
Drug overdose death rates,Drug overdose deaths involving heroin,5,"Deaths per 100,000 resident population, crude",2,Sex,2,Female,2.2,2003,5,All ages,1.1,0.2,NULL
Drug overdose death rates,Drug overdose deaths involving heroin,5,"Deaths per 100,000 resident population, crude",2,Sex,2,Female,2.2,2004,6,All ages,1.1,0.2,NULL
Drug overdose death rates,Drug overdose deaths involving heroin,5,"Deaths per 100,000 resident population, crude",2,Sex,2,Female,2.2,2005,7,All ages,1.1,0.3,NULL
Drug overdose death rates,Drug overdose deaths involving heroin,5,"Deaths per 100,000 resident population, crude",2,Sex,2,Female,2.2,2006,8,All ages,1.1,0.2,NULL
Drug overdose death rates,Drug overdose deaths involving heroin,5,"Deaths per 100,000 resident population, crude",2,Sex,2,Female,2.2,2007,9,All ages,1.1,0.3,NULL
Drug overdose death rates,Drug overdose deaths involving heroin,5,"Deaths per 100,000 resident population, crude",2,Sex,2,Female,2.2,2008,10,All ages,1.1,0.4,NULL
Drug overdose death rates,Drug overdose deaths involving heroin,5,"Deaths per 100,000 resident population, crude",2,Sex,2,Female,2.2,2009,11,All ages,1.1,0.4,NULL
Drug overdose death rates,Drug overdose deaths involving heroin,5,"Deaths per 100,000 resident population, crude",2,Sex,2,Female,2.2,2010,12,All ages,1.1,0.4,NULL
Drug overdose death rates,Drug overdose deaths involving heroin,5,"Deaths per 100,000 resident population, crude",2,Sex,2,Female,2.2,2011,13,All ages,1.1,0.6,NULL
Drug overdose death rates,Drug overdose deaths involving heroin,5,"Deaths per 100,000 resident population, crude",2,Sex,2,Female,2.2,2012,14,All ages,1.1,0.8,NULL
Drug overdose death rates,Drug overdose deaths involving heroin,5,"Deaths per 100,000 resident population, crude",2,Sex,2,Female,2.2,2013,15,All ages,1.1,1.1,NULL
Drug overdose death rates,Drug overdose deaths involving heroin,5,"Deaths per 100,000 resident population, crude",2,Sex,2,Female,2.2,2014,16,All ages,1.1,1.5,NULL
Drug overdose death rates,Drug overdose deaths involving heroin,5,"Deaths per 100,000 resident population, crude",2,Sex,2,Female,2.2,2015,17,All ages,1.1,1.9,NULL
Drug overdose death rates,Drug overdose deaths involving heroin,5,"Deaths per 100,000 resident population, crude",2,Sex,2,Female,2.2,2016,18,All ages,1.1,2.3,NULL
Drug overdose death rates,Drug overdose deaths involving heroin,5,"Deaths per 100,000 resident population, crude",2,Sex,2,Female,2.2,2017,19,All ages,1.1,2.4,NULL
Drug overdose death rates,Drug overdose deaths involving heroin,5,"Deaths per 100,000 resident population, crude",2,Sex and age,3,Male: Under 15 years,3.11,1999,1,Under 15 years,1.2,NULL,*
Drug overdose death rates,Drug overdose deaths involving heroin,5,"Deaths per 100,000 resident population, crude",2,Sex and age,3,Male: Under 15 years,3.11,2000,2,Under 15 years,1.2,NULL,*
Drug overdose death rates,Drug overdose deaths involving heroin,5,"Deaths per 100,000 resident population, crude",2,Sex and age,3,Male: Under 15 years,3.11,2001,3,Under 15 years,1.2,NULL,*
Drug overdose death rates,Drug overdose deaths involving heroin,5,"Deaths per 100,000 resident population, crude",2,Sex and age,3,Male: Under 15 years,3.11,2002,4,Under 15 years,1.2,NULL,*
Drug overdose death rates,Drug overdose deaths involving heroin,5,"Deaths per 100,000 resident population, crude",2,Sex and age,3,Male: Under 15 years,3.11,2003,5,Under 15 years,1.2,NULL,*
Drug overdose death rates,Drug overdose deaths involving heroin,5,"Deaths per 100,000 resident population, crude",2,Sex and age,3,Male: Under 15 years,3.11,2004,6,Under 15 years,1.2,NULL,*
Drug overdose death rates,Drug overdose deaths involving heroin,5,"Deaths per 100,000 resident population, crude",2,Sex and age,3,Male: Under 15 years,3.11,2005,7,Under 15 years,1.2,NULL,*
Drug overdose death rates,Drug overdose deaths involving heroin,5,"Deaths per 100,000 resident population, crude",2,Sex and age,3,Male: Under 15 years,3.11,2006,8,Under 15 years,1.2,NULL,*
Drug overdose death rates,Drug overdose deaths involving heroin,5,"Deaths per 100,000 resident population, crude",2,Sex and age,3,Male: Under 15 years,3.11,2007,9,Under 15 years,1.2,NULL,*
Drug overdose death rates,Drug overdose deaths involving heroin,5,"Deaths per 100,000 resident population, crude",2,Sex and age,3,Male: Under 15 years,3.11,2008,10,Under 15 years,1.2,NULL,*
Drug overdose death rates,Drug overdose deaths involving heroin,5,"Deaths per 100,000 resident population, crude",2,Sex and age,3,Male: Under 15 years,3.11,2009,11,Under 15 years,1.2,NULL,*
Drug overdose death rates,Drug overdose deaths involving heroin,5,"Deaths per 100,000 resident population, crude",2,Sex and age,3,Male: Under 15 years,3.11,2010,12,Under 15 years,1.2,NULL,*
Drug overdose death rates,Drug overdose deaths involving heroin,5,"Deaths per 100,000 resident population, crude",2,Sex and age,3,Male: Under 15 years,3.11,2011,13,Under 15 years,1.2,NULL,*
Drug overdose death rates,Drug overdose deaths involving heroin,5,"Deaths per 100,000 resident population, crude",2,Sex and age,3,Male: Under 15 years,3.11,2012,14,Under 15 years,1.2,NULL,*
Drug overdose death rates,Drug overdose deaths involving heroin,5,"Deaths per 100,000 resident population, crude",2,Sex and age,3,Male: Under 15 years,3.11,2013,15,Under 15 years,1.2,NULL,*
Drug overdose death rates,Drug overdose deaths involving heroin,5,"Deaths per 100,000 resident population, crude",2,Sex and age,3,Male: Under 15 years,3.11,2014,16,Under 15 years,1.2,NULL,*
Drug overdose death rates,Drug overdose deaths involving heroin,5,"Deaths per 100,000 resident population, crude",2,Sex and age,3,Male: Under 15 years,3.11,2015,17,Under 15 years,1.2,NULL,*
Drug overdose death rates,Drug overdose deaths involving heroin,5,"Deaths per 100,000 resident population, crude",2,Sex and age,3,Male: Under 15 years,3.11,2016,18,Under 15 years,1.2,NULL,*
Drug overdose death rates,Drug overdose deaths involving heroin,5,"Deaths per 100,000 resident population, crude",2,Sex and age,3,Male: Under 15 years,3.11,2017,19,Under 15 years,1.2,NULL,*
Drug overdose death rates,Drug overdose deaths involving heroin,5,"Deaths per 100,000 resident population, crude",2,Sex and age,3,Male: 15-24 years,3.12,1999,1,15-24 years,1.3,0.8,NULL
Drug overdose death rates,Drug overdose deaths involving heroin,5,"Deaths per 100,000 resident population, crude",2,Sex and age,3,Male: 15-24 years,3.12,2000,2,15-24 years,1.3,0.9,NULL
Drug overdose death rates,Drug overdose deaths involving heroin,5,"Deaths per 100,000 resident population, crude",2,Sex and age,3,Male: 15-24 years,3.12,2001,3,15-24 years,1.3,0.8,NULL
Drug overdose death rates,Drug overdose deaths involving heroin,5,"Deaths per 100,000 resident population, crude",2,Sex and age,3,Male: 15-24 years,3.12,2002,4,15-24 years,1.3,0.9,NULL
Drug overdose death rates,Drug overdose deaths involving heroin,5,"Deaths per 100,000 resident population, crude",2,Sex and age,3,Male: 15-24 years,3.12,2003,5,15-24 years,1.3,1.0,NULL
Drug overdose death rates,Drug overdose deaths involving heroin,5,"Deaths per 100,000 resident population, crude",2,Sex and age,3,Male: 15-24 years,3.12,2004,6,15-24 years,1.3,1.0,NULL
Drug overdose death rates,Drug overdose deaths involving heroin,5,"Deaths per 100,000 resident population, crude",2,Sex and age,3,Male: 15-24 years,3.12,2005,7,15-24 years,1.3,1.0,NULL
Drug overdose death rates,Drug overdose deaths involving heroin,5,"Deaths per 100,000 resident population, crude",2,Sex and age,3,Male: 15-24 years,3.12,2006,8,15-24 years,1.3,1.2,NULL
Drug overdose death rates,Drug overdose deaths involving heroin,5,"Deaths per 100,000 resident population, crude",2,Sex and age,3,Male: 15-24 years,3.12,2007,9,15-24 years,1.3,1.3,NULL
Drug overdose death rates,Drug overdose deaths involving heroin,5,"Deaths per 100,000 resident population, crude",2,Sex and age,3,Male: 15-24 years,3.12,2008,10,15-24 years,1.3,1.8,NULL
Drug overdose death rates,Drug overdose deaths involving heroin,5,"Deaths per 100,000 resident population, crude",2,Sex and age,3,Male: 15-24 years,3.12,2009,11,15-24 years,1.3,1.8,NULL
Drug overdose death rates,Drug overdose deaths involving heroin,5,"Deaths per 100,000 resident population, crude",2,Sex and age,3,Male: 15-24 years,3.12,2010,12,15-24 years,1.3,1.9,NULL
Drug overdose death rates,Drug overdose deaths involving heroin,5,"Deaths per 100,000 resident population, crude",2,Sex and age,3,Male: 15-24 years,3.12,2011,13,15-24 years,1.3,2.8,NULL
Drug overdose death rates,Drug overdose deaths involving heroin,5,"Deaths per 100,000 resident population, crude",2,Sex and age,3,Male: 15-24 years,3.12,2012,14,15-24 years,1.3,3.2,NULL
Drug overdose death rates,Drug overdose deaths involving heroin,5,"Deaths per 100,000 resident population, crude",2,Sex and age,3,Male: 15-24 years,3.12,2013,15,15-24 years,1.3,4.2,NULL
Drug overdose death rates,Drug overdose deaths involving heroin,5,"Deaths per 100,000 resident population, crude",2,Sex and age,3,Male: 15-24 years,3.12,2014,16,15-24 years,1.3,4.8,NULL
Drug overdose death rates,Drug overdose deaths involving heroin,5,"Deaths per 100,000 resident population, crude",2,Sex and age,3,Male: 15-24 years,3.12,2015,17,15-24 years,1.3,5.2,NULL
Drug overdose death rates,Drug overdose deaths involving heroin,5,"Deaths per 100,000 resident population, crude",2,Sex and age,3,Male: 15-24 years,3.12,2016,18,15-24 years,1.3,5.7,NULL
Drug overdose death rates,Drug overdose deaths involving heroin,5,"Deaths per 100,000 resident population, crude",2,Sex and age,3,Male: 15-24 years,3.12,2017,19,15-24 years,1.3,4.7,NULL
Drug overdose death rates,Drug overdose deaths involving heroin,5,"Deaths per 100,000 resident population, crude",2,Sex and age,3,Male: 25-34 years,3.13,1999,1,25-34 years,1.4,1.6,NULL
Drug overdose death rates,Drug overdose deaths involving heroin,5,"Deaths per 100,000 resident population, crude",2,Sex and age,3,Male: 25-34 years,3.13,2000,2,25-34 years,1.4,1.7,NULL
Drug overdose death rates,Drug overdose deaths involving heroin,5,"Deaths per 100,000 resident population, crude",2,Sex and age,3,Male: 25-34 years,3.13,2001,3,25-34 years,1.4,1.6,NULL
Drug overdose death rates,Drug overdose deaths involving heroin,5,"Deaths per 100,000 resident population, crude",2,Sex and age,3,Male: 25-34 years,3.13,2002,4,25-34 years,1.4,1.7,NULL
Drug overdose death rates,Drug overdose deaths involving heroin,5,"Deaths per 100,000 resident population, crude",2,Sex and age,3,Male: 25-34 years,3.13,2003,5,25-34 years,1.4,1.9,NULL
Drug overdose death rates,Drug overdose deaths involving heroin,5,"Deaths per 100,000 resident population, crude",2,Sex and age,3,Male: 25-34 years,3.13,2004,6,25-34 years,1.4,1.9,NULL
Drug overdose death rates,Drug overdose deaths involving heroin,5,"Deaths per 100,000 resident population, crude",2,Sex and age,3,Male: 25-34 years,3.13,2005,7,25-34 years,1.4,2.0,NULL
Drug overdose death rates,Drug overdose deaths involving heroin,5,"Deaths per 100,000 resident population, crude",2,Sex and age,3,Male: 25-34 years,3.13,2006,8,25-34 years,1.4,2.1,NULL
Drug overdose death rates,Drug overdose deaths involving heroin,5,"Deaths per 100,000 resident population, crude",2,Sex and age,3,Male: 25-34 years,3.13,2007,9,25-34 years,1.4,2.4,NULL
Drug overdose death rates,Drug overdose deaths involving heroin,5,"Deaths per 100,000 resident population, crude",2,Sex and age,3,Male: 25-34 years,3.13,2008,10,25-34 years,1.4,3.3,NULL
Drug overdose death rates,Drug overdose deaths involving heroin,5,"Deaths per 100,000 resident population, crude",2,Sex and age,3,Male: 25-34 years,3.13,2009,11,25-34 years,1.4,3.9,NULL
Drug overdose death rates,Drug overdose deaths involving heroin,5,"Deaths per 100,000 resident population, crude",2,Sex and age,3,Male: 25-34 years,3.13,2010,12,25-34 years,1.4,3.5,NULL
Drug overdose death rates,Drug overdose deaths involving heroin,5,"Deaths per 100,000 resident population, crude",2,Sex and age,3,Male: 25-34 years,3.13,2011,13,25-34 years,1.4,5.4,NULL
Drug overdose death rates,Drug overdose deaths involving heroin,5,"Deaths per 100,000 resident population, crude",2,Sex and age,3,Male: 25-34 years,3.13,2012,14,25-34 years,1.4,7.1,NULL
Drug overdose death rates,Drug overdose deaths involving heroin,5,"Deaths per 100,000 resident population, crude",2,Sex and age,3,Male: 25-34 years,3.13,2013,15,25-34 years,1.4,9.9,NULL
Drug overdose death rates,Drug overdose deaths involving heroin,5,"Deaths per 100,000 resident population, crude",2,Sex and age,3,Male: 25-34 years,3.13,2014,16,25-34 years,1.4,12.3,NULL
Drug overdose death rates,Drug overdose deaths involving heroin,5,"Deaths per 100,000 resident population, crude",2,Sex and age,3,Male: 25-34 years,3.13,2015,17,25-34 years,1.4,14.8,NULL
Drug overdose death rates,Drug overdose deaths involving heroin,5,"Deaths per 100,000 resident population, crude",2,Sex and age,3,Male: 25-34 years,3.13,2016,18,25-34 years,1.4,17.1,NULL
Drug overdose death rates,Drug overdose deaths involving heroin,5,"Deaths per 100,000 resident population, crude",2,Sex and age,3,Male: 25-34 years,3.13,2017,19,25-34 years,1.4,16.0,NULL
Drug overdose death rates,Drug overdose deaths involving heroin,5,"Deaths per 100,000 resident population, crude",2,Sex and age,3,Male: 35-44 years,3.14,1999,1,35-44 years,1.5,3.0,NULL
Drug overdose death rates,Drug overdose deaths involving heroin,5,"Deaths per 100,000 resident population, crude",2,Sex and age,3,Male: 35-44 years,3.14,2000,2,35-44 years,1.5,2.6,NULL
Drug overdose death rates,Drug overdose deaths involving heroin,5,"Deaths per 100,000 resident population, crude",2,Sex and age,3,Male: 35-44 years,3.14,2001,3,35-44 years,1.5,2.3,NULL
Drug overdose death rates,Drug overdose deaths involving heroin,5,"Deaths per 100,000 resident population, crude",2,Sex and age,3,Male: 35-44 years,3.14,2002,4,35-44 years,1.5,2.8,NULL
Drug overdose death rates,Drug overdose deaths involving heroin,5,"Deaths per 100,000 resident population, crude",2,Sex and age,3,Male: 35-44 years,3.14,2003,5,35-44 years,1.5,2.4,NULL
Drug overdose death rates,Drug overdose deaths involving heroin,5,"Deaths per 100,000 resident population, crude",2,Sex and age,3,Male: 35-44 years,3.14,2004,6,35-44 years,1.5,2.0,NULL
Drug overdose death rates,Drug overdose deaths involving heroin,5,"Deaths per 100,000 resident population, crude",2,Sex and age,3,Male: 35-44 years,3.14,2005,7,35-44 years,1.5,1.9,NULL
Drug overdose death rates,Drug overdose deaths involving heroin,5,"Deaths per 100,000 resident population, crude",2,Sex and age,3,Male: 35-44 years,3.14,2006,8,35-44 years,1.5,2.1,NULL
Drug overdose death rates,Drug overdose deaths involving heroin,5,"Deaths per 100,000 resident population, crude",2,Sex and age,3,Male: 35-44 years,3.14,2007,9,35-44 years,1.5,2.4,NULL
Drug overdose death rates,Drug overdose deaths involving heroin,5,"Deaths per 100,000 resident population, crude",2,Sex and age,3,Male: 35-44 years,3.14,2008,10,35-44 years,1.5,2.8,NULL
Drug overdose death rates,Drug overdose deaths involving heroin,5,"Deaths per 100,000 resident population, crude",2,Sex and age,3,Male: 35-44 years,3.14,2009,11,35-44 years,1.5,3.0,NULL
Drug overdose death rates,Drug overdose deaths involving heroin,5,"Deaths per 100,000 resident population, crude",2,Sex and age,3,Male: 35-44 years,3.14,2010,12,35-44 years,1.5,2.8,NULL
Drug overdose death rates,Drug overdose deaths involving heroin,5,"Deaths per 100,000 resident population, crude",2,Sex and age,3,Male: 35-44 years,3.14,2011,13,35-44 years,1.5,3.6,NULL
Drug overdose death rates,Drug overdose deaths involving heroin,5,"Deaths per 100,000 resident population, crude",2,Sex and age,3,Male: 35-44 years,3.14,2012,14,35-44 years,1.5,5.1,NULL
Drug overdose death rates,Drug overdose deaths involving heroin,5,"Deaths per 100,000 resident population, crude",2,Sex and age,3,Male: 35-44 years,3.14,2013,15,35-44 years,1.5,6.9,NULL
Drug overdose death rates,Drug overdose deaths involving heroin,5,"Deaths per 100,000 resident population, crude",2,Sex and age,3,Male: 35-44 years,3.14,2014,16,35-44 years,1.5,9.2,NULL
Drug overdose death rates,Drug overdose deaths involving heroin,5,"Deaths per 100,000 resident population, crude",2,Sex and age,3,Male: 35-44 years,3.14,2015,17,35-44 years,1.5,11.4,NULL
Drug overdose death rates,Drug overdose deaths involving heroin,5,"Deaths per 100,000 resident population, crude",2,Sex and age,3,Male: 35-44 years,3.14,2016,18,35-44 years,1.5,13.8,NULL
Drug overdose death rates,Drug overdose deaths involving heroin,5,"Deaths per 100,000 resident population, crude",2,Sex and age,3,Male: 35-44 years,3.14,2017,19,35-44 years,1.5,13.5,NULL
Drug overdose death rates,Drug overdose deaths involving heroin,5,"Deaths per 100,000 resident population, crude",2,Sex and age,3,Male: 45-54 years,3.15,1999,1,45-54 years,1.6,2.3,NULL
Drug overdose death rates,Drug overdose deaths involving heroin,5,"Deaths per 100,000 resident population, crude",2,Sex and age,3,Male: 45-54 years,3.15,2000,2,45-54 years,1.6,2.2,NULL
Drug overdose death rates,Drug overdose deaths involving heroin,5,"Deaths per 100,000 resident population, crude",2,Sex and age,3,Male: 45-54 years,3.15,2001,3,45-54 years,1.6,2.0,NULL
Drug overdose death rates,Drug overdose deaths involving heroin,5,"Deaths per 100,000 resident population, crude",2,Sex and age,3,Male: 45-54 years,3.15,2002,4,45-54 years,1.6,2.5,NULL
Drug overdose death rates,Drug overdose deaths involving heroin,5,"Deaths per 100,000 resident population, crude",2,Sex and age,3,Male: 45-54 years,3.15,2003,5,45-54 years,1.6,2.6,NULL
Drug overdose death rates,Drug overdose deaths involving heroin,5,"Deaths per 100,000 resident population, crude",2,Sex and age,3,Male: 45-54 years,3.15,2004,6,45-54 years,1.6,2.0,NULL
Drug overdose death rates,Drug overdose deaths involving heroin,5,"Deaths per 100,000 resident population, crude",2,Sex and age,3,Male: 45-54 years,3.15,2005,7,45-54 years,1.6,2.3,NULL
Drug overdose death rates,Drug overdose deaths involving heroin,5,"Deaths per 100,000 resident population, crude",2,Sex and age,3,Male: 45-54 years,3.15,2006,8,45-54 years,1.6,2.3,NULL
Drug overdose death rates,Drug overdose deaths involving heroin,5,"Deaths per 100,000 resident population, crude",2,Sex and age,3,Male: 45-54 years,3.15,2007,9,45-54 years,1.6,2.6,NULL
Drug overdose death rates,Drug overdose deaths involving heroin,5,"Deaths per 100,000 resident population, crude",2,Sex and age,3,Male: 45-54 years,3.15,2008,10,45-54 years,1.6,2.7,NULL
Drug overdose death rates,Drug overdose deaths involving heroin,5,"Deaths per 100,000 resident population, crude",2,Sex and age,3,Male: 45-54 years,3.15,2009,11,45-54 years,1.6,3.0,NULL
Drug overdose death rates,Drug overdose deaths involving heroin,5,"Deaths per 100,000 resident population, crude",2,Sex and age,3,Male: 45-54 years,3.15,2010,12,45-54 years,1.6,2.4,NULL
Drug overdose death rates,Drug overdose deaths involving heroin,5,"Deaths per 100,000 resident population, crude",2,Sex and age,3,Male: 45-54 years,3.15,2011,13,45-54 years,1.6,3.2,NULL
Drug overdose death rates,Drug overdose deaths involving heroin,5,"Deaths per 100,000 resident population, crude",2,Sex and age,3,Male: 45-54 years,3.15,2012,14,45-54 years,1.6,4.5,NULL
Drug overdose death rates,Drug overdose deaths involving heroin,5,"Deaths per 100,000 resident population, crude",2,Sex and age,3,Male: 45-54 years,3.15,2013,15,45-54 years,1.6,6.0,NULL
Drug overdose death rates,Drug overdose deaths involving heroin,5,"Deaths per 100,000 resident population, crude",2,Sex and age,3,Male: 45-54 years,3.15,2014,16,45-54 years,1.6,7.2,NULL
Drug overdose death rates,Drug overdose deaths involving heroin,5,"Deaths per 100,000 resident population, crude",2,Sex and age,3,Male: 45-54 years,3.15,2015,17,45-54 years,1.6,8.7,NULL
Drug overdose death rates,Drug overdose deaths involving heroin,5,"Deaths per 100,000 resident population, crude",2,Sex and age,3,Male: 45-54 years,3.15,2016,18,45-54 years,1.6,10.6,NULL
Drug overdose death rates,Drug overdose deaths involving heroin,5,"Deaths per 100,000 resident population, crude",2,Sex and age,3,Male: 45-54 years,3.15,2017,19,45-54 years,1.6,10.9,NULL
Drug overdose death rates,Drug overdose deaths involving heroin,5,"Deaths per 100,000 resident population, crude",2,Sex and age,3,Male: 55-64 years,3.16,1999,1,55-64 years,1.7,0.5,NULL
Drug overdose death rates,Drug overdose deaths involving heroin,5,"Deaths per 100,000 resident population, crude",2,Sex and age,3,Male: 55-64 years,3.16,2000,2,55-64 years,1.7,0.4,NULL
Drug overdose death rates,Drug overdose deaths involving heroin,5,"Deaths per 100,000 resident population, crude",2,Sex and age,3,Male: 55-64 years,3.16,2001,3,55-64 years,1.7,0.5,NULL
Drug overdose death rates,Drug overdose deaths involving heroin,5,"Deaths per 100,000 resident population, crude",2,Sex and age,3,Male: 55-64 years,3.16,2002,4,55-64 years,1.7,0.6,NULL
Drug overdose death rates,Drug overdose deaths involving heroin,5,"Deaths per 100,000 resident population, crude",2,Sex and age,3,Male: 55-64 years,3.16,2003,5,55-64 years,1.7,0.6,NULL
Drug overdose death rates,Drug overdose deaths involving heroin,5,"Deaths per 100,000 resident population, crude",2,Sex and age,3,Male: 55-64 years,3.16,2004,6,55-64 years,1.7,0.6,NULL
Drug overdose death rates,Drug overdose deaths involving heroin,5,"Deaths per 100,000 resident population, crude",2,Sex and age,3,Male: 55-64 years,3.16,2005,7,55-64 years,1.7,0.7,NULL
Drug overdose death rates,Drug overdose deaths involving heroin,5,"Deaths per 100,000 resident population, crude",2,Sex and age,3,Male: 55-64 years,3.16,2006,8,55-64 years,1.7,0.8,NULL
Drug overdose death rates,Drug overdose deaths involving heroin,5,"Deaths per 100,000 resident population, crude",2,Sex and age,3,Male: 55-64 years,3.16,2007,9,55-64 years,1.7,0.8,NULL
Drug overdose death rates,Drug overdose deaths involving heroin,5,"Deaths per 100,000 resident population, crude",2,Sex and age,3,Male: 55-64 years,3.16,2008,10,55-64 years,1.7,1.2,NULL
Drug overdose death rates,Drug overdose deaths involving heroin,5,"Deaths per 100,000 resident population, crude",2,Sex and age,3,Male: 55-64 years,3.16,2009,11,55-64 years,1.7,1.3,NULL
Drug overdose death rates,Drug overdose deaths involving heroin,5,"Deaths per 100,000 resident population, crude",2,Sex and age,3,Male: 55-64 years,3.16,2010,12,55-64 years,1.7,1.1,NULL
Drug overdose death rates,Drug overdose deaths involving heroin,5,"Deaths per 100,000 resident population, crude",2,Sex and age,3,Male: 55-64 years,3.16,2011,13,55-64 years,1.7,1.7,NULL
Drug overdose death rates,Drug overdose deaths involving heroin,5,"Deaths per 100,000 resident population, crude",2,Sex and age,3,Male: 55-64 years,3.16,2012,14,55-64 years,1.7,2.3,NULL
Drug overdose death rates,Drug overdose deaths involving heroin,5,"Deaths per 100,000 resident population, crude",2,Sex and age,3,Male: 55-64 years,3.16,2013,15,55-64 years,1.7,3.6,NULL
Drug overdose death rates,Drug overdose deaths involving heroin,5,"Deaths per 100,000 resident population, crude",2,Sex and age,3,Male: 55-64 years,3.16,2014,16,55-64 years,1.7,4.4,NULL
Drug overdose death rates,Drug overdose deaths involving heroin,5,"Deaths per 100,000 resident population, crude",2,Sex and age,3,Male: 55-64 years,3.16,2015,17,55-64 years,1.7,5.6,NULL
Drug overdose death rates,Drug overdose deaths involving heroin,5,"Deaths per 100,000 resident population, crude",2,Sex and age,3,Male: 55-64 years,3.16,2016,18,55-64 years,1.7,6.8,NULL
Drug overdose death rates,Drug overdose deaths involving heroin,5,"Deaths per 100,000 resident population, crude",2,Sex and age,3,Male: 55-64 years,3.16,2017,19,55-64 years,1.7,7.6,NULL
Drug overdose death rates,Drug overdose deaths involving heroin,5,"Deaths per 100,000 resident population, crude",2,Sex and age,3,Male: 65-74 years,3.17,1999,1,65-74 years,1.8,NULL,*
Drug overdose death rates,Drug overdose deaths involving heroin,5,"Deaths per 100,000 resident population, crude",2,Sex and age,3,Male: 65-74 years,3.17,2000,2,65-74 years,1.8,NULL,*
Drug overdose death rates,Drug overdose deaths involving heroin,5,"Deaths per 100,000 resident population, crude",2,Sex and age,3,Male: 65-74 years,3.17,2001,3,65-74 years,1.8,NULL,*
Drug overdose death rates,Drug overdose deaths involving heroin,5,"Deaths per 100,000 resident population, crude",2,Sex and age,3,Male: 65-74 years,3.17,2002,4,65-74 years,1.8,NULL,*
Drug overdose death rates,Drug overdose deaths involving heroin,5,"Deaths per 100,000 resident population, crude",2,Sex and age,3,Male: 65-74 years,3.17,2003,5,65-74 years,1.8,NULL,*
Drug overdose death rates,Drug overdose deaths involving heroin,5,"Deaths per 100,000 resident population, crude",2,Sex and age,3,Male: 65-74 years,3.17,2004,6,65-74 years,1.8,NULL,*
Drug overdose death rates,Drug overdose deaths involving heroin,5,"Deaths per 100,000 resident population, crude",2,Sex and age,3,Male: 65-74 years,3.17,2005,7,65-74 years,1.8,NULL,*
Drug overdose death rates,Drug overdose deaths involving heroin,5,"Deaths per 100,000 resident population, crude",2,Sex and age,3,Male: 65-74 years,3.17,2006,8,65-74 years,1.8,NULL,*
Drug overdose death rates,Drug overdose deaths involving heroin,5,"Deaths per 100,000 resident population, crude",2,Sex and age,3,Male: 65-74 years,3.17,2007,9,65-74 years,1.8,NULL,*
Drug overdose death rates,Drug overdose deaths involving heroin,5,"Deaths per 100,000 resident population, crude",2,Sex and age,3,Male: 65-74 years,3.17,2008,10,65-74 years,1.8,NULL,*
Drug overdose death rates,Drug overdose deaths involving heroin,5,"Deaths per 100,000 resident population, crude",2,Sex and age,3,Male: 65-74 years,3.17,2009,11,65-74 years,1.8,NULL,*
Drug overdose death rates,Drug overdose deaths involving heroin,5,"Deaths per 100,000 resident population, crude",2,Sex and age,3,Male: 65-74 years,3.17,2010,12,65-74 years,1.8,NULL,*
Drug overdose death rates,Drug overdose deaths involving heroin,5,"Deaths per 100,000 resident population, crude",2,Sex and age,3,Male: 65-74 years,3.17,2011,13,65-74 years,1.8,0.3,NULL
Drug overdose death rates,Drug overdose deaths involving heroin,5,"Deaths per 100,000 resident population, crude",2,Sex and age,3,Male: 65-74 years,3.17,2012,14,65-74 years,1.8,0.3,NULL
Drug overdose death rates,Drug overdose deaths involving heroin,5,"Deaths per 100,000 resident population, crude",2,Sex and age,3,Male: 65-74 years,3.17,2013,15,65-74 years,1.8,0.5,NULL
Drug overdose death rates,Drug overdose deaths involving heroin,5,"Deaths per 100,000 resident population, crude",2,Sex and age,3,Male: 65-74 years,3.17,2014,16,65-74 years,1.8,0.9,NULL
Drug overdose death rates,Drug overdose deaths involving heroin,5,"Deaths per 100,000 resident population, crude",2,Sex and age,3,Male: 65-74 years,3.17,2015,17,65-74 years,1.8,1.1,NULL
Drug overdose death rates,Drug overdose deaths involving heroin,5,"Deaths per 100,000 resident population, crude",2,Sex and age,3,Male: 65-74 years,3.17,2016,18,65-74 years,1.8,1.7,NULL
Drug overdose death rates,Drug overdose deaths involving heroin,5,"Deaths per 100,000 resident population, crude",2,Sex and age,3,Male: 65-74 years,3.17,2017,19,65-74 years,1.8,2.1,NULL
Drug overdose death rates,Drug overdose deaths involving heroin,5,"Deaths per 100,000 resident population, crude",2,Sex and age,3,Male: 75-84 years,3.18,1999,1,75-84 years,1.9,NULL,*
Drug overdose death rates,Drug overdose deaths involving heroin,5,"Deaths per 100,000 resident population, crude",2,Sex and age,3,Male: 75-84 years,3.18,2000,2,75-84 years,1.9,NULL,*
Drug overdose death rates,Drug overdose deaths involving heroin,5,"Deaths per 100,000 resident population, crude",2,Sex and age,3,Male: 75-84 years,3.18,2001,3,75-84 years,1.9,NULL,*
Drug overdose death rates,Drug overdose deaths involving heroin,5,"Deaths per 100,000 resident population, crude",2,Sex and age,3,Male: 75-84 years,3.18,2002,4,75-84 years,1.9,NULL,*
Drug overdose death rates,Drug overdose deaths involving heroin,5,"Deaths per 100,000 resident population, crude",2,Sex and age,3,Male: 75-84 years,3.18,2003,5,75-84 years,1.9,NULL,*
Drug overdose death rates,Drug overdose deaths involving heroin,5,"Deaths per 100,000 resident population, crude",2,Sex and age,3,Male: 75-84 years,3.18,2004,6,75-84 years,1.9,NULL,*
Drug overdose death rates,Drug overdose deaths involving heroin,5,"Deaths per 100,000 resident population, crude",2,Sex and age,3,Male: 75-84 years,3.18,2005,7,75-84 years,1.9,NULL,*
Drug overdose death rates,Drug overdose deaths involving heroin,5,"Deaths per 100,000 resident population, crude",2,Sex and age,3,Male: 75-84 years,3.18,2006,8,75-84 years,1.9,NULL,*
Drug overdose death rates,Drug overdose deaths involving heroin,5,"Deaths per 100,000 resident population, crude",2,Sex and age,3,Male: 75-84 years,3.18,2007,9,75-84 years,1.9,NULL,*
Drug overdose death rates,Drug overdose deaths involving heroin,5,"Deaths per 100,000 resident population, crude",2,Sex and age,3,Male: 75-84 years,3.18,2008,10,75-84 years,1.9,NULL,*
Drug overdose death rates,Drug overdose deaths involving heroin,5,"Deaths per 100,000 resident population, crude",2,Sex and age,3,Male: 75-84 years,3.18,2009,11,75-84 years,1.9,NULL,*
Drug overdose death rates,Drug overdose deaths involving heroin,5,"Deaths per 100,000 resident population, crude",2,Sex and age,3,Male: 75-84 years,3.18,2010,12,75-84 years,1.9,NULL,*
Drug overdose death rates,Drug overdose deaths involving heroin,5,"Deaths per 100,000 resident population, crude",2,Sex and age,3,Male: 75-84 years,3.18,2011,13,75-84 years,1.9,NULL,*
Drug overdose death rates,Drug overdose deaths involving heroin,5,"Deaths per 100,000 resident population, crude",2,Sex and age,3,Male: 75-84 years,3.18,2012,14,75-84 years,1.9,NULL,*
Drug overdose death rates,Drug overdose deaths involving heroin,5,"Deaths per 100,000 resident population, crude",2,Sex and age,3,Male: 75-84 years,3.18,2013,15,75-84 years,1.9,NULL,*
Drug overdose death rates,Drug overdose deaths involving heroin,5,"Deaths per 100,000 resident population, crude",2,Sex and age,3,Male: 75-84 years,3.18,2014,16,75-84 years,1.9,NULL,*
Drug overdose death rates,Drug overdose deaths involving heroin,5,"Deaths per 100,000 resident population, crude",2,Sex and age,3,Male: 75-84 years,3.18,2015,17,75-84 years,1.9,NULL,*
Drug overdose death rates,Drug overdose deaths involving heroin,5,"Deaths per 100,000 resident population, crude",2,Sex and age,3,Male: 75-84 years,3.18,2016,18,75-84 years,1.9,NULL,*
Drug overdose death rates,Drug overdose deaths involving heroin,5,"Deaths per 100,000 resident population, crude",2,Sex and age,3,Male: 75-84 years,3.18,2017,19,75-84 years,1.9,NULL,*
Drug overdose death rates,Drug overdose deaths involving heroin,5,"Deaths per 100,000 resident population, crude",2,Sex and age,3,Male: 85 years and over,3.19,1999,1,85 years and over,1.91,NULL,*
Drug overdose death rates,Drug overdose deaths involving heroin,5,"Deaths per 100,000 resident population, crude",2,Sex and age,3,Male: 85 years and over,3.19,2000,2,85 years and over,1.91,NULL,*
Drug overdose death rates,Drug overdose deaths involving heroin,5,"Deaths per 100,000 resident population, crude",2,Sex and age,3,Male: 85 years and over,3.19,2001,3,85 years and over,1.91,NULL,*
Drug overdose death rates,Drug overdose deaths involving heroin,5,"Deaths per 100,000 resident population, crude",2,Sex and age,3,Male: 85 years and over,3.19,2002,4,85 years and over,1.91,NULL,*
Drug overdose death rates,Drug overdose deaths involving heroin,5,"Deaths per 100,000 resident population, crude",2,Sex and age,3,Male: 85 years and over,3.19,2003,5,85 years and over,1.91,NULL,*
Drug overdose death rates,Drug overdose deaths involving heroin,5,"Deaths per 100,000 resident population, crude",2,Sex and age,3,Male: 85 years and over,3.19,2004,6,85 years and over,1.91,NULL,*
Drug overdose death rates,Drug overdose deaths involving heroin,5,"Deaths per 100,000 resident population, crude",2,Sex and age,3,Male: 85 years and over,3.19,2005,7,85 years and over,1.91,NULL,*
Drug overdose death rates,Drug overdose deaths involving heroin,5,"Deaths per 100,000 resident population, crude",2,Sex and age,3,Male: 85 years and over,3.19,2006,8,85 years and over,1.91,NULL,*
Drug overdose death rates,Drug overdose deaths involving heroin,5,"Deaths per 100,000 resident population, crude",2,Sex and age,3,Male: 85 years and over,3.19,2007,9,85 years and over,1.91,NULL,*
Drug overdose death rates,Drug overdose deaths involving heroin,5,"Deaths per 100,000 resident population, crude",2,Sex and age,3,Male: 85 years and over,3.19,2008,10,85 years and over,1.91,NULL,*
Drug overdose death rates,Drug overdose deaths involving heroin,5,"Deaths per 100,000 resident population, crude",2,Sex and age,3,Male: 85 years and over,3.19,2009,11,85 years and over,1.91,NULL,*
Drug overdose death rates,Drug overdose deaths involving heroin,5,"Deaths per 100,000 resident population, crude",2,Sex and age,3,Male: 85 years and over,3.19,2010,12,85 years and over,1.91,NULL,*
Drug overdose death rates,Drug overdose deaths involving heroin,5,"Deaths per 100,000 resident population, crude",2,Sex and age,3,Male: 85 years and over,3.19,2011,13,85 years and over,1.91,NULL,*
Drug overdose death rates,Drug overdose deaths involving heroin,5,"Deaths per 100,000 resident population, crude",2,Sex and age,3,Male: 85 years and over,3.19,2012,14,85 years and over,1.91,NULL,*
Drug overdose death rates,Drug overdose deaths involving heroin,5,"Deaths per 100,000 resident population, crude",2,Sex and age,3,Male: 85 years and over,3.19,2013,15,85 years and over,1.91,NULL,*
Drug overdose death rates,Drug overdose deaths involving heroin,5,"Deaths per 100,000 resident population, crude",2,Sex and age,3,Male: 85 years and over,3.19,2014,16,85 years and over,1.91,NULL,*
Drug overdose death rates,Drug overdose deaths involving heroin,5,"Deaths per 100,000 resident population, crude",2,Sex and age,3,Male: 85 years and over,3.19,2015,17,85 years and over,1.91,NULL,*
Drug overdose death rates,Drug overdose deaths involving heroin,5,"Deaths per 100,000 resident population, crude",2,Sex and age,3,Male: 85 years and over,3.19,2016,18,85 years and over,1.91,NULL,*
Drug overdose death rates,Drug overdose deaths involving heroin,5,"Deaths per 100,000 resident population, crude",2,Sex and age,3,Male: 85 years and over,3.19,2017,19,85 years and over,1.91,NULL,*
Drug overdose death rates,Drug overdose deaths involving heroin,5,"Deaths per 100,000 resident population, crude",2,Sex and age,3,Female: Under 15 years,3.21,1999,1,Under 15 years,1.2,NULL,*
Drug overdose death rates,Drug overdose deaths involving heroin,5,"Deaths per 100,000 resident population, crude",2,Sex and age,3,Female: Under 15 years,3.21,2000,2,Under 15 years,1.2,NULL,*
Drug overdose death rates,Drug overdose deaths involving heroin,5,"Deaths per 100,000 resident population, crude",2,Sex and age,3,Female: Under 15 years,3.21,2001,3,Under 15 years,1.2,NULL,*
Drug overdose death rates,Drug overdose deaths involving heroin,5,"Deaths per 100,000 resident population, crude",2,Sex and age,3,Female: Under 15 years,3.21,2002,4,Under 15 years,1.2,NULL,*
Drug overdose death rates,Drug overdose deaths involving heroin,5,"Deaths per 100,000 resident population, crude",2,Sex and age,3,Female: Under 15 years,3.21,2003,5,Under 15 years,1.2,NULL,*
Drug overdose death rates,Drug overdose deaths involving heroin,5,"Deaths per 100,000 resident population, crude",2,Sex and age,3,Female: Under 15 years,3.21,2004,6,Under 15 years,1.2,NULL,*
Drug overdose death rates,Drug overdose deaths involving heroin,5,"Deaths per 100,000 resident population, crude",2,Sex and age,3,Female: Under 15 years,3.21,2005,7,Under 15 years,1.2,NULL,*
Drug overdose death rates,Drug overdose deaths involving heroin,5,"Deaths per 100,000 resident population, crude",2,Sex and age,3,Female: Under 15 years,3.21,2006,8,Under 15 years,1.2,NULL,*
Drug overdose death rates,Drug overdose deaths involving heroin,5,"Deaths per 100,000 resident population, crude",2,Sex and age,3,Female: Under 15 years,3.21,2007,9,Under 15 years,1.2,NULL,*
Drug overdose death rates,Drug overdose deaths involving heroin,5,"Deaths per 100,000 resident population, crude",2,Sex and age,3,Female: Under 15 years,3.21,2008,10,Under 15 years,1.2,NULL,*
Drug overdose death rates,Drug overdose deaths involving heroin,5,"Deaths per 100,000 resident population, crude",2,Sex and age,3,Female: Under 15 years,3.21,2009,11,Under 15 years,1.2,NULL,*
Drug overdose death rates,Drug overdose deaths involving heroin,5,"Deaths per 100,000 resident population, crude",2,Sex and age,3,Female: Under 15 years,3.21,2010,12,Under 15 years,1.2,NULL,*
Drug overdose death rates,Drug overdose deaths involving heroin,5,"Deaths per 100,000 resident population, crude",2,Sex and age,3,Female: Under 15 years,3.21,2011,13,Under 15 years,1.2,NULL,*
Drug overdose death rates,Drug overdose deaths involving heroin,5,"Deaths per 100,000 resident population, crude",2,Sex and age,3,Female: Under 15 years,3.21,2012,14,Under 15 years,1.2,NULL,*
Drug overdose death rates,Drug overdose deaths involving heroin,5,"Deaths per 100,000 resident population, crude",2,Sex and age,3,Female: Under 15 years,3.21,2013,15,Under 15 years,1.2,NULL,*
Drug overdose death rates,Drug overdose deaths involving heroin,5,"Deaths per 100,000 resident population, crude",2,Sex and age,3,Female: Under 15 years,3.21,2014,16,Under 15 years,1.2,NULL,*
Drug overdose death rates,Drug overdose deaths involving heroin,5,"Deaths per 100,000 resident population, crude",2,Sex and age,3,Female: Under 15 years,3.21,2015,17,Under 15 years,1.2,NULL,*
Drug overdose death rates,Drug overdose deaths involving heroin,5,"Deaths per 100,000 resident population, crude",2,Sex and age,3,Female: Under 15 years,3.21,2016,18,Under 15 years,1.2,NULL,*
Drug overdose death rates,Drug overdose deaths involving heroin,5,"Deaths per 100,000 resident population, crude",2,Sex and age,3,Female: Under 15 years,3.21,2017,19,Under 15 years,1.2,NULL,*
Drug overdose death rates,Drug overdose deaths involving heroin,5,"Deaths per 100,000 resident population, crude",2,Sex and age,3,Female: 15-24 years,3.22,1999,1,15-24 years,1.3,0.2,NULL
Drug overdose death rates,Drug overdose deaths involving heroin,5,"Deaths per 100,000 resident population, crude",2,Sex and age,3,Female: 15-24 years,3.22,2000,2,15-24 years,1.3,0.2,NULL
Drug overdose death rates,Drug overdose deaths involving heroin,5,"Deaths per 100,000 resident population, crude",2,Sex and age,3,Female: 15-24 years,3.22,2001,3,15-24 years,1.3,0.2,NULL
Drug overdose death rates,Drug overdose deaths involving heroin,5,"Deaths per 100,000 resident population, crude",2,Sex and age,3,Female: 15-24 years,3.22,2002,4,15-24 years,1.3,0.3,NULL
Drug overdose death rates,Drug overdose deaths involving heroin,5,"Deaths per 100,000 resident population, crude",2,Sex and age,3,Female: 15-24 years,3.22,2003,5,15-24 years,1.3,0.3,NULL
Drug overdose death rates,Drug overdose deaths involving heroin,5,"Deaths per 100,000 resident population, crude",2,Sex and age,3,Female: 15-24 years,3.22,2004,6,15-24 years,1.3,0.3,NULL
Drug overdose death rates,Drug overdose deaths involving heroin,5,"Deaths per 100,000 resident population, crude",2,Sex and age,3,Female: 15-24 years,3.22,2005,7,15-24 years,1.3,0.3,NULL
Drug overdose death rates,Drug overdose deaths involving heroin,5,"Deaths per 100,000 resident population, crude",2,Sex and age,3,Female: 15-24 years,3.22,2006,8,15-24 years,1.3,0.3,NULL
Drug overdose death rates,Drug overdose deaths involving heroin,5,"Deaths per 100,000 resident population, crude",2,Sex and age,3,Female: 15-24 years,3.22,2007,9,15-24 years,1.3,0.3,NULL
Drug overdose death rates,Drug overdose deaths involving heroin,5,"Deaths per 100,000 resident population, crude",2,Sex and age,3,Female: 15-24 years,3.22,2008,10,15-24 years,1.3,0.5,NULL
Drug overdose death rates,Drug overdose deaths involving heroin,5,"Deaths per 100,000 resident population, crude",2,Sex and age,3,Female: 15-24 years,3.22,2009,11,15-24 years,1.3,0.5,NULL
Drug overdose death rates,Drug overdose deaths involving heroin,5,"Deaths per 100,000 resident population, crude",2,Sex and age,3,Female: 15-24 years,3.22,2010,12,15-24 years,1.3,0.6,NULL
Drug overdose death rates,Drug overdose deaths involving heroin,5,"Deaths per 100,000 resident population, crude",2,Sex and age,3,Female: 15-24 years,3.22,2011,13,15-24 years,1.3,0.9,NULL
Drug overdose death rates,Drug overdose deaths involving heroin,5,"Deaths per 100,000 resident population, crude",2,Sex and age,3,Female: 15-24 years,3.22,2012,14,15-24 years,1.3,1.1,NULL
Drug overdose death rates,Drug overdose deaths involving heroin,5,"Deaths per 100,000 resident population, crude",2,Sex and age,3,Female: 15-24 years,3.22,2013,15,15-24 years,1.3,1.5,NULL
Drug overdose death rates,Drug overdose deaths involving heroin,5,"Deaths per 100,000 resident population, crude",2,Sex and age,3,Female: 15-24 years,3.22,2014,16,15-24 years,1.3,1.7,NULL
Drug overdose death rates,Drug overdose deaths involving heroin,5,"Deaths per 100,000 resident population, crude",2,Sex and age,3,Female: 15-24 years,3.22,2015,17,15-24 years,1.3,2.2,NULL
Drug overdose death rates,Drug overdose deaths involving heroin,5,"Deaths per 100,000 resident population, crude",2,Sex and age,3,Female: 15-24 years,3.22,2016,18,15-24 years,1.3,2.1,NULL
Drug overdose death rates,Drug overdose deaths involving heroin,5,"Deaths per 100,000 resident population, crude",2,Sex and age,3,Female: 15-24 years,3.22,2017,19,15-24 years,1.3,2.0,NULL
Drug overdose death rates,Drug overdose deaths involving heroin,5,"Deaths per 100,000 resident population, crude",2,Sex and age,3,Female: 25-34 years,3.23,1999,1,25-34 years,1.4,0.3,NULL
Drug overdose death rates,Drug overdose deaths involving heroin,5,"Deaths per 100,000 resident population, crude",2,Sex and age,3,Female: 25-34 years,3.23,2000,2,25-34 years,1.4,0.4,NULL
Drug overdose death rates,Drug overdose deaths involving heroin,5,"Deaths per 100,000 resident population, crude",2,Sex and age,3,Female: 25-34 years,3.23,2001,3,25-34 years,1.4,0.3,NULL
Drug overdose death rates,Drug overdose deaths involving heroin,5,"Deaths per 100,000 resident population, crude",2,Sex and age,3,Female: 25-34 years,3.23,2002,4,25-34 years,1.4,0.4,NULL
Drug overdose death rates,Drug overdose deaths involving heroin,5,"Deaths per 100,000 resident population, crude",2,Sex and age,3,Female: 25-34 years,3.23,2003,5,25-34 years,1.4,0.3,NULL
Drug overdose death rates,Drug overdose deaths involving heroin,5,"Deaths per 100,000 resident population, crude",2,Sex and age,3,Female: 25-34 years,3.23,2004,6,25-34 years,1.4,0.4,NULL
Drug overdose death rates,Drug overdose deaths involving heroin,5,"Deaths per 100,000 resident population, crude",2,Sex and age,3,Female: 25-34 years,3.23,2005,7,25-34 years,1.4,0.5,NULL
Drug overdose death rates,Drug overdose deaths involving heroin,5,"Deaths per 100,000 resident population, crude",2,Sex and age,3,Female: 25-34 years,3.23,2006,8,25-34 years,1.4,0.4,NULL
Drug overdose death rates,Drug overdose deaths involving heroin,5,"Deaths per 100,000 resident population, crude",2,Sex and age,3,Female: 25-34 years,3.23,2007,9,25-34 years,1.4,0.5,NULL
Drug overdose death rates,Drug overdose deaths involving heroin,5,"Deaths per 100,000 resident population, crude",2,Sex and age,3,Female: 25-34 years,3.23,2008,10,25-34 years,1.4,0.6,NULL
Drug overdose death rates,Drug overdose deaths involving heroin,5,"Deaths per 100,000 resident population, crude",2,Sex and age,3,Female: 25-34 years,3.23,2009,11,25-34 years,1.4,0.7,NULL
Drug overdose death rates,Drug overdose deaths involving heroin,5,"Deaths per 100,000 resident population, crude",2,Sex and age,3,Female: 25-34 years,3.23,2010,12,25-34 years,1.4,0.9,NULL
Drug overdose death rates,Drug overdose deaths involving heroin,5,"Deaths per 100,000 resident population, crude",2,Sex and age,3,Female: 25-34 years,3.23,2011,13,25-34 years,1.4,1.4,NULL
Drug overdose death rates,Drug overdose deaths involving heroin,5,"Deaths per 100,000 resident population, crude",2,Sex and age,3,Female: 25-34 years,3.23,2012,14,25-34 years,1.4,2.0,NULL
Drug overdose death rates,Drug overdose deaths involving heroin,5,"Deaths per 100,000 resident population, crude",2,Sex and age,3,Female: 25-34 years,3.23,2013,15,25-34 years,1.4,2.6,NULL
Drug overdose death rates,Drug overdose deaths involving heroin,5,"Deaths per 100,000 resident population, crude",2,Sex and age,3,Female: 25-34 years,3.23,2014,16,25-34 years,1.4,3.7,NULL
Drug overdose death rates,Drug overdose deaths involving heroin,5,"Deaths per 100,000 resident population, crude",2,Sex and age,3,Female: 25-34 years,3.23,2015,17,25-34 years,1.4,4.6,NULL
Drug overdose death rates,Drug overdose deaths involving heroin,5,"Deaths per 100,000 resident population, crude",2,Sex and age,3,Female: 25-34 years,3.23,2016,18,25-34 years,1.4,5.4,NULL
Drug overdose death rates,Drug overdose deaths involving heroin,5,"Deaths per 100,000 resident population, crude",2,Sex and age,3,Female: 25-34 years,3.23,2017,19,25-34 years,1.4,5.4,NULL
Drug overdose death rates,Drug overdose deaths involving heroin,5,"Deaths per 100,000 resident population, crude",2,Sex and age,3,Female: 35-44 years,3.24,1999,1,35-44 years,1.5,0.6,NULL
Drug overdose death rates,Drug overdose deaths involving heroin,5,"Deaths per 100,000 resident population, crude",2,Sex and age,3,Female: 35-44 years,3.24,2000,2,35-44 years,1.5,0.5,NULL
Drug overdose death rates,Drug overdose deaths involving heroin,5,"Deaths per 100,000 resident population, crude",2,Sex and age,3,Female: 35-44 years,3.24,2001,3,35-44 years,1.5,0.6,NULL
Drug overdose death rates,Drug overdose deaths involving heroin,5,"Deaths per 100,000 resident population, crude",2,Sex and age,3,Female: 35-44 years,3.24,2002,4,35-44 years,1.5,0.6,NULL
Drug overdose death rates,Drug overdose deaths involving heroin,5,"Deaths per 100,000 resident population, crude",2,Sex and age,3,Female: 35-44 years,3.24,2003,5,35-44 years,1.5,0.5,NULL
Drug overdose death rates,Drug overdose deaths involving heroin,5,"Deaths per 100,000 resident population, crude",2,Sex and age,3,Female: 35-44 years,3.24,2004,6,35-44 years,1.5,0.5,NULL
Drug overdose death rates,Drug overdose deaths involving heroin,5,"Deaths per 100,000 resident population, crude",2,Sex and age,3,Female: 35-44 years,3.24,2005,7,35-44 years,1.5,0.5,NULL
Drug overdose death rates,Drug overdose deaths involving heroin,5,"Deaths per 100,000 resident population, crude",2,Sex and age,3,Female: 35-44 years,3.24,2006,8,35-44 years,1.5,0.4,NULL
Drug overdose death rates,Drug overdose deaths involving heroin,5,"Deaths per 100,000 resident population, crude",2,Sex and age,3,Female: 35-44 years,3.24,2007,9,35-44 years,1.5,0.4,NULL
Drug overdose death rates,Drug overdose deaths involving heroin,5,"Deaths per 100,000 resident population, crude",2,Sex and age,3,Female: 35-44 years,3.24,2008,10,35-44 years,1.5,0.7,NULL
Drug overdose death rates,Drug overdose deaths involving heroin,5,"Deaths per 100,000 resident population, crude",2,Sex and age,3,Female: 35-44 years,3.24,2009,11,35-44 years,1.5,0.6,NULL
Drug overdose death rates,Drug overdose deaths involving heroin,5,"Deaths per 100,000 resident population, crude",2,Sex and age,3,Female: 35-44 years,3.24,2010,12,35-44 years,1.5,0.6,NULL
Drug overdose death rates,Drug overdose deaths involving heroin,5,"Deaths per 100,000 resident population, crude",2,Sex and age,3,Female: 35-44 years,3.24,2011,13,35-44 years,1.5,0.8,NULL
Drug overdose death rates,Drug overdose deaths involving heroin,5,"Deaths per 100,000 resident population, crude",2,Sex and age,3,Female: 35-44 years,3.24,2012,14,35-44 years,1.5,1.1,NULL
Drug overdose death rates,Drug overdose deaths involving heroin,5,"Deaths per 100,000 resident population, crude",2,Sex and age,3,Female: 35-44 years,3.24,2013,15,35-44 years,1.5,1.9,NULL
Drug overdose death rates,Drug overdose deaths involving heroin,5,"Deaths per 100,000 resident population, crude",2,Sex and age,3,Female: 35-44 years,3.24,2014,16,35-44 years,1.5,2.6,NULL
Drug overdose death rates,Drug overdose deaths involving heroin,5,"Deaths per 100,000 resident population, crude",2,Sex and age,3,Female: 35-44 years,3.24,2015,17,35-44 years,1.5,3.5,NULL
Drug overdose death rates,Drug overdose deaths involving heroin,5,"Deaths per 100,000 resident population, crude",2,Sex and age,3,Female: 35-44 years,3.24,2016,18,35-44 years,1.5,4.1,NULL
Drug overdose death rates,Drug overdose deaths involving heroin,5,"Deaths per 100,000 resident population, crude",2,Sex and age,3,Female: 35-44 years,3.24,2017,19,35-44 years,1.5,4.7,NULL
Drug overdose death rates,Drug overdose deaths involving heroin,5,"Deaths per 100,000 resident population, crude",2,Sex and age,3,Female: 45-54 years,3.25,1999,1,45-54 years,1.6,0.3,NULL
Drug overdose death rates,Drug overdose deaths involving heroin,5,"Deaths per 100,000 resident population, crude",2,Sex and age,3,Female: 45-54 years,3.25,2000,2,45-54 years,1.6,0.3,NULL
Drug overdose death rates,Drug overdose deaths involving heroin,5,"Deaths per 100,000 resident population, crude",2,Sex and age,3,Female: 45-54 years,3.25,2001,3,45-54 years,1.6,0.3,NULL
Drug overdose death rates,Drug overdose deaths involving heroin,5,"Deaths per 100,000 resident population, crude",2,Sex and age,3,Female: 45-54 years,3.25,2002,4,45-54 years,1.6,0.4,NULL
Drug overdose death rates,Drug overdose deaths involving heroin,5,"Deaths per 100,000 resident population, crude",2,Sex and age,3,Female: 45-54 years,3.25,2003,5,45-54 years,1.6,0.5,NULL
Drug overdose death rates,Drug overdose deaths involving heroin,5,"Deaths per 100,000 resident population, crude",2,Sex and age,3,Female: 45-54 years,3.25,2004,6,45-54 years,1.6,0.4,NULL
Drug overdose death rates,Drug overdose deaths involving heroin,5,"Deaths per 100,000 resident population, crude",2,Sex and age,3,Female: 45-54 years,3.25,2005,7,45-54 years,1.6,0.5,NULL
Drug overdose death rates,Drug overdose deaths involving heroin,5,"Deaths per 100,000 resident population, crude",2,Sex and age,3,Female: 45-54 years,3.25,2006,8,45-54 years,1.6,0.5,NULL
Drug overdose death rates,Drug overdose deaths involving heroin,5,"Deaths per 100,000 resident population, crude",2,Sex and age,3,Female: 45-54 years,3.25,2007,9,45-54 years,1.6,0.5,NULL
Drug overdose death rates,Drug overdose deaths involving heroin,5,"Deaths per 100,000 resident population, crude",2,Sex and age,3,Female: 45-54 years,3.25,2008,10,45-54 years,1.6,0.7,NULL
Drug overdose death rates,Drug overdose deaths involving heroin,5,"Deaths per 100,000 resident population, crude",2,Sex and age,3,Female: 45-54 years,3.25,2009,11,45-54 years,1.6,0.7,NULL
Drug overdose death rates,Drug overdose deaths involving heroin,5,"Deaths per 100,000 resident population, crude",2,Sex and age,3,Female: 45-54 years,3.25,2010,12,45-54 years,1.6,0.5,NULL
Drug overdose death rates,Drug overdose deaths involving heroin,5,"Deaths per 100,000 resident population, crude",2,Sex and age,3,Female: 45-54 years,3.25,2011,13,45-54 years,1.6,0.8,NULL
Drug overdose death rates,Drug overdose deaths involving heroin,5,"Deaths per 100,000 resident population, crude",2,Sex and age,3,Female: 45-54 years,3.25,2012,14,45-54 years,1.6,1.1,NULL
Drug overdose death rates,Drug overdose deaths involving heroin,5,"Deaths per 100,000 resident population, crude",2,Sex and age,3,Female: 45-54 years,3.25,2013,15,45-54 years,1.6,1.6,NULL
Drug overdose death rates,Drug overdose deaths involving heroin,5,"Deaths per 100,000 resident population, crude",2,Sex and age,3,Female: 45-54 years,3.25,2014,16,45-54 years,1.6,2.2,NULL
Drug overdose death rates,Drug overdose deaths involving heroin,5,"Deaths per 100,000 resident population, crude",2,Sex and age,3,Female: 45-54 years,3.25,2015,17,45-54 years,1.6,2.7,NULL
Drug overdose death rates,Drug overdose deaths involving heroin,5,"Deaths per 100,000 resident population, crude",2,Sex and age,3,Female: 45-54 years,3.25,2016,18,45-54 years,1.6,3.6,NULL
Drug overdose death rates,Drug overdose deaths involving heroin,5,"Deaths per 100,000 resident population, crude",2,Sex and age,3,Female: 45-54 years,3.25,2017,19,45-54 years,1.6,3.5,NULL
Drug overdose death rates,Drug overdose deaths involving heroin,5,"Deaths per 100,000 resident population, crude",2,Sex and age,3,Female: 55-64 years,3.26,1999,1,55-64 years,1.7,NULL,*
Drug overdose death rates,Drug overdose deaths involving heroin,5,"Deaths per 100,000 resident population, crude",2,Sex and age,3,Female: 55-64 years,3.26,2000,2,55-64 years,1.7,NULL,*
Drug overdose death rates,Drug overdose deaths involving heroin,5,"Deaths per 100,000 resident population, crude",2,Sex and age,3,Female: 55-64 years,3.26,2001,3,55-64 years,1.7,NULL,*
Drug overdose death rates,Drug overdose deaths involving heroin,5,"Deaths per 100,000 resident population, crude",2,Sex and age,3,Female: 55-64 years,3.26,2002,4,55-64 years,1.7,NULL,*
Drug overdose death rates,Drug overdose deaths involving heroin,5,"Deaths per 100,000 resident population, crude",2,Sex and age,3,Female: 55-64 years,3.26,2003,5,55-64 years,1.7,NULL,*
Drug overdose death rates,Drug overdose deaths involving heroin,5,"Deaths per 100,000 resident population, crude",2,Sex and age,3,Female: 55-64 years,3.26,2004,6,55-64 years,1.7,0.1,NULL
Drug overdose death rates,Drug overdose deaths involving heroin,5,"Deaths per 100,000 resident population, crude",2,Sex and age,3,Female: 55-64 years,3.26,2005,7,55-64 years,1.7,NULL,*
Drug overdose death rates,Drug overdose deaths involving heroin,5,"Deaths per 100,000 resident population, crude",2,Sex and age,3,Female: 55-64 years,3.26,2006,8,55-64 years,1.7,NULL,*
Drug overdose death rates,Drug overdose deaths involving heroin,5,"Deaths per 100,000 resident population, crude",2,Sex and age,3,Female: 55-64 years,3.26,2007,9,55-64 years,1.7,0.2,NULL
Drug overdose death rates,Drug overdose deaths involving heroin,5,"Deaths per 100,000 resident population, crude",2,Sex and age,3,Female: 55-64 years,3.26,2008,10,55-64 years,1.7,0.2,NULL
Drug overdose death rates,Drug overdose deaths involving heroin,5,"Deaths per 100,000 resident population, crude",2,Sex and age,3,Female: 55-64 years,3.26,2009,11,55-64 years,1.7,0.2,NULL
Drug overdose death rates,Drug overdose deaths involving heroin,5,"Deaths per 100,000 resident population, crude",2,Sex and age,3,Female: 55-64 years,3.26,2010,12,55-64 years,1.7,0.3,NULL
Drug overdose death rates,Drug overdose deaths involving heroin,5,"Deaths per 100,000 resident population, crude",2,Sex and age,3,Female: 55-64 years,3.26,2011,13,55-64 years,1.7,0.3,NULL
Drug overdose death rates,Drug overdose deaths involving heroin,5,"Deaths per 100,000 resident population, crude",2,Sex and age,3,Female: 55-64 years,3.26,2012,14,55-64 years,1.7,0.4,NULL
Drug overdose death rates,Drug overdose deaths involving heroin,5,"Deaths per 100,000 resident population, crude",2,Sex and age,3,Female: 55-64 years,3.26,2013,15,55-64 years,1.7,0.7,NULL
Drug overdose death rates,Drug overdose deaths involving heroin,5,"Deaths per 100,000 resident population, crude",2,Sex and age,3,Female: 55-64 years,3.26,2014,16,55-64 years,1.7,1.0,NULL
Drug overdose death rates,Drug overdose deaths involving heroin,5,"Deaths per 100,000 resident population, crude",2,Sex and age,3,Female: 55-64 years,3.26,2015,17,55-64 years,1.7,1.5,NULL
Drug overdose death rates,Drug overdose deaths involving heroin,5,"Deaths per 100,000 resident population, crude",2,Sex and age,3,Female: 55-64 years,3.26,2016,18,55-64 years,1.7,1.9,NULL
Drug overdose death rates,Drug overdose deaths involving heroin,5,"Deaths per 100,000 resident population, crude",2,Sex and age,3,Female: 55-64 years,3.26,2017,19,55-64 years,1.7,2.1,NULL
Drug overdose death rates,Drug overdose deaths involving heroin,5,"Deaths per 100,000 resident population, crude",2,Sex and age,3,Female: 65-74 years,3.27,1999,1,65-74 years,1.8,NULL,*
Drug overdose death rates,Drug overdose deaths involving heroin,5,"Deaths per 100,000 resident population, crude",2,Sex and age,3,Female: 65-74 years,3.27,2000,2,65-74 years,1.8,NULL,*
Drug overdose death rates,Drug overdose deaths involving heroin,5,"Deaths per 100,000 resident population, crude",2,Sex and age,3,Female: 65-74 years,3.27,2001,3,65-74 years,1.8,NULL,*
Drug overdose death rates,Drug overdose deaths involving heroin,5,"Deaths per 100,000 resident population, crude",2,Sex and age,3,Female: 65-74 years,3.27,2002,4,65-74 years,1.8,NULL,*
Drug overdose death rates,Drug overdose deaths involving heroin,5,"Deaths per 100,000 resident population, crude",2,Sex and age,3,Female: 65-74 years,3.27,2003,5,65-74 years,1.8,NULL,*
Drug overdose death rates,Drug overdose deaths involving heroin,5,"Deaths per 100,000 resident population, crude",2,Sex and age,3,Female: 65-74 years,3.27,2004,6,65-74 years,1.8,NULL,*
Drug overdose death rates,Drug overdose deaths involving heroin,5,"Deaths per 100,000 resident population, crude",2,Sex and age,3,Female: 65-74 years,3.27,2005,7,65-74 years,1.8,NULL,*
Drug overdose death rates,Drug overdose deaths involving heroin,5,"Deaths per 100,000 resident population, crude",2,Sex and age,3,Female: 65-74 years,3.27,2006,8,65-74 years,1.8,NULL,*
Drug overdose death rates,Drug overdose deaths involving heroin,5,"Deaths per 100,000 resident population, crude",2,Sex and age,3,Female: 65-74 years,3.27,2007,9,65-74 years,1.8,NULL,*
Drug overdose death rates,Drug overdose deaths involving heroin,5,"Deaths per 100,000 resident population, crude",2,Sex and age,3,Female: 65-74 years,3.27,2008,10,65-74 years,1.8,NULL,*
Drug overdose death rates,Drug overdose deaths involving heroin,5,"Deaths per 100,000 resident population, crude",2,Sex and age,3,Female: 65-74 years,3.27,2009,11,65-74 years,1.8,NULL,*
Drug overdose death rates,Drug overdose deaths involving heroin,5,"Deaths per 100,000 resident population, crude",2,Sex and age,3,Female: 65-74 years,3.27,2010,12,65-74 years,1.8,NULL,*
Drug overdose death rates,Drug overdose deaths involving heroin,5,"Deaths per 100,000 resident population, crude",2,Sex and age,3,Female: 65-74 years,3.27,2011,13,65-74 years,1.8,NULL,*
Drug overdose death rates,Drug overdose deaths involving heroin,5,"Deaths per 100,000 resident population, crude",2,Sex and age,3,Female: 65-74 years,3.27,2012,14,65-74 years,1.8,NULL,*
Drug overdose death rates,Drug overdose deaths involving heroin,5,"Deaths per 100,000 resident population, crude",2,Sex and age,3,Female: 65-74 years,3.27,2013,15,65-74 years,1.8,NULL,*
Drug overdose death rates,Drug overdose deaths involving heroin,5,"Deaths per 100,000 resident population, crude",2,Sex and age,3,Female: 65-74 years,3.27,2014,16,65-74 years,1.8,NULL,*
Drug overdose death rates,Drug overdose deaths involving heroin,5,"Deaths per 100,000 resident population, crude",2,Sex and age,3,Female: 65-74 years,3.27,2015,17,65-74 years,1.8,0.2,NULL
Drug overdose death rates,Drug overdose deaths involving heroin,5,"Deaths per 100,000 resident population, crude",2,Sex and age,3,Female: 65-74 years,3.27,2016,18,65-74 years,1.8,0.3,NULL
Drug overdose death rates,Drug overdose deaths involving heroin,5,"Deaths per 100,000 resident population, crude",2,Sex and age,3,Female: 65-74 years,3.27,2017,19,65-74 years,1.8,0.4,NULL
Drug overdose death rates,Drug overdose deaths involving heroin,5,"Deaths per 100,000 resident population, crude",2,Sex and age,3,Female: 75-84 years,3.28,1999,1,75-84 years,1.9,NULL,*
Drug overdose death rates,Drug overdose deaths involving heroin,5,"Deaths per 100,000 resident population, crude",2,Sex and age,3,Female: 75-84 years,3.28,2000,2,75-84 years,1.9,NULL,*
Drug overdose death rates,Drug overdose deaths involving heroin,5,"Deaths per 100,000 resident population, crude",2,Sex and age,3,Female: 75-84 years,3.28,2001,3,75-84 years,1.9,NULL,*
Drug overdose death rates,Drug overdose deaths involving heroin,5,"Deaths per 100,000 resident population, crude",2,Sex and age,3,Female: 75-84 years,3.28,2002,4,75-84 years,1.9,NULL,*
Drug overdose death rates,Drug overdose deaths involving heroin,5,"Deaths per 100,000 resident population, crude",2,Sex and age,3,Female: 75-84 years,3.28,2003,5,75-84 years,1.9,NULL,*
Drug overdose death rates,Drug overdose deaths involving heroin,5,"Deaths per 100,000 resident population, crude",2,Sex and age,3,Female: 75-84 years,3.28,2004,6,75-84 years,1.9,NULL,*
Drug overdose death rates,Drug overdose deaths involving heroin,5,"Deaths per 100,000 resident population, crude",2,Sex and age,3,Female: 75-84 years,3.28,2005,7,75-84 years,1.9,NULL,*
Drug overdose death rates,Drug overdose deaths involving heroin,5,"Deaths per 100,000 resident population, crude",2,Sex and age,3,Female: 75-84 years,3.28,2006,8,75-84 years,1.9,NULL,*
Drug overdose death rates,Drug overdose deaths involving heroin,5,"Deaths per 100,000 resident population, crude",2,Sex and age,3,Female: 75-84 years,3.28,2007,9,75-84 years,1.9,NULL,*
Drug overdose death rates,Drug overdose deaths involving heroin,5,"Deaths per 100,000 resident population, crude",2,Sex and age,3,Female: 75-84 years,3.28,2008,10,75-84 years,1.9,NULL,*
Drug overdose death rates,Drug overdose deaths involving heroin,5,"Deaths per 100,000 resident population, crude",2,Sex and age,3,Female: 75-84 years,3.28,2009,11,75-84 years,1.9,NULL,*
Drug overdose death rates,Drug overdose deaths involving heroin,5,"Deaths per 100,000 resident population, crude",2,Sex and age,3,Female: 75-84 years,3.28,2010,12,75-84 years,1.9,NULL,*
Drug overdose death rates,Drug overdose deaths involving heroin,5,"Deaths per 100,000 resident population, crude",2,Sex and age,3,Female: 75-84 years,3.28,2011,13,75-84 years,1.9,NULL,*
Drug overdose death rates,Drug overdose deaths involving heroin,5,"Deaths per 100,000 resident population, crude",2,Sex and age,3,Female: 75-84 years,3.28,2012,14,75-84 years,1.9,NULL,*
Drug overdose death rates,Drug overdose deaths involving heroin,5,"Deaths per 100,000 resident population, crude",2,Sex and age,3,Female: 75-84 years,3.28,2013,15,75-84 years,1.9,NULL,*
Drug overdose death rates,Drug overdose deaths involving heroin,5,"Deaths per 100,000 resident population, crude",2,Sex and age,3,Female: 75-84 years,3.28,2014,16,75-84 years,1.9,NULL,*
Drug overdose death rates,Drug overdose deaths involving heroin,5,"Deaths per 100,000 resident population, crude",2,Sex and age,3,Female: 75-84 years,3.28,2015,17,75-84 years,1.9,NULL,*
Drug overdose death rates,Drug overdose deaths involving heroin,5,"Deaths per 100,000 resident population, crude",2,Sex and age,3,Female: 75-84 years,3.28,2016,18,75-84 years,1.9,NULL,*
Drug overdose death rates,Drug overdose deaths involving heroin,5,"Deaths per 100,000 resident population, crude",2,Sex and age,3,Female: 75-84 years,3.28,2017,19,75-84 years,1.9,NULL,*
Drug overdose death rates,Drug overdose deaths involving heroin,5,"Deaths per 100,000 resident population, crude",2,Sex and age,3,Female: 85 years and over,3.29,1999,1,85 years and over,1.91,NULL,*
Drug overdose death rates,Drug overdose deaths involving heroin,5,"Deaths per 100,000 resident population, crude",2,Sex and age,3,Female: 85 years and over,3.29,2000,2,85 years and over,1.91,NULL,*
Drug overdose death rates,Drug overdose deaths involving heroin,5,"Deaths per 100,000 resident population, crude",2,Sex and age,3,Female: 85 years and over,3.29,2001,3,85 years and over,1.91,NULL,*
Drug overdose death rates,Drug overdose deaths involving heroin,5,"Deaths per 100,000 resident population, crude",2,Sex and age,3,Female: 85 years and over,3.29,2002,4,85 years and over,1.91,NULL,*
Drug overdose death rates,Drug overdose deaths involving heroin,5,"Deaths per 100,000 resident population, crude",2,Sex and age,3,Female: 85 years and over,3.29,2003,5,85 years and over,1.91,NULL,*
Drug overdose death rates,Drug overdose deaths involving heroin,5,"Deaths per 100,000 resident population, crude",2,Sex and age,3,Female: 85 years and over,3.29,2004,6,85 years and over,1.91,NULL,*
Drug overdose death rates,Drug overdose deaths involving heroin,5,"Deaths per 100,000 resident population, crude",2,Sex and age,3,Female: 85 years and over,3.29,2005,7,85 years and over,1.91,NULL,*
Drug overdose death rates,Drug overdose deaths involving heroin,5,"Deaths per 100,000 resident population, crude",2,Sex and age,3,Female: 85 years and over,3.29,2006,8,85 years and over,1.91,NULL,*
Drug overdose death rates,Drug overdose deaths involving heroin,5,"Deaths per 100,000 resident population, crude",2,Sex and age,3,Female: 85 years and over,3.29,2007,9,85 years and over,1.91,NULL,*
Drug overdose death rates,Drug overdose deaths involving heroin,5,"Deaths per 100,000 resident population, crude",2,Sex and age,3,Female: 85 years and over,3.29,2008,10,85 years and over,1.91,NULL,*
Drug overdose death rates,Drug overdose deaths involving heroin,5,"Deaths per 100,000 resident population, crude",2,Sex and age,3,Female: 85 years and over,3.29,2009,11,85 years and over,1.91,NULL,*
Drug overdose death rates,Drug overdose deaths involving heroin,5,"Deaths per 100,000 resident population, crude",2,Sex and age,3,Female: 85 years and over,3.29,2010,12,85 years and over,1.91,NULL,*
Drug overdose death rates,Drug overdose deaths involving heroin,5,"Deaths per 100,000 resident population, crude",2,Sex and age,3,Female: 85 years and over,3.29,2011,13,85 years and over,1.91,NULL,*
Drug overdose death rates,Drug overdose deaths involving heroin,5,"Deaths per 100,000 resident population, crude",2,Sex and age,3,Female: 85 years and over,3.29,2012,14,85 years and over,1.91,NULL,*
Drug overdose death rates,Drug overdose deaths involving heroin,5,"Deaths per 100,000 resident population, crude",2,Sex and age,3,Female: 85 years and over,3.29,2013,15,85 years and over,1.91,NULL,*
Drug overdose death rates,Drug overdose deaths involving heroin,5,"Deaths per 100,000 resident population, crude",2,Sex and age,3,Female: 85 years and over,3.29,2014,16,85 years and over,1.91,NULL,*
Drug overdose death rates,Drug overdose deaths involving heroin,5,"Deaths per 100,000 resident population, crude",2,Sex and age,3,Female: 85 years and over,3.29,2015,17,85 years and over,1.91,NULL,*
Drug overdose death rates,Drug overdose deaths involving heroin,5,"Deaths per 100,000 resident population, crude",2,Sex and age,3,Female: 85 years and over,3.29,2016,18,85 years and over,1.91,NULL,*
Drug overdose death rates,Drug overdose deaths involving heroin,5,"Deaths per 100,000 resident population, crude",2,Sex and age,3,Female: 85 years and over,3.29,2017,19,85 years and over,1.91,NULL,*
Drug overdose death rates,All drug overdose deaths,0,"Deaths per 100,000 resident population, age-adjusted",1,Total,0,All persons,0.1,2018,20,All ages,1.1,20.7,NULL
Drug overdose death rates,All drug overdose deaths,0,"Deaths per 100,000 resident population, age-adjusted",1,Sex,2,Male,2.1,2018,20,All ages,1.1,27.9,NULL
Drug overdose death rates,All drug overdose deaths,0,"Deaths per 100,000 resident population, age-adjusted",1,Sex,2,Female,2.2,2018,20,All ages,1.1,13.6,NULL
Drug overdose death rates,All drug overdose deaths,0,"Deaths per 100,000 resident population, age-adjusted",1,Sex and race (single race),4,Male: White,4.1,2018,20,All ages,1.1,30.1,NULL
Drug overdose death rates,All drug overdose deaths,0,"Deaths per 100,000 resident population, age-adjusted",1,Sex and race (single race),4,Male: Black or African American,4.2,2018,20,All ages,1.1,31.5,NULL
Drug overdose death rates,All drug overdose deaths,0,"Deaths per 100,000 resident population, age-adjusted",1,Sex and race (single race),4,Male: American Indian or Alaska Native,4.3,2018,20,All ages,1.1,20.3,NULL
Drug overdose death rates,All drug overdose deaths,0,"Deaths per 100,000 resident population, age-adjusted",1,Sex and race (single race),4,Female: White,4.4,2018,20,All ages,1.1,15.3,NULL
Drug overdose death rates,All drug overdose deaths,0,"Deaths per 100,000 resident population, age-adjusted",1,Sex and race (single race),4,Female: Black or African American,4.5,2018,20,All ages,1.1,11.2,NULL
Drug overdose death rates,All drug overdose deaths,0,"Deaths per 100,000 resident population, age-adjusted",1,Sex and race (single race),4,Female: American Indian or Alaska Native,4.6,2018,20,All ages,1.1,13.1,NULL
Drug overdose death rates,All drug overdose deaths,0,"Deaths per 100,000 resident population, age-adjusted",1,Sex and race and Hispanic origin (single race),5,Male: Hispanic or Latino: All races,5.1,2018,20,All ages,1.1,16.6,NULL
Drug overdose death rates,All drug overdose deaths,0,"Deaths per 100,000 resident population, age-adjusted",1,Sex and race and Hispanic origin (single race),5,Male: Not Hispanic or Latino: White,5.2,2018,20,All ages,1.1,33.8,NULL
Drug overdose death rates,All drug overdose deaths,0,"Deaths per 100,000 resident population, age-adjusted",1,Sex and race and Hispanic origin (single race),5,Male: Not Hispanic or Latino: Black,5.3,2018,20,All ages,1.1,32.4,NULL
Drug overdose death rates,All drug overdose deaths,0,"Deaths per 100,000 resident population, age-adjusted",1,Sex and race and Hispanic origin (single race),5,Male: Not Hispanic or Latino: American Indian or Alaska Native,5.4,2018,20,All ages,1.1,33.1,NULL
Drug overdose death rates,All drug overdose deaths,0,"Deaths per 100,000 resident population, age-adjusted",1,Sex and race and Hispanic origin (single race),5,Male: Not Hispanic or Latino: Asian,5.5,2018,20,All ages,1.1,4.4,NULL
Drug overdose death rates,All drug overdose deaths,0,"Deaths per 100,000 resident population, age-adjusted",1,Sex and race and Hispanic origin (single race),5,Male: Not Hispanic or Latino: Native Hawaiian or Other Pacific Islander,5.6,2018,20,All ages,1.1,17.7,NULL
Drug overdose death rates,All drug overdose deaths,0,"Deaths per 100,000 resident population, age-adjusted",1,Sex and race and Hispanic origin (single race),5,Female: Hispanic or Latino: All races,5.7,2018,20,All ages,1.1,5.2,NULL
Drug overdose death rates,All drug overdose deaths,0,"Deaths per 100,000 resident population, age-adjusted",1,Sex and race and Hispanic origin (single race),5,Female: Not Hispanic or Latino: White,5.8,2018,20,All ages,1.1,18.0,NULL
Drug overdose death rates,All drug overdose deaths,0,"Deaths per 100,000 resident population, age-adjusted",1,Sex and race and Hispanic origin (single race),5,Female: Not Hispanic or Latino: Black,5.9,2018,20,All ages,1.1,11.6,NULL
Drug overdose death rates,All drug overdose deaths,0,"Deaths per 100,000 resident population, age-adjusted",1,Sex and race and Hispanic origin (single race),5,Female: Not Hispanic or Latino: American Indian or Alaska Native,5.91,2018,20,All ages,1.1,20.7,NULL
Drug overdose death rates,All drug overdose deaths,0,"Deaths per 100,000 resident population, age-adjusted",1,Sex and race and Hispanic origin (single race),5,Female: Not Hispanic or Latino: Asian,5.92,2018,20,All ages,1.1,1.8,NULL
Drug overdose death rates,All drug overdose deaths,0,"Deaths per 100,000 resident population, age-adjusted",1,Sex and race and Hispanic origin (single race),5,Female: Not Hispanic or Latino: Native Hawaiian or Other Pacific Islander,5.93,2018,20,All ages,1.1,NULL,*
Drug overdose death rates,All drug overdose deaths,0,"Deaths per 100,000 resident population, crude",2,Total,0,All persons,0.1,2018,20,All ages,1.1,20.6,NULL
Drug overdose death rates,All drug overdose deaths,0,"Deaths per 100,000 resident population, crude",2,Age,1,Under 15 years,1.1,2018,20,Under 15 years,1.2,0.2,NULL
Drug overdose death rates,All drug overdose deaths,0,"Deaths per 100,000 resident population, crude",2,Age,1,15-24 years,1.2,2018,20,15-24 years,1.3,10.8,NULL
Drug overdose death rates,All drug overdose deaths,0,"Deaths per 100,000 resident population, crude",2,Age,1,25-34 years,1.3,2018,20,25-34 years,1.4,35.5,NULL
Drug overdose death rates,All drug overdose deaths,0,"Deaths per 100,000 resident population, crude",2,Age,1,35-44 years,1.4,2018,20,35-44 years,1.5,38.3,NULL
Drug overdose death rates,All drug overdose deaths,0,"Deaths per 100,000 resident population, crude",2,Age,1,45-54 years,1.5,2018,20,45-54 years,1.6,35.3,NULL
Drug overdose death rates,All drug overdose deaths,0,"Deaths per 100,000 resident population, crude",2,Age,1,55-64 years,1.6,2018,20,55-64 years,1.7,28.3,NULL
Drug overdose death rates,All drug overdose deaths,0,"Deaths per 100,000 resident population, crude",2,Age,1,65-74 years,1.7,2018,20,65-74 years,1.8,10.2,NULL
Drug overdose death rates,All drug overdose deaths,0,"Deaths per 100,000 resident population, crude",2,Age,1,75-84 years,1.8,2018,20,75-84 years,1.9,3.9,NULL
Drug overdose death rates,All drug overdose deaths,0,"Deaths per 100,000 resident population, crude",2,Age,1,85 years and over,1.9,2018,20,85 years and over,1.91,3.8,NULL
Drug overdose death rates,All drug overdose deaths,0,"Deaths per 100,000 resident population, crude",2,Sex,2,Male,2.1,2018,20,All ages,1.1,27.9,NULL
Drug overdose death rates,All drug overdose deaths,0,"Deaths per 100,000 resident population, crude",2,Sex,2,Female,2.2,2018,20,All ages,1.1,13.5,NULL
Drug overdose death rates,All drug overdose deaths,0,"Deaths per 100,000 resident population, crude",2,Sex and age,3,Male: Under 15 years,3.11,2018,20,Under 15 years,1.2,0.2,NULL
Drug overdose death rates,All drug overdose deaths,0,"Deaths per 100,000 resident population, crude",2,Sex and age,3,Male: 15-24 years,3.12,2018,20,15-24 years,1.3,14.3,NULL
Drug overdose death rates,All drug overdose deaths,0,"Deaths per 100,000 resident population, crude",2,Sex and age,3,Male: 25-34 years,3.13,2018,20,25-34 years,1.4,49.6,NULL
Drug overdose death rates,All drug overdose deaths,0,"Deaths per 100,000 resident population, crude",2,Sex and age,3,Male: 35-44 years,3.14,2018,20,35-44 years,1.5,52.4,NULL
Drug overdose death rates,All drug overdose deaths,0,"Deaths per 100,000 resident population, crude",2,Sex and age,3,Male: 45-54 years,3.15,2018,20,45-54 years,1.6,46.1,NULL
Drug overdose death rates,All drug overdose deaths,0,"Deaths per 100,000 resident population, crude",2,Sex and age,3,Male: 55-64 years,3.16,2018,20,55-64 years,1.7,37.2,NULL
Drug overdose death rates,All drug overdose deaths,0,"Deaths per 100,000 resident population, crude",2,Sex and age,3,Male: 65-74 years,3.17,2018,20,65-74 years,1.8,13.9,NULL
Drug overdose death rates,All drug overdose deaths,0,"Deaths per 100,000 resident population, crude",2,Sex and age,3,Male: 75-84 years,3.18,2018,20,75-84 years,1.9,4.5,NULL
Drug overdose death rates,All drug overdose deaths,0,"Deaths per 100,000 resident population, crude",2,Sex and age,3,Male: 85 years and over,3.19,2018,20,85 years and over,1.91,4.0,NULL
Drug overdose death rates,All drug overdose deaths,0,"Deaths per 100,000 resident population, crude",2,Sex and age,3,Female: Under 15 years,3.21,2018,20,Under 15 years,1.2,0.2,NULL
Drug overdose death rates,All drug overdose deaths,0,"Deaths per 100,000 resident population, crude",2,Sex and age,3,Female: 15-24 years,3.22,2018,20,15-24 years,1.3,7.1,NULL
Drug overdose death rates,All drug overdose deaths,0,"Deaths per 100,000 resident population, crude",2,Sex and age,3,Female: 25-34 years,3.23,2018,20,25-34 years,1.4,20.8,NULL
Drug overdose death rates,All drug overdose deaths,0,"Deaths per 100,000 resident population, crude",2,Sex and age,3,Female: 35-44 years,3.24,2018,20,35-44 years,1.5,24.2,NULL
Drug overdose death rates,All drug overdose deaths,0,"Deaths per 100,000 resident population, crude",2,Sex and age,3,Female: 45-54 years,3.25,2018,20,45-54 years,1.6,24.8,NULL
Drug overdose death rates,All drug overdose deaths,0,"Deaths per 100,000 resident population, crude",2,Sex and age,3,Female: 55-64 years,3.26,2018,20,55-64 years,1.7,19.9,NULL
Drug overdose death rates,All drug overdose deaths,0,"Deaths per 100,000 resident population, crude",2,Sex and age,3,Female: 65-74 years,3.27,2018,20,65-74 years,1.8,7.1,NULL
Drug overdose death rates,All drug overdose deaths,0,"Deaths per 100,000 resident population, crude",2,Sex and age,3,Female: 75-84 years,3.28,2018,20,75-84 years,1.9,3.5,NULL
Drug overdose death rates,All drug overdose deaths,0,"Deaths per 100,000 resident population, crude",2,Sex and age,3,Female: 85 years and over,3.29,2018,20,85 years and over,1.91,3.7,NULL
Drug overdose death rates,Drug overdose deaths involving any opioid,1,"Deaths per 100,000 resident population, age-adjusted",1,Total,0,All persons,0.1,2018,20,All ages,1s.1,14.6,NULL
Drug overdose death rates,Drug overdose deaths involving any opioid,1,"Deaths per 100,000 resident population, age-adjusted",1,Sex,2,Male,2.1,2018,20,All ages,1.1,20.1,NULL
Drug overdose death rates,Drug overdose deaths involving any opioid,1,"Deaths per 100,000 resident population, age-adjusted",1,Sex,2,Female,2.2,2018,20,All ages,1.1,9.0,NULL
Drug overdose death rates,Drug overdose deaths involving any opioid,1,"Deaths per 100,000 resident population, age-adjusted",1,Sex and race (single race),4,Male: White,4.1,2018,20,All ages,1.1,22.3,NULL
Drug overdose death rates,Drug overdose deaths involving any opioid,1,"Deaths per 100,000 resident population, age-adjusted",1,Sex and race (single race),4,Male: Black or African American,4.2,2018,20,All ages,1.1,20.9,NULL
Drug overdose death rates,Drug overdose deaths involving any opioid,1,"Deaths per 100,000 resident population, age-adjusted",1,Sex and race (single race),4,Male: American Indian or Alaska Native,4.3,2018,20,All ages,1.1,10.6,NULL
Drug overdose death rates,Drug overdose deaths involving any opioid,1,"Deaths per 100,000 resident population, age-adjusted",1,Sex and race (single race),4,Female: White,4.4,2018,20,All ages,1.1,10.3,NULL
Drug overdose death rates,Drug overdose deaths involving any opioid,1,"Deaths per 100,000 resident population, age-adjusted",1,Sex and race (single race),4,Female: Black or African American,4.5,2018,20,All ages,1.1,7.4,NULL
Drug overdose death rates,Drug overdose deaths involving any opioid,1,"Deaths per 100,000 resident population, age-adjusted",1,Sex and race (single race),4,Female: American Indian or Alaska Native,4.6,2018,20,All ages,1.1,6.9,NULL
Drug overdose death rates,Drug overdose deaths involving any opioid,1,"Deaths per 100,000 resident population, age-adjusted",1,Sex and race and Hispanic origin (single race),5,Male: Hispanic or Latino: All races,5.1,2018,20,All ages,1.1,11.6,NULL
Drug overdose death rates,Drug overdose deaths involving any opioid,1,"Deaths per 100,000 resident population, age-adjusted",1,Sex and race and Hispanic origin (single race),5,Male: Not Hispanic or Latino: White,5.2,2018,20,All ages,1.1,25.3,NULL
Drug overdose death rates,Drug overdose deaths involving any opioid,1,"Deaths per 100,000 resident population, age-adjusted",1,Sex and race and Hispanic origin (single race),5,Male: Not Hispanic or Latino: Black,5.3,2018,20,All ages,1.1,21.5,NULL
Drug overdose death rates,Drug overdose deaths involving any opioid,1,"Deaths per 100,000 resident population, age-adjusted",1,Sex and race and Hispanic origin (single race),5,Male: Not Hispanic or Latino: American Indian or Alaska Native,5.4,2018,20,All ages,1.1,16.8,NULL
Drug overdose death rates,Drug overdose deaths involving any opioid,1,"Deaths per 100,000 resident population, age-adjusted",1,Sex and race and Hispanic origin (single race),5,Male: Not Hispanic or Latino: Asian,5.5,2018,20,All ages,1.1,2.1,NULL
Drug overdose death rates,Drug overdose deaths involving any opioid,1,"Deaths per 100,000 resident population, age-adjusted",1,Sex and race and Hispanic origin (single race),5,Male: Not Hispanic or Latino: Native Hawaiian or Other Pacific Islander,5.6,2018,20,All ages,1.1,NULL,*
Drug overdose death rates,Drug overdose deaths involving any opioid,1,"Deaths per 100,000 resident population, age-adjusted",1,Sex and race and Hispanic origin (single race),5,Female: Hispanic or Latino: All races,5.7,2018,20,All ages,1.1,3.3,NULL
Drug overdose death rates,Drug overdose deaths involving any opioid,1,"Deaths per 100,000 resident population, age-adjusted",1,Sex and race and Hispanic origin (single race),5,Female: Not Hispanic or Latino: White,5.8,2018,20,All ages,1.1,12.2,NULL
Drug overdose death rates,Drug overdose deaths involving any opioid,1,"Deaths per 100,000 resident population, age-adjusted",1,Sex and race and Hispanic origin (single race),5,Female: Not Hispanic or Latino: Black,5.9,2018,20,All ages,1.1,7.6,NULL
Drug overdose death rates,Drug overdose deaths involving any opioid,1,"Deaths per 100,000 resident population, age-adjusted",1,Sex and race and Hispanic origin (single race),5,Female: Not Hispanic or Latino: American Indian or Alaska Native,5.91,2018,20,All ages,1.1,10.8,NULL
Drug overdose death rates,Drug overdose deaths involving any opioid,1,"Deaths per 100,000 resident population, age-adjusted",1,Sex and race and Hispanic origin (single race),5,Female: Not Hispanic or Latino: Asian,5.92,2018,20,All ages,1.1,0.6,NULL
Drug overdose death rates,Drug overdose deaths involving any opioid,1,"Deaths per 100,000 resident population, age-adjusted",1,Sex and race and Hispanic origin (single race),5,Female: Not Hispanic or Latino: Native Hawaiian or Other Pacific Islander,5.93,2018,20,All ages,1.1,NULL,*
Drug overdose death rates,Drug overdose deaths involving any opioid,1,"Deaths per 100,000 resident population, crude",2,Total,0,All persons,0.1,2018,20,All ages,1.1,14.3,NULL
Drug overdose death rates,Drug overdose deaths involving any opioid,1,"Deaths per 100,000 resident population, crude",2,Age,1,Under 15 years,1.1,2018,20,Under 15 years,1.2,0.1,NULL
Drug overdose death rates,Drug overdose deaths involving any opioid,1,"Deaths per 100,000 resident population, crude",2,Age,1,15-24 years,1.2,2018,20,15-24 yeaors,1.3,8.4,NULL
Drug overdose death rates,Drug overdose deaths involving any opioid,1,"Deaths per 100,000 resident population, crude",2,Age,1,25-34 years,1.3,2018,20,25-34 years,1.4,28.1,NULL
Drug overdose death rates,Drug overdose deaths involving any opioid,1,"Deaths per 100,000 resident population, crude",2,Age,1,35-44 years,1.4,2018,20,35-44 years,1.5,27.7,NULL
Drug overdose death rates,Drug overdose deaths involving any opioid,1,"Deaths per 100,000 resident population, crude",2,Age,1,45-54 years,1.5,2018,20,45-54 years,1.6,23.0,NULL
Drug overdose death rates,Drug overdose deaths involving any opioid,1,"Deaths per 100,000 resident population, crude",2,Age,1,55-64 years,1.6,2018,20,55-64 years,1.7,17.2,NULL
Drug overdose death rates,Drug overdose deaths involving any opioid,1,"Deaths per 100,000 resident population, crude",2,Age,1,65-74 years,1.7,2018,20,65-74 years,1.8,5.7,NULL
Drug overdose death rates,Drug overdose deaths involving any opioid,1,"Deaths per 100,000 resident population, crude",2,Age,1,75-84 years,1.8,2018,20,75-84 years,1.9,1.4,NULL
Drug overdose death rates,Drug overdose deaths involving any opioid,1,"Deaths per 100,000 resident population, crude",2,Age,1,85 years and over,1.9,2018,20,85 years and over,1.91,0.9,NULL
Drug overdose death rates,Drug overdose deaths involving any opioid,1,"Deaths per 100,000 resident population, crude",2,Sex,2,Male,2.1,2018,20,All ages,1.1,19.9,NULL
Drug overdose death rates,Drug overdose deaths involving any opioid,1,"Deaths per 100,000 resident population, crude",2,Sex,2,Female,2.2,2018,20,All ages,1.1,8.9,NULL
Drug overdose death rates,Drug overdose deaths involving any opioid,1,"Deaths per 100,000 resident population, crude",2,Sex and age,3,Male: Under 15 years,3.11,2018,20,Under 15 years,1.2,0.1,NULL
Drug overdose death rates,Drug overdose deaths involving any opioid,1,"Deaths per 100,000 resident population, crude",2,Sex and age,3,Male: 15-24 years,3.12,2018,20,15-24 years,1.3,11.5,NULL
Drug overdose death rates,Drug overdose deaths involving any opioid,1,"Deaths per 100,000 resident population, crude",2,Sex and age,3,Male: 25-34 years,3.13,2018,20,25-34 years,1.4,39.8,NULL
Drug overdose death rates,Drug overdose deaths involving any opioid,1,"Deaths per 100,000 resident population, crude",2,Sex and age,3,Male: 35-44 years,3.14,2018,20,35-44 years,1.5,38.9,NULL
Drug overdose death rates,Drug overdose deaths involving any opioid,1,"Deaths per 100,000 resident population, crude",2,Sex and age,3,Male: 45-54 years,3.15,2018,20,45-54 years,1.6,30.8,NULL
Drug overdose death rates,Drug overdose deaths involving any opioid,1,"Deaths per 100,000 resident population, crude",2,Sex and age,3,Male: 55-64 years,3.16,2018,20,55-64 years,1.7,22.9,NULL
Drug overdose death rates,Drug overdose deaths involving any opioid,1,"Deaths per 100,000 resident population, crude",2,Sex and age,3,Male: 65-74 years,3.17,2018,20,65-74 years,1.8,8.0,NULL
Drug overdose death rates,Drug overdose deaths involving any opioid,1,"Deaths per 100,000 resident population, crude",2,Sex and age,3,Male: 75-84 years,3.18,2018,20,75-84 years,1.9,1.7,NULL
Drug overdose death rates,Drug overdose deaths involving any opioid,1,"Deaths per 100,000 resident population, crude",2,Sex and age,3,Male: 85 years and over,3.19,2018,20,85 years and over,1.91,1.0,NULL
Drug overdose death rates,Drug overdose deaths involving any opioid,1,"Deaths per 100,000 resident population, crude",2,Sex and age,3,Female: Under 15 years,3.21,2018,20,Under 15 years,1.2,0.1,NULL
Drug overdose death rates,Drug overdose deaths involving any opioid,1,"Deaths per 100,000 resident population, crude",2,Sex and age,3,Female: 15-24 years,3.22,2018,20,15-24 years,1.3,5.2,NULL
Drug overdose death rates,Drug overdose deaths involving any opioid,1,"Deaths per 100,000 resident population, crude",2,Sex and age,3,Female: 25-34 years,3.23,2018,20,25-34 years,1.4,16.0,NULL
Drug overdose death rates,Drug overdose deaths involving any opioid,1,"Deaths per 100,000 resident population, crude",2,Sex and age,3,Female: 35-44 years,3.24,2018,20,35-44 years,1.5,16.5,NULL
Drug overdose death rates,Drug overdose deaths involving any opioid,1,"Deaths per 100,000 resident population, crude",2,Sex and age,3,Female: 45-54 years,3.25,2018,20,45-54 years,1.6,15.4,NULL
Drug overdose death rates,Drug overdose deaths involving any opioid,1,"Deaths per 100,000 resident population, crude",2,Sex and age,3,Female: 55-64 years,3.26,2018,20,55-64 years,1.7,11.9,NULL
Drug overdose death rates,Drug overdose deaths involving any opioid,1,"Deaths per 100,000 resident population, crude",2,Sex and age,3,Female: 65-74 years,3.27,2018,20,65-74 years,1.8,3.6,NULL
Drug overdose death rates,Drug overdose deaths involving any opioid,1,"Deaths per 100,000 resident population, crude",2,Sex and age,3,Female: 75-84 years,3.28,2018,20,75-84 years,1.9,1.2,NULL
Drug overdose death rates,Drug overdose deaths involving any opioid,1,"Deaths per 100,000 resident population, crude",2,Sex and age,3,Female: 85 years and over,3.29,2018,20,85 years and over,1.91,0.9,NULL
Drug overdose death rates,Drug overdose deaths involving natural and semisynthetic opioids,2,"Deaths per 100,000 resident population, age-adjusted",1,Total,0,All persons,0.1,2018,20,All ages,1.1,3.8,NULL
Drug overdose death rates,Drug overdose deaths involving natural and semisynthetic opioids,2,"Deaths per 100,000 resident population, age-adjusted",1,Sex,2,Male,2.1,2018,20,All ages,1.1,4.5,NULL
Drug overdose death rates,Drug overdose deaths involving natural and semisynthetic opioids,2,"Deaths per 100,000 resident population, age-adjusted",1,Sex,2,Female,2.2,2018,20,All ages,1.1,3.1,NULL
Drug overdose death rates,Drug overdose deaths involving natural and semisynthetic opioids,2,"Deaths per 100,000 resident population, age-adjusted",1,Sex and race (single race),4,Male: White,4.1,2018,20,All ages,1.1,5.1,NULL
Drug overdose death rates,Drug overdose deaths involving natural and semisynthetic opioids,2,"Deaths per 100,000 resident population, age-adjusted",1,Sex and race (single race),4,Male: Black or African American,4.2,2018,20,All ages,1.1,3.4,NULL
Drug overdose death rates,Drug overdose deaths involving natural and semisynthetic opioids,2,"Deaths per 100,000 resident population, age-adjusted",1,Sex and race (single race),4,Male: American Indian or Alaska Native,4.3,2018,20,All ages,1.1,2.2,NULL
Drug overdose death rates,Drug overdose deaths involving natural and semisynthetic opioids,2,"Deaths per 100,000 resident population, age-adjusted",1,Sex and race (single race),4,Female: White,4.4,2018,20,All ages,1.1,3.6,NULL
Drug overdose death rates,Drug overdose deaths involving natural and semisynthetic opioids,2,"Deaths per 100,000 resident population, age-adjusted",1,Sex and race (single race),4,Female: Black or African American,4.5,2018,20,All ages,1.1,2.0,NULL
Drug overdose death rates,Drug overdose deaths involving natural and semisynthetic opioids,2,"Deaths per 100,000 resident population, age-adjusted",1,Sex and race (single race),4,Female: American Indian or Alaska Native,4.6,2018,20,All ages,1.1,2.6,NULL
Drug overdose death rates,Drug overdose deaths involving natural and semisynthetic opioids,2,"Deaths per 100,000 resident population, age-adjusted",1,Sex and race and Hispanic origin (single race),5,Male: Hispanic or Latino: All races,5.1,2018,20,All ages,1.1,2.1,NULL
Drug overdose death rates,Drug overdose deaths involving natural and semisynthetic opioids,2,"Deaths per 100,000 resident population, age-adjusted",1,Sex and race and Hispanic origin (single race),5,Male: Not Hispanic or Latino: White,5.2,2018,20,All ages,1.1,5.9,NULL
Drug overdose death rates,Drug overdose deaths involving natural and semisynthetic opioids,2,"Deaths per 100,000 resident population, age-adjusted",1,Sex and race and Hispanic origin (single race),5,Male: Not Hispanic or Latino: Black,5.3,2018,20,All ages,1.1,3.5,NULL
Drug overdose death rates,Drug overdose deaths involving natural and semisynthetic opioids,2,"Deaths per 100,000 resident population, age-adjusted",1,Sex and race and Hispanic origin (single race),5,Male: Not Hispanic or Latino: American Indian or Alaska Native,5.4,2018,20,All ages,1.1,3.5,NULL
Drug overdose death rates,Drug overdose deaths involving natural and semisynthetic opioids,2,"Deaths per 100,000 resident population, age-adjusted",1,Sex and race and Hispanic origin (single race),5,Male: Not Hispanic or Latino: Asian,5.5,2018,20,All ages,1.1,0.6,NULL
Drug overdose death rates,Drug overdose deaths involving natural and semisynthetic opioids,2,"Deaths per 100,000 resident population, age-adjusted",1,Sex and race and Hispanic origin (single race),5,Male: Not Hispanic or Latino: Native Hawaiian or Other Pacific Islander,5.6,2018,20,All ages,1.1,NULL,*
Drug overdose death rates,Drug overdose deaths involving natural and semisynthetic opioids,2,"Deaths per 100,000 resident population, age-adjusted",1,Sex and race and Hispanic origin (single race),5,Female: Hispanic or Latino: All races,5.7,2018,20,All ages,1.1,1.0,NULL
Drug overdose death rates,Drug overdose deaths involving natural and semisynthetic opioids,2,"Deaths per 100,000 resident population, age-adjusted",1,Sex and race and Hispanic origin (single race),5,Female: Not Hispanic or Latino: White,5.8,2018,20,All ages,1.1,4.2,NULL
Drug overdose death rates,Drug overdose deaths involving natural and semisynthetic opioids,2,"Deaths per 100,000 resident population, age-adjusted",1,Sex and race and Hispanic origin (single race),5,Female: Not Hispanic or Latino: Black,5.9,2018,20,All ages,1.1,2.1,NULL
Drug overdose death rates,Drug overdose deaths involving natural and semisynthetic opioids,2,"Deaths per 100,000 resident population, age-adjusted",1,Sex and race and Hispanic origin (single race),5,Female: Not Hispanic or Latino: American Indian or Alaska Native,5.91,2018,20,All ages,1.1,4.0,NULL
Drug overdose death rates,Drug overdose deaths involving natural and semisynthetic opioids,2,"Deaths per 100,000 resident population, age-adjusted",1,Sex and race and Hispanic origin (single race),5,Female: Not Hispanic or Latino: Asian,5.92,2018,20,All ages,1.1,0.3,NULL
Drug overdose death rates,Drug overdose deaths involving natural and semisynthetic opioids,2,"Deaths per 100,000 resident population, age-adjusted",1,Sex and race and Hispanic origin (single race),5,Female: Not Hispanic or Latino: Native Hawaiian or Other Pacific Islander,5.93,2018,20,All ages,1.1,NULL,*
Drug overdose death rates,Drug overdose deaths involving natural and semisynthetic opioids,2,"Deaths per 100,000 resident population, crude",2,Total,0,All persons,0.1,2018,20,All ages,1q.1,3.8,NULL
Drug overdose death rates,Drug overdose deaths involving natural and semisynthetic opioids,2,"Deaths per 100,000 resident population, crude",2,Age,1,Under 15 years,1.1,2018,20,Under 15 years,1.2,0.0,NULL
Drug overdose death rates,Drug overdose deaths involving natural and semisynthetic opioids,2,"Deaths per 100,000 resident population, crude",2,Age,1,15-24 years,1.2,2018,20,15-24 years,1.3,1.6,NULL
Drug overdose death rates,Drug overdose deaths involving natural and semisynthetic opioids,2,"Deaths per 100,000 resident population, crude",2,Age,1,25-34 years,1.3,2018,20,25-34 years,1.4,5.2,NULL
Drug overdose death rates,Drug overdose deaths involving natural and semisynthetic opioids,2,"Deaths per 100,000 resident population, crude",2,Age,1,35-44 years,1.4,2018,20,35-44 years,1.5,6.7,NULL
Drug overdose death rates,Drug overdose deaths involving natural and semisynthetic opioids,2,"Deaths per 100,000 resident population, crude",2,Age,1,45-54 years,1.5,2018,20,45-54 years,1.6,7.0,NULL
Drug overdose death rates,Drug overdose deaths involving natural and semisynthetic opioids,2,"Deaths per 100,000 resident population, crude",2,Age,1,55-64 years,1.6,2018,20,55-64 years,1.7,6.5,NULL
Drug overdose death rates,Drug overdose deaths involving natural and semisynthetic opioids,2,"Deaths per 100,000 resident population, crude",2,Age,1,65-74 years,1.7,2018,20,65-74 years,1.8,2.6,NULL
Drug overdose death rates,Drug overdose deaths involving natural and semisynthetic opioids,2,"Deaths per 100,000 resident population, crude",2,Age,1,75-84 years,1.8,2018,20,75-84 years,1.9,1.1,NULL
Drug overdose death rates,Drug overdose deaths involving natural and semisynthetic opioids,2,"Deaths per 100,000 resident population, crude",2,Age,1,85 years and over,1.9,2018,20,85 years and over,1.91,0.7,NULL
Drug overdose death rates,Drug overdose deaths involving natural and semisynthetic opioids,2,"Deaths per 100,000 resident population, crude",2,Sex,2,Male,2.1,2018,20,All ages,1.1,4.5,NULL
Drug overdose death rates,Drug overdose deaths involving natural and semisynthetic opioids,2,"Deaths per 100,000 resident population, crude",2,Sex,2,Female,2.2,2018,20,All ages,1.1,3.1,NULL
Drug overdose death rates,Drug overdose deaths involving natural and semisynthetic opioids,2,"Deaths per 100,000 resident population, crude",2,Sex and age,3,Male: Under 15 years,3.11,2018,20,Under 15 years,1.2,NULL,*
Drug overdose death rates,Drug overdose deaths involving natural and semisynthetic opioids,2,"Deaths per 100,000 resident population, crude",2,Sex and age,3,Male: 15-24 years,3.12,2018,20,15-24 years,1.3,2.2,NULL
Drug overdose death rates,Drug overdose deaths involving natural and semisynthetic opioids,2,"Deaths per 100,000 resident population, crude",2,Sex and age,3,Male: 25-34 years,3.13,2018,20,25-34 years,1.4,7.0,NULL
Drug overdose death rates,Drug overdose deaths involving natural and semisynthetic opioids,2,"Deaths per 100,000 resident population, crude",2,Sex and age,3,Male: 35-44 years,3.14,2018,20,35-44 years,1.5,8.0,NULL
Drug overdose death rates,Drug overdose deaths involving natural and semisynthetic opioids,2,"Deaths per 100,000 resident population, crude",2,Sex and age,3,Male: 45-54 years,3.15,2018,20,45-54 years,1.6,7.6,NULL
Drug overdose death rates,Drug overdose deaths involving natural and semisynthetic opioids,2,"Deaths per 100,000 resident population, crude",2,Sex and age,3,Male: 55-64 years,3.16,2018,20,55-64 years,1.7,7.3,NULL
Drug overdose death rates,Drug overdose deaths involving natural and semisynthetic opioids,2,"Deaths per 100,000 resident population, crude",2,Sex and age,3,Male: 65-74 years,3.17,2018,20,65-74 years,1.8,3.0,NULL
Drug overdose death rates,Drug overdose deaths involving natural and semisynthetic opioids,2,"Deaths per 100,000 resident population, crude",2,Sex and age,3,Male: 75-84 years,3.18,2018,20,75-84 years,1.9,1.2,NULL
Drug overdose death rates,Drug overdose deaths involving natural and semisynthetic opioids,2,"Deaths per 100,000 resident population, crude",2,Sex and age,3,Male: 85 years and over,3.19,2018,20,85 years and over,1.91,NULL,*
Drug overdose death rates,Drug overdose deaths involving natural and semisynthetic opioids,2,"Deaths per 100,000 resident population, crude",2,Sex and age,3,Female: Under 15 years,3.21,2018,20,Under 15 years,1.2,NULL,*
Drug overdose death rates,Drug overdose deaths involving natural and semisynthetic opioids,2,"Deaths per 100,000 resident population, crude",2,Sex and age,3,Female: 15-24 years,3.22,2018,20,15-24 years,1.3,1.0,NULL
Drug overdose death rates,Drug overdose deaths involving natural and semisynthetic opioids,2,"Deaths per 100,000 resident population, crude",2,Sex and age,3,Female: 25-34 years,3.23,2018,20,25-34 years,1.4,3.4,NULL
Drug overdose death rates,Drug overdose deaths involving natural and semisynthetic opioids,2,"Deaths per 100,000 resident population, crude",2,Sex and age,3,Female: 35-44 years,3.24,2018,20,35-44 years,1.5,5.4,NULL
Drug overdose death rates,Drug overdose deaths involving natural and semisynthetic opioids,2,"Deaths per 100,000 resident population, crude",2,Sex and age,3,Female: 45-54 years,3.25,2018,20,45-54 years,1.6,6.4,NULL
Drug overdose death rates,Drug overdose deaths involving natural and semisynthetic opioids,2,"Deaths per 100,000 resident population, crude",2,Sex and age,3,Female: 55-64 years,3.26,2018,20,55-64 years,1.7,5.9,NULL
Drug overdose death rates,Drug overdose deaths involving natural and semisynthetic opioids,2,"Deaths per 100,000 resident population, crude",2,Sex and age,3,Female: 65-74 years,3.27,2018,20,65-74 years,1.8,2.3,NULL
Drug overdose death rates,Drug overdose deaths involving natural and semisynthetic opioids,2,"Deaths per 100,000 resident population, crude",2,Sex and age,3,Female: 75-84 years,3.28,2018,20,75-84 years,1.9,1.0,NULL
Drug overdose death rates,Drug overdose deaths involving natural and semisynthetic opioids,2,"Deaths per 100,000 resident population, crude",2,Sex and age,3,Female: 85 years and over,3.29,2018,20,85 years and over,1.91,0.7,NULL
Drug overdose death rates,Drug overdose deaths involving methadone,3,"Deaths per 100,000 resident population, age-adjusted",1,Total,0,All persons,0.1,2018,20,All ages,11.,0.9,NULL
Drug overdose death rates,Drug overdose deaths involving methadone,3,"Deaths per 100,000 resident population, age-adjusted",1,Sex,2,Male,2.1,2018,20,All ages,1.1,1.1,NULL
Drug overdose death rates,Drug overdose deaths involving methadone,3,"Deaths per 100,000 resident population, age-adjusted",1,Sex,2,Female,2.2,2018,20,All ages,1.1,0.7,NULL
Drug overdose death rates,Drug overdose deaths involving methadone,3,"Deaths per 100,000 resident population, age-adjusted",1,Sex and race (single race),4,Male: White,4.1,2018,20,All ages,1.1,1.2,NULL
Drug overdose death rates,Drug overdose deaths involving methadone,3,"Deaths per 100,000 resident population, age-adjusted",1,Sex and race (single race),4,Male: Black or African American,4.2,2018,20,All ages,1.1,1.0,NULL
Drug overdose death rates,Drug overdose deaths involving methadone,3,"Deaths per 100,000 resident population, age-adjusted",1,Sex and race (single race),4,Male: American Indian or Alaska Native,4.3,2018,20,All ages,1.1,NULL,*
Drug overdose death rates,Drug overdose deaths involving methadone,3,"Deaths per 100,000 resident population, age-adjusted",1,Sex and race (single race),4,Female: White,4.4,2018,20,All ages,1.1,0.9,NULL
Drug overdose death rates,Drug overdose deaths involving methadone,3,"Deaths per 100,000 resident population, age-adjusted",1,Sex and race (single race),4,Female: Black or African American,4.5,2018,20,All ages,1.1,0.6,NULL
Drug overdose death rates,Drug overdose deaths involving methadone,3,"Deaths per 100,000 resident population, age-adjusted",1,Sex and race (single race),4,Female: American Indian or Alaska Native,4.6,2018,20,All ages,1.1,NULL,*
Drug overdose death rates,Drug overdose deaths involving methadone,3,"Deaths per 100,000 resident population, age-adjusted",1,Sex and race and Hispanic origin (single race),5,Male: Hispanic or Latino: All races,5.1,2018,20,All ages,1.1,0.6,NULL
Drug overdose death rates,Drug overdose deaths involving methadone,3,"Deaths per 100,000 resident population, age-adjusted",1,Sex and race and Hispanic origin (single race),5,Male: Not Hispanic or Latino: White,5.2,2018,20,All ages,1.1,1.4,NULL
Drug overdose death rates,Drug overdose deaths involving methadone,3,"Deaths per 100,000 resident population, age-adjusted",1,Sex and race and Hispanic origin (single race),5,Male: Not Hispanic or Latino: Black,5.3,2018,20,All ages,1.1,1.0,NULL
Drug overdose death rates,Drug overdose deaths involving methadone,3,"Deaths per 100,000 resident population, age-adjusted",1,Sex and race and Hispanic origin (single race),5,Male: Not Hispanic or Latino: American Indian or Alaska Native,5.4,2018,20,All ages,1.1,NULL,*
Drug overdose death rates,Drug overdose deaths involving methadone,3,"Deaths per 100,000 resident population, age-adjusted",1,Sex and race and Hispanic origin (single race),5,Male: Not Hispanic or Latino: Asian,5.5,2018,20,All ages,1.1,NULL,*
Drug overdose death rates,Drug overdose deaths involving methadone,3,"Deaths per 100,000 resident population, age-adjusted",1,Sex and race and Hispanic origin (single race),5,Male: Not Hispanic or Latino: Native Hawaiian or Other Pacific Islander,5.6,2018,20,All ages,1.1,NULL,*
Drug overdose death rates,Drug overdose deaths involving methadone,3,"Deaths per 100,000 resident population, age-adjusted",1,Sex and race and Hispanic origin (single race),5,Female: Hispanic or Latino: All races,5.7,2018,20,All ages,1.1,0.4,NULL
Drug overdose death rates,Drug overdose deaths involving methadone,3,"Deaths per 100,000 resident population, age-adjusted",1,Sex and race and Hispanic origin (single race),5,Female: Not Hispanic or Latino: White,5.8,2018,20,All ages,1.1,1.0,NULL
Drug overdose death rates,Drug overdose deaths involving methadone,3,"Deaths per 100,000 resident population, age-adjusted",1,Sex and race and Hispanic origin (single race),5,Female: Not Hispanic or Latino: Black,5.9,2018,20,All ages,1.1,0.6,NULL
Drug overdose death rates,Drug overdose deaths involving methadone,3,"Deaths per 100,000 resident population, age-adjusted",1,Sex and race and Hispanic origin (single race),5,Female: Not Hispanic or Latino: American Indian or Alaska Native,5.91,2018,20,All ages,1.1,NULL,*
Drug overdose death rates,Drug overdose deaths involving methadone,3,"Deaths per 100,000 resident population, age-adjusted",1,Sex and race and Hispanic origin (single race),5,Female: Not Hispanic or Latino: Asian,5.92,2018,20,All ages,1.1,NULL,*
Drug overdose death rates,Drug overdose deaths involving methadone,3,"Deaths per 100,000 resident population, age-adjusted",1,Sex and race and Hispanic origin (single race),5,Female: Not Hispanic or Latino: Native Hawaiian or Other Pacific Islander,5.93,2018,20,All ages,1.1,NULL,*
Drug overdose death rates,Drug overdose deaths involving methadone,3,"Deaths per 100,000 resident population, crude",2,Total,0,All persons,0.1,2018,20,All ages,11.,0.9,NULL
Drug overdose death rates,Drug overdose deaths involving methadone,3,"Deaths per 100,000 resident population, crude",2,Age,1,Under 15 years,1.1,2018,20,Under 15 years,1.2,NULL,*
Drug overdose death rates,Drug overdose deaths involving methadone,3,"Deaths per 100,000 resident population, crude",2,Age,1,15-24 years,1.2,2018,20,15-24 years,1.3,0.3,NULL
Drug overdose death rates,Drug overdose deaths involving methadone,3,"Deaths per 100,000 resident population, crude",2,Age,1,25-34 years,1.3,2018,20,25-34 years,1.4,1.3,NULL
Drug overdose death rates,Drug overdose deaths involving methadone,3,"Deaths per 100,000 resident population, crude",2,Age,1,35-44 years,1.4,2018,20,35-44 years,1.5,1.8,NULL
Drug overdose death rates,Drug overdose deaths involving methadone,3,"Deaths per 100,000 resident population, crude",2,Age,1,45-54 years,1.5,2018,20,45-54 years,1.6,1.7,NULL
Drug overdose death rates,Drug overdose deaths involving methadone,3,"Deaths per 100,000 resident population, crude",2,Age,1,55-64 years,1.6,2018,20,55-64 years,1.7,1.6,NULL
Drug overdose death rates,Drug overdose deaths involving methadone,3,"Deaths per 100,000 resident population, crude",2,Age,1,65-74 years,1.7,2018,20,65-74 years,1.8,0.6,NULL
Drug overdose death rates,Drug overdose deaths involving methadone,3,"Deaths per 100,000 resident population, crude",2,Age,1,75-84 years,1.8,2018,20,75-84 years,1.9,NULL,*
Drug overdose death rates,Drug overdose deaths involving methadone,3,"Deaths per 100,000 resident population, crude",2,Age,1,85 years and over,1.9,2018,20,85 years and over,1.91,NULL,*
Drug overdose death rates,Drug overdose deaths involving methadone,3,"Deaths per 100,000 resident population, crude",2,Sex,2,Male,2.1,2018,20,All ages,1.1,1.1,NULL
Drug overdose death rates,Drug overdose deaths involving methadone,3,"Deaths per 100,000 resident population, crude",2,Sex,2,Female,2.2,2018,20,All ages,1.1,0.8,NULL
Drug overdose death rates,Drug overdose deaths involving methadone,3,"Deaths per 100,000 resident population, crude",2,Sex and age,3,Male: Under 15 years,3.11,2018,20,Under 15 years,1.2,NULL,*
Drug overdose death rates,Drug overdose deaths involving methadone,3,"Deaths per 100,000 resident population, crude",2,Sex and age,3,Male: 15-24 years,3.12,2018,20,15-24 years,1.3,0.4,NULL
Drug overdose death rates,Drug overdose deaths involving methadone,3,"Deaths per 100,000 resident population, crude",2,Sex and age,3,Male: 25-34 years,3.13,2018,20,25-34 years,1.4,1.5,NULL
Drug overdose death rates,Drug overdose deaths involving methadone,3,"Deaths per 100,000 resident population, crude",2,Sex and age,3,Male: 35-44 years,3.14,2018,20,35-44 years,1.5,2.1,NULL
Drug overdose death rates,Drug overdose deaths involving methadone,3,"Deaths per 100,000 resident population, crude",2,Sex and age,3,Male: 45-54 years,3.15,2018,20,45-54 years,1.6,1.9,NULL
Drug overdose death rates,Drug overdose deaths involving methadone,3,"Deaths per 100,000 resident population, crude",2,Sex and age,3,Male: 55-64 years,3.16,2018,20,55-64 years,1.7,1.8,NULL
Drug overdose death rates,Drug overdose deaths involving methadone,3,"Deaths per 100,000 resident population, crude",2,Sex and age,3,Male: 65-74 years,3.17,2018,20,65-74 years,1.8,0.9,NULL
Drug overdose death rates,Drug overdose deaths involving methadone,3,"Deaths per 100,000 resident population, crude",2,Sex and age,3,Male: 75-84 years,3.18,2018,20,75-84 years,1.9,NULL,*
Drug overdose death rates,Drug overdose deaths involving methadone,3,"Deaths per 100,000 resident population, crude",2,Sex and age,3,Male: 85 years and over,3.19,2018,20,85 years and over,1.91,NULL,*
Drug overdose death rates,Drug overdose deaths involving methadone,3,"Deaths per 100,000 resident population, crude",2,Sex and age,3,Female: Under 15 years,3.21,2018,20,Under 15 years,1.2,NULL,*
Drug overdose death rates,Drug overdose deaths involving methadone,3,"Deaths per 100,000 resident population, crude",2,Sex and age,3,Female: 15-24 years,3.22,2018,20,15-24 years,1.3,0.2,NULL
Drug overdose death rates,Drug overdose deaths involving methadone,3,"Deaths per 100,000 resident population, crude",2,Sex and age,3,Female: 25-34 years,3.23,2018,20,25-34 years,1.4,1.0,NULL
Drug overdose death rates,Drug overdose deaths involving methadone,3,"Deaths per 100,000 resident population, crude",2,Sex and age,3,Female: 35-44 years,3.24,2018,20,35-44 years,1.5,1.4,NULL
Drug overdose death rates,Drug overdose deaths involving methadone,3,"Deaths per 100,000 resident population, crude",2,Sex and age,3,Female: 45-54 years,3.25,2018,20,45-54 years,1.6,1.6,NULL
Drug overdose death rates,Drug overdose deaths involving methadone,3,"Deaths per 100,000 resident population, crude",2,Sex and age,3,Female: 55-64 years,3.26,2018,20,55-64 years,1.7,1.4,NULL
Drug overdose death rates,Drug overdose deaths involving methadone,3,"Deaths per 100,000 resident population, crude",2,Sex and age,3,Female: 65-74 years,3.27,2018,20,65-74 years,1.8,0.3,NULL
Drug overdose death rates,Drug overdose deaths involving methadone,3,"Deaths per 100,000 resident population, crude",2,Sex and age,3,Female: 75-84 years,3.28,2018,20,75-84 years,1.9,NULL,*
Drug overdose death rates,Drug overdose deaths involving methadone,3,"Deaths per 100,000 resident population, crude",2,Sex and age,3,Female: 85 years and over,3.29,2018,20,85 years and over,1.91,NULL,*
Drug overdose death rates,Drug overdose deaths involving other synthetic opioids (other than methadone),4,"Deaths per 100,000 resident population, age-adjusted",1,Total,0,All persons,0.1,2018,20,All ages,1.1,9.9,NULL
Drug overdose death rates,Drug overdose deaths involving other synthetic opioids (other than methadone),4,"Deaths per 100,000 resident population, age-adjusted",1,Sex,2,Male,2.1,2018,20,All ages,1.1,14.2,NULL
Drug overdose death rates,Drug overdose deaths involving other synthetic opioids (other than methadone),4,"Deaths per 100,000 resident population, age-adjusted",1,Sex,2,Female,2.2,2018,20,All ages,1.1,5.5,NULL
Drug overdose death rates,Drug overdose deaths involving other synthetic opioids (other than methadone),4,"Deaths per 100,000 resident population, age-adjusted",1,Sex and race (single race),4,Male: White,4.1,2018,20,All ages,1.1,15.5,NULL
Drug overdose death rates,Drug overdose deaths involving other synthetic opioids (other than methadone),4,"Deaths per 100,000 resident population, age-adjusted",1,Sex and race (single race),4,Male: Black or African American,4.2,2018,20,All ages,1.1,17.1,NULL
Drug overdose death rates,Drug overdose deaths involving other synthetic opioids (other than methadone),4,"Deaths per 100,000 resident population, age-adjusted",1,Sex and race (single race),4,Male: American Indian or Alaska Native,4.3,2018,20,All ages,1.1,5.5,NULL
Drug overdose death rates,Drug overdose deaths involving other synthetic opioids (other than methadone),4,"Deaths per 100,000 resident population, age-adjusted",1,Sex and race (single race),4,Female: White,4.4,2018,20,All ages,1.1,6.3,NULL
Drug overdose death rates,Drug overdose deaths involving other synthetic opioids (other than methadone),4,"Deaths per 100,000 resident population, age-adjusted",1,Sex and race (single race),4,Female: Black or African American,4.5,2018,20,All ages,1.1,5.3,NULL
Drug overdose death rates,Drug overdose deaths involving other synthetic opioids (other than methadone),4,"Deaths per 100,000 resident population, age-adjusted",1,Sex and race (single race),4,Female: American Indian or Alaska Native,4.6,2018,20,All ages,1.1,3.2,NULL
Drug overdose death rates,Drug overdose deaths involving other synthetic opioids (other than methadone),4,"Deaths per 100,000 resident population, age-adjusted",1,Sex and race and Hispanic origin (single race),5,Male: Hispanic or Latino: All races,5.1,2018,20,All ages,1.1,7.5,NULL
Drug overdose death rates,Drug overdose deaths involving other synthetic opioids (other than methadone),4,"Deaths per 100,000 resident population, age-adjusted",1,Sex and race and Hispanic origin (single race),5,Male: Not Hispanic or Latino: White,5.2,2018,20,All ages,1.1,17.9,NULL
Drug overdose death rates,Drug overdose deaths involving other synthetic opioids (other than methadone),4,"Deaths per 100,000 resident population, age-adjusted",1,Sex and race and Hispanic origin (single race),5,Male: Not Hispanic or Latino: Black,5.3,2018,20,All ages,1.1,17.6,NULL
Drug overdose death rates,Drug overdose deaths involving other synthetic opioids (other than methadone),4,"Deaths per 100,000 resident population, age-adjusted",1,Sex and race and Hispanic origin (single race),5,Male: Not Hispanic or Latino: American Indian or Alaska Native,5.4,2018,20,All ages,1.1,9.0,NULL
Drug overdose death rates,Drug overdose deaths involving other synthetic opioids (other than methadone),4,"Deaths per 100,000 resident population, age-adjusted",1,Sex and race and Hispanic origin (single race),5,Male: Not Hispanic or Latino: Asian,5.5,2018,20,All ages,1.1,1.5,NULL
Drug overdose death rates,Drug overdose deaths involving other synthetic opioids (other than methadone),4,"Deaths per 100,000 resident population, age-adjusted",1,Sex and race and Hispanic origin (single race),5,Male: Not Hispanic or Latino: Native Hawaiian or Other Pacific Islander,5.6,2018,20,All ages,1.1,NULL,*
Drug overdose death rates,Drug overdose deaths involving other synthetic opioids (other than methadone),4,"Deaths per 100,000 resident population, age-adjusted",1,Sex and race and Hispanic origin (single race),5,Female: Hispanic or Latino: All races,5.7,2018,20,All ages,1.1,1.9,NULL
Drug overdose death rates,Drug overdose deaths involving other synthetic opioids (other than methadone),4,"Deaths per 100,000 resident population, age-adjusted",1,Sex and race and Hispanic origin (single race),5,Female: Not Hispanic or Latino: White,5.8,2018,20,All ages,1.1,7.5,NULL
Drug overdose death rates,Drug overdose deaths involving other synthetic opioids (other than methadone),4,"Deaths per 100,000 resident population, age-adjusted",1,Sex and race and Hispanic origin (single race),5,Female: Not Hispanic or Latino: Black,5.9,2018,20,All ages,1.1,5.5,NULL
Drug overdose death rates,Drug overdose deaths involving other synthetic opioids (other than methadone),4,"Deaths per 100,000 resident population, age-adjusted",1,Sex and race and Hispanic origin (single race),5,Female: Not Hispanic or Latino: American Indian or Alaska Native,5.91,2018,20,All ages,1.1,5.0,NULL
Drug overdose death rates,Drug overdose deaths involving other synthetic opioids (other than methadone),4,"Deaths per 100,000 resident population, age-adjusted",1,Sex and race and Hispanic origin (single race),5,Female: Not Hispanic or Latino: Asian,5.92,2018,20,All ages,1.1,0.4,NULL
Drug overdose death rates,Drug overdose deaths involving other synthetic opioids (other than methadone),4,"Deaths per 100,000 resident population, age-adjusted",1,Sex and race and Hispanic origin (single race),5,Female: Not Hispanic or Latino: Native Hawaiian or Other Pacific Islander,5.93,2018,20,All ages,1.1,NULL,*
Drug overdose death rates,Drug overdose deaths involving other synthetic opioids (other than methadone),4,"Deaths per 100,000 resident population, crude",2,Total,0,All persons,0.1,2018,20,All ages,1.1,9.6,NULL
Drug overdose death rates,Drug overdose deaths involving other synthetic opioids (other than methadone),4,"Deaths per 100,000 resident population, crude",2,Age,1,Under 15 years,1.1,2018,20,Under 15 years,1.2,0.0,NULL
Drug overdose death rates,Drug overdose deaths involving other synthetic opioids (other than methadone),4,"Deaths per 100,000 resident population, crude",2,Age,1,15-24 years,1.2,2018,20,152-4 years,1.3,6.1,NULL
Drug overdose death rates,Drug overdose deaths involving other synthetic opioids (other than methadone),4,"Deaths per 100,000 resident population, crude",2,Age,1,25-34 years,1.3,2018,20,25-34 years,1.4,20.9,NULL
Drug overdose death rates,Drug overdose deaths involving other synthetic opioids (other than methadone),4,"Deaths per 100,000 resident population, crude",2,Age,1,35-44 years,1.4,2018,20,35-44 years,1.5,19.6,NULL
Drug overdose death rates,Drug overdose deaths involving other synthetic opioids (other than methadone),4,"Deaths per 100,000 resident population, crude",2,Age,1,45-54 years,1.5,2018,20,45-54 years,1.6,14.7,NULL
Drug overdose death rates,Drug overdose deaths involving other synthetic opioids (other than methadone),4,"Deaths per 100,000 resident population, crude",2,Age,1,55-64 years,1.6,2018,20,55-64 years,1.7,9.5,NULL
Drug overdose death rates,Drug overdose deaths involving other synthetic opioids (other than methadone),4,"Deaths per 100,000 resident population, crude",2,Age,1,65-74 years,1.7,2018,20,65-74 years,1.8,2.6,NULL
Drug overdose death rates,Drug overdose deaths involving other synthetic opioids (other than methadone),4,"Deaths per 100,000 resident population, crude",2,Age,1,75-84 years,1.8,2018,20,75-84 years,1.9,0.4,NULL
Drug overdose death rates,Drug overdose deaths involving other synthetic opioids (other than methadone),4,"Deaths per 100,000 resident population, crude",2,Age,1,85 years and over,1.9,2018,20,85 years and over,1.91,NULL,*
Drug overdose death rates,Drug overdose deaths involving other synthetic opioids (other than methadone),4,"Deaths per 100,000 resident population, crude",2,Sex,2,Male,2.1,2018,20,All ages,1.1,14.0,NULL
Drug overdose death rates,Drug overdose deaths involving other synthetic opioids (other than methadone),4,"Deaths per 100,000 resident population, crude",2,Sex,2,Female,2.2,2018,20,All ages,1.1,5.3,NULL
Drug overdose death rates,Drug overdose deaths involving other synthetic opioids (other than methadone),4,"Deaths per 100,000 resident population, crude",2,Sex and age,3,Male: Under 15 years,3.11,2018,20,Under 15 years,1.2,NULL,*
Drug overdose death rates,Drug overdose deaths involving other synthetic opioids (other than methadone),4,"Deaths per 100,000 resident population, crude",2,Sex and age,3,Male: 15-24 years,3.12,2018,20,15-24 years,1.3,8.4,NULL
Drug overdose death rates,Drug overdose deaths involving other synthetic opioids (other than methadone),4,"Deaths per 100,000 resident population, crude",2,Sex and age,3,Male: 25-34 years,3.13,2018,20,25-34 years,1.4,29.8,NULL
Drug overdose death rates,Drug overdose deaths involving other synthetic opioids (other than methadone),4,"Deaths per 100,000 resident population, crude",2,Sex and age,3,Male: 35-44 years,3.14,2018,20,35-44 years,1.5,28.6,NULL
Drug overdose death rates,Drug overdose deaths involving other synthetic opioids (other than methadone),4,"Deaths per 100,000 resident population, crude",2,Sex and age,3,Male: 45-54 years,3.15,2018,20,45-54 years,1.6,21.2,NULL
Drug overdose death rates,Drug overdose deaths involving other synthetic opioids (other than methadone),4,"Deaths per 100,000 resident population, crude",2,Sex and age,3,Male: 55-64 years,3.16,2018,20,55-64 years,1.7,13.9,NULL
Drug overdose death rates,Drug overdose deaths involving other synthetic opioids (other than methadone),4,"Deaths per 100,000 resident population, crude",2,Sex and age,3,Male: 65-74 years,3.17,2018,20,65-74 years,1.8,4.3,NULL
Drug overdose death rates,Drug overdose deaths involving other synthetic opioids (other than methadone),4,"Deaths per 100,000 resident population, crude",2,Sex and age,3,Male: 75-84 years,3.18,2018,20,75-84 years,1.9,0.6,NULL
Drug overdose death rates,Drug overdose deaths involving other synthetic opioids (other than methadone),4,"Deaths per 100,000 resident population, crude",2,Sex and age,3,Male: 85 years and over,3.19,2018,20,85 years and over,1.91,NULL,*
Drug overdose death rates,Drug overdose deaths involving other synthetic opioids (other than methadone),4,"Deaths per 100,000 resident population, crude",2,Sex and age,3,Female: Under 15 years,3.21,2018,20,Under 15 years,1.2,NULL,*
Drug overdose death rates,Drug overdose deaths involving other synthetic opioids (other than methadone),4,"Deaths per 100,000 resident population, crude",2,Sex and age,3,Female: 15-24 years,3.22,2018,20,15-24 years,1.3,3.8,NULL
Drug overdose death rates,Drug overdose deaths involving other synthetic opioids (other than methadone),4,"Deaths per 100,000 resident population, crude",2,Sex and age,3,Female: 25-34 years,3.23,2018,20,25-34 years,1.4,11.8,NULL
Drug overdose death rates,Drug overdose deaths involving other synthetic opioids (other than methadone),4,"Deaths per 100,000 resident population, crude",2,Sex and age,3,Female: 35-44 years,3.24,2018,20,35-44 years,1.5,10.5,NULL
Drug overdose death rates,Drug overdose deaths involving other synthetic opioids (other than methadone),4,"Deaths per 100,000 resident population, crude",2,Sex and age,3,Female: 45-54 years,3.25,2018,20,45-54 years,1.6,8.4,NULL
Drug overdose death rates,Drug overdose deaths involving other synthetic opioids (other than methadone),4,"Deaths per 100,000 resident population, crude",2,Sex and age,3,Female: 55-64 years,3.26,2018,20,55-64 years,1.7,5.4,NULL
Drug overdose death rates,Drug overdose deaths involving other synthetic opioids (other than methadone),4,"Deaths per 100,000 resident population, crude",2,Sex and age,3,Female: 65-74 years,3.27,2018,20,65-74 years,1.8,1.1,NULL
Drug overdose death rates,Drug overdose deaths involving other synthetic opioids (other than methadone),4,"Deaths per 100,000 resident population, crude",2,Sex and age,3,Female: 75-84 years,3.28,2018,20,75-84 years,1.9,0.3,NULL
Drug overdose death rates,Drug overdose deaths involving other synthetic opioids (other than methadone),4,"Deaths per 100,000 resident population, crude",2,Sex and age,3,Female: 85 years and over,3.29,2018,20,85 years and over,1.91,NULL,*
Drug overdose death rates,Drug overdose deaths involving heroin,5,"Deaths per 100,000 resident population, age-adjusted",1,Total,0,All persons,0.1,2018,20,All ages,1.1,4.7,NULL
Drug overdose death rates,Drug overdose deaths involving heroin,5,"Deaths per 100,000 resident population, age-adjusted",1,Sex,2,Male,2.1,2018,20,All ages,1.1,7.1,NULL
Drug overdose death rates,Drug overdose deaths involving heroin,5,"Deaths per 100,000 resident population, age-adjusted",1,Sex,2,Female,2.2,2018,20,All ages,1.1,2.3,NULL
Drug overdose death rates,Drug overdose deaths involving heroin,5,"Deaths per 100,000 resident population, age-adjusted",1,Sex and race (single race),4,Male: White,4.1,2018,20,All ages,1.1,7.8,NULL
Drug overdose death rates,Drug overdose deaths involving heroin,5,"Deaths per 100,000 resident population, age-adjusted",1,Sex and race (single race),4,Male: Black or African American,4.2,2018,20,All ages,1.1,7.8,NULL
Drug overdose death rates,Drug overdose deaths involving heroin,5,"Deaths per 100,000 resident population, age-adjusted",1,Sex and race (single race),4,Male: American Indian or Alaska Native,4.3,2018,20,All ages,1.1,4.3,NULL
Drug overdose death rates,Drug overdose deaths involving heroin,5,"Deaths per 100,000 resident population, age-adjusted",1,Sex and race (single race),4,Female: White,4.4,2018,20,All ages,1.1,2.6,NULL
Drug overdose death rates,Drug overdose deaths involving heroin,5,"Deaths per 100,000 resident population, age-adjusted",1,Sex and race (single race),4,Female: Black or African American,4.5,2018,20,All ages,1.1,2.3,NULL
Drug overdose death rates,Drug overdose deaths involving heroin,5,"Deaths per 100,000 resident population, age-adjusted",1,Sex and race (single race),4,Female: American Indian or Alaska Native,4.6,2018,20,All ages,1.1,1.8,NULL
Drug overdose death rates,Drug overdose deaths involving heroin,5,"Deaths per 100,000 resident population, age-adjusted",1,Sex and race and Hispanic origin (single race),5,Male: Hispanic or Latino: All races,5.1,2018,20,All ages,1.1,4.9,NULL
Drug overdose death rates,Drug overdose deaths involving heroin,5,"Deaths per 100,000 resident population, age-adjusted",1,Sex and race and Hispanic origin (single race),5,Male: Not Hispanic or Latino: White,5.2,2018,20,All ages,1.1,8.7,NULL
Drug overdose death rates,Drug overdose deaths involving heroin,5,"Deaths per 100,000 resident population, age-adjusted",1,Sex and race and Hispanic origin (single race),5,Male: Not Hispanic or Latino: Black,5.3,2018,20,All ages,1.1,7.9,NULL
Drug overdose death rates,Drug overdose deaths involving heroin,5,"Deaths per 100,000 resident population, age-adjusted",1,Sex and race and Hispanic origin (single race),5,Male: Not Hispanic or Latino: American Indian or Alaska Native,5.4,2018,20,All ages,1.1,7.0,NULL
Drug overdose death rates,Drug overdose deaths involving heroin,5,"Deaths per 100,000 resident population, age-adjusted",1,Sex and race and Hispanic origin (single race),5,Male: Not Hispanic or Latino: Asian,5.5,2018,20,All ages,1.1,0.5,NULL
Drug overdose death rates,Drug overdose deaths involving heroin,5,"Deaths per 100,000 resident population, age-adjusted",1,Sex and race and Hispanic origin (single race),5,Male: Not Hispanic or Latino: Native Hawaiian or Other Pacific Islander,5.6,2018,20,All ages,1.1,NULL,*
Drug overdose death rates,Drug overdose deaths involving heroin,5,"Deaths per 100,000 resident population, age-adjusted",1,Sex and race and Hispanic origin (single race),5,Female: Hispanic or Latino: All races,5.7,2018,20,All ages,1.1,1.1,NULL
Drug overdose death rates,Drug overdose deaths involving heroin,5,"Deaths per 100,000 resident population, age-adjusted",1,Sex and race and Hispanic origin (single race),5,Female: Not Hispanic or Latino: White,5.8,2018,20,All ages,1.1,3.0,NULL
Drug overdose death rates,Drug overdose deaths involving heroin,5,"Deaths per 100,000 resident population, age-adjusted",1,Sex and race and Hispanic origin (single race),5,Female: Not Hispanic or Latino: Black,5.9,2018,20,All ages,1.1,2.4,NULL
Drug overdose death rates,Drug overdose deaths involving heroin,5,"Deaths per 100,000 resident population, age-adjusted",1,Sex and race and Hispanic origin (single race),5,Female: Not Hispanic or Latino: American Indian or Alaska Native,5.91,2018,20,All ages,1.1,2.7,NULL
Drug overdose death rates,Drug overdose deaths involving heroin,5,"Deaths per 100,000 resident population, age-adjusted",1,Sex and race and Hispanic origin (single race),5,Female: Not Hispanic or Latino: Asian,5.92,2018,20,All ages,1.1,NULL,*
Drug overdose death rates,Drug overdose deaths involving heroin,5,"Deaths per 100,000 resident population, age-adjusted",1,Sex and race and Hispanic origin (single race),5,Female: Not Hispanic or Latino: Native Hawaiian or Other Pacific Islander,5.93,2018,20,All ages,1.1,NULL,*
Drug overdose death rates,Drug overdose deaths involving heroin,5,"Deaths per 100,000 resident population, crude",2,Total,,All persons,0.1,2018,20,All ages,1.h1,4.6,NULL
Drug overdose death rates,Drug overdose deaths involving heroin,5,"Deaths per 100,000 resident population, crude",2,Age,1,Under 15 years,1.1,2018,20,Under 15 years,1.2,NULL,*
Drug overdose death rates,Drug overdose deaths involving heroin,5,"Deaths per 100,000 resident population, crude",2,Age,1,15-24 years,1.2,2018,20,15-24 years,1.3,2.7,NULL
Drug overdose death rates,Drug overdose deaths involving heroin,5,"Deaths per 100,000 resident population, crude",2,Age,1,25-34 years,1.3,2018,20,25-34 years,1.4,10.2,NULL
Drug overdose death rates,Drug overdose deaths involving heroin,5,"Deaths per 100,000 resident population, crude",2,Age,1,35-44 years,1.4,2018,20,35-44 years,1.5,9.1,NULL
Drug overdose death rates,Drug overdose deaths involving heroin,5,"Deaths per 100,000 resident population, crude",2,Age,1,45-54 years,1.5,2018,20,45-54 years,1.6,7.0,NULL
Drug overdose death rates,Drug overdose deaths involving heroin,5,"Deaths per 100,000 resident population, crude",2,Age,1,55-64 years,1.6,2018,20,55-64 years,1.7,4.9,NULL
Drug overdose death rates,Drug overdose deaths involving heroin,5,"Deaths per 100,000 resident population, crude",2,Age,1,65-74 years,1.7,2018,20,65-74 years,1.8,1.4,NULL
Drug overdose death rates,Drug overdose deaths involving heroin,5,"Deaths per 100,000 resident population, crude",2,Age,1,75-84 years,1.8,2018,20,75-84 years,1.9,NULL,*
Drug overdose death rates,Drug overdose deaths involving heroin,5,"Deaths per 100,000 resident population, crude",2,Age,1,85 years and over,1.9,2018,20,85 years and over,1.91,NULL,*
Drug overdose death rates,Drug overdose deaths involving heroin,5,"Deaths per 100,000 resident population, crude",2,Sex,2,Male,2.1,2018,20,All ages,1.1,7.0,NULL
Drug overdose death rates,Drug overdose deaths involving heroin,5,"Deaths per 100,000 resident population, crude",2,Sex,2,Female,2.2,2018,20,All ages,1.1,2.2,NULL
Drug overdose death rates,Drug overdose deaths involving heroin,5,"Deaths per 100,000 resident population, crude",2,Sex and age,3,Male: Under 15 years,3.11,2018,20,Under 15 years,1.2,NULL,*
Drug overdose death rates,Drug overdose deaths involving heroin,5,"Deaths per 100,000 resident population, crude",2,Sex and age,3,Male: 15-24 years,3.12,2018,20,15-24 years,1.3,3.7,NULL
Drug overdose death rates,Drug overdose deaths involving heroin,5,"Deaths per 100,000 resident population, crude",2,Sex and age,3,Male: 25-34 years,3.13,2018,20,25-34 years,1.4,15.0,NULL
Drug overdose death rates,Drug overdose deaths involving heroin,5,"Deaths per 100,000 resident population, crude",2,Sex and age,3,Male: 35-44 years,3.14,2018,20,35-44 years,1.5,13.7,NULL
Drug overdose death rates,Drug overdose deaths involving heroin,5,"Deaths per 100,000 resident population, crude",2,Sex and age,3,Male: 45-54 years,3.15,2018,20,45-54 years,1.6,10.7,NULL
Drug overdose death rates,Drug overdose deaths involving heroin,5,"Deaths per 100,000 resident population, crude",2,Sex and age,3,Male: 55-64 years,3.16,2018,20,55-64 years,1.7,7.7,NULL
Drug overdose death rates,Drug overdose deaths involving heroin,5,"Deaths per 100,000 resident population, crude",2,Sex and age,3,Male: 65-74 years,3.17,2018,20,65-74 years,1.8,2.6,NULL
Drug overdose death rates,Drug overdose deaths involving heroin,5,"Deaths per 100,000 resident population, crude",2,Sex and age,3,Male: 75-84 years,3.18,2018,20,75-84 years,1.9,NULL,*
Drug overdose death rates,Drug overdose deaths involving heroin,5,"Deaths per 100,000 resident population, crude",2,Sex and age,3,Male: 85 years and over,3.19,2018,20,85 years and over,1.91,NULL,*
Drug overdose death rates,Drug overdose deaths involving heroin,5,"Deaths per 100,000 resident population, crude",2,Sex and age,3,Female: Under 15 years,3.21,2018,20,Under 15 years,1.2,NULL,*
Drug overdose death rates,Drug overdose deaths involving heroin,5,"Deaths per 100,000 resident population, crude",2,Sex and age,3,Female: 15-24 years,3.22,2018,20,15-24 years,1.3,1.6,NULL
Drug overdose death rates,Drug overdose deaths involving heroin,5,"Deaths per 100,000 resident population, crude",2,Sex and age,3,Female: 25-34 years,3.23,2018,20,25-34 years,1.4,5.2,NULL
Drug overdose death rates,Drug overdose deaths involving heroin,5,"Deaths per 100,000 resident population, crude",2,Sex and age,3,Female: 35-44 years,3.24,2018,20,35-44 years,1.5,4.4,NULL
Drug overdose death rates,Drug overdose deaths involving heroin,5,"Deaths per 100,000 resident population, crude",2,Sex and age,3,Female: 45-54 years,3.25,2018,20,45-54 years,1.6,3.4,NULL
Drug overdose death rates,Drug overdose deaths involving heroin,5,"Deaths per 100,000 resident population, crude",2,Sex and age,3,Female: 55-64 years,3.26,2018,20,55-64 years,1.7,2.3,NULL
Drug overdose death rates,Drug overdose deaths involving heroin,5,"Deaths per 100,000 resident population, crude",2,Sex and age,3,Female: 65-74 years,3.27,2018,20,65-74 years,1.8,0.4,NULL
Drug overdose death rates,Drug overdose deaths involving heroin,5,"Deaths per 100,000 resident population, crude",2,Sex and age,3,Female: 75-84 years,3.28,2018,20,75-84 years,1.9,NULL,*
Drug overdose death rates,Drug overdose deaths involving heroin,5,"Deaths per 100,000 resident population, crude",2,Sex and age,3,Female: 85 years and over,3.29,2018,20,85 years and over,1.91,NULL,*
